171
4 1
-17.012 -78.012
-7.012 -78.012
-7.012 -68.012
-17.012 -68.012
4 1
2.988 -78.012
12.988 -78.012
12.988 -68.012
2.988 -68.012
4 1
22.988 -78.012
32.988 -78.012
32.988 -68.012
22.988 -68.012
4 1
42.988 -78.012
52.988 -78.012
52.988 -68.012
42.988 -68.012
4 1
62.988 -78.012
72.988 -78.012
72.988 -68.012
62.988 -68.012
4 1
82.988 -78.012
92.988 -78.012
92.988 -68.012
82.988 -68.012
4 1
102.988 -78.012
112.988 -78.012
112.988 -68.012
102.988 -68.012
4 1
122.988 -78.012
132.988 -78.012
132.988 -68.012
122.988 -68.012
4 1
142.988 -78.012
152.988 -78.012
152.988 -68.012
142.988 -68.012
4 1
162.988 -78.012
172.988 -78.012
172.988 -68.012
162.988 -68.012
4 1
182.988 -78.012
192.988 -78.012
192.988 -68.012
182.988 -68.012
4 1
202.988 -78.012
212.988 -78.012
212.988 -68.012
202.988 -68.012
4 1
222.988 -78.012
232.988 -78.012
232.988 -68.012
222.988 -68.012
4 1
242.988 -78.012
252.988 -78.012
252.988 -68.012
242.988 -68.012
4 1
262.988 -78.012
272.988 -78.012
272.988 -68.012
262.988 -68.012
4 1
282.988 -78.012
292.988 -78.012
292.988 -68.012
282.988 -68.012
4 1
302.988 -78.012
312.988 -78.012
312.988 -68.012
302.988 -68.012
4 1
322.988 -78.012
332.988 -78.012
332.988 -68.012
322.988 -68.012
4 1
342.988 -78.012
352.988 -78.012
352.988 -68.012
342.988 -68.012
4 1
-17.012 -58.012
-7.012 -58.012
-7.012 -48.012
-17.012 -48.012
4 1
2.988 -58.012
12.988 -58.012
12.988 -48.012
2.988 -48.012
4 1
22.988 -58.012
32.988 -58.012
32.988 -48.012
22.988 -48.012
4 1
42.988 -58.012
52.988 -58.012
52.988 -48.012
42.988 -48.012
4 1
62.988 -58.012
72.988 -58.012
72.988 -48.012
62.988 -48.012
4 1
82.988 -58.012
92.988 -58.012
92.988 -48.012
82.988 -48.012
4 1
102.988 -58.012
112.988 -58.012
112.988 -48.012
102.988 -48.012
4 1
122.988 -58.012
132.988 -58.012
132.988 -48.012
122.988 -48.012
4 1
142.988 -58.012
152.988 -58.012
152.988 -48.012
142.988 -48.012
4 1
162.988 -58.012
172.988 -58.012
172.988 -48.012
162.988 -48.012
4 1
182.988 -58.012
192.988 -58.012
192.988 -48.012
182.988 -48.012
4 1
202.988 -58.012
212.988 -58.012
212.988 -48.012
202.988 -48.012
4 1
222.988 -58.012
232.988 -58.012
232.988 -48.012
222.988 -48.012
4 1
242.988 -58.012
252.988 -58.012
252.988 -48.012
242.988 -48.012
4 1
262.988 -58.012
272.988 -58.012
272.988 -48.012
262.988 -48.012
4 1
282.988 -58.012
292.988 -58.012
292.988 -48.012
282.988 -48.012
4 1
302.988 -58.012
312.988 -58.012
312.988 -48.012
302.988 -48.012
4 1
322.988 -58.012
332.988 -58.012
332.988 -48.012
322.988 -48.012
4 1
342.988 -58.012
352.988 -58.012
352.988 -48.012
342.988 -48.012
4 1
-17.012 -38.012
-7.012 -38.012
-7.012 -28.012
-17.012 -28.012
4 1
2.988 -38.012
12.988 -38.012
12.988 -28.012
2.988 -28.012
4 1
22.988 -38.012
32.988 -38.012
32.988 -28.012
22.988 -28.012
4 1
42.988 -38.012
52.988 -38.012
52.988 -28.012
42.988 -28.012
4 1
62.988 -38.012
72.988 -38.012
72.988 -28.012
62.988 -28.012
4 1
82.988 -38.012
92.988 -38.012
92.988 -28.012
82.988 -28.012
4 1
102.988 -38.012
112.988 -38.012
112.988 -28.012
102.988 -28.012
4 1
122.988 -38.012
132.988 -38.012
132.988 -28.012
122.988 -28.012
4 1
142.988 -38.012
152.988 -38.012
152.988 -28.012
142.988 -28.012
4 1
162.988 -38.012
172.988 -38.012
172.988 -28.012
162.988 -28.012
4 1
182.988 -38.012
192.988 -38.012
192.988 -28.012
182.988 -28.012
4 1
202.988 -38.012
212.988 -38.012
212.988 -28.012
202.988 -28.012
4 1
222.988 -38.012
232.988 -38.012
232.988 -28.012
222.988 -28.012
4 1
242.988 -38.012
252.988 -38.012
252.988 -28.012
242.988 -28.012
4 1
262.988 -38.012
272.988 -38.012
272.988 -28.012
262.988 -28.012
4 1
282.988 -38.012
292.988 -38.012
292.988 -28.012
282.988 -28.012
4 1
302.988 -38.012
312.988 -38.012
312.988 -28.012
302.988 -28.012
4 1
322.988 -38.012
332.988 -38.012
332.988 -28.012
322.988 -28.012
4 1
342.988 -38.012
352.988 -38.012
352.988 -28.012
342.988 -28.012
4 1
-17.012 -18.012
-7.012 -18.012
-7.012 -8.012
-17.012 -8.012
4 1
2.988 -18.012
12.988 -18.012
12.988 -8.012
2.988 -8.012
4 1
22.988 -18.012
32.988 -18.012
32.988 -8.012
22.988 -8.012
4 1
42.988 -18.012
52.988 -18.012
52.988 -8.012
42.988 -8.012
4 1
62.988 -18.012
72.988 -18.012
72.988 -8.012
62.988 -8.012
4 1
82.988 -18.012
92.988 -18.012
92.988 -8.012
82.988 -8.012
4 1
102.988 -18.012
112.988 -18.012
112.988 -8.012
102.988 -8.012
4 1
122.988 -18.012
132.988 -18.012
132.988 -8.012
122.988 -8.012
4 1
142.988 -18.012
152.988 -18.012
152.988 -8.012
142.988 -8.012
4 1
162.988 -18.012
172.988 -18.012
172.988 -8.012
162.988 -8.012
4 1
182.988 -18.012
192.988 -18.012
192.988 -8.012
182.988 -8.012
4 1
202.988 -18.012
212.988 -18.012
212.988 -8.012
202.988 -8.012
4 1
222.988 -18.012
232.988 -18.012
232.988 -8.012
222.988 -8.012
4 1
242.988 -18.012
252.988 -18.012
252.988 -8.012
242.988 -8.012
4 1
262.988 -18.012
272.988 -18.012
272.988 -8.012
262.988 -8.012
4 1
282.988 -18.012
292.988 -18.012
292.988 -8.012
282.988 -8.012
4 1
302.988 -18.012
312.988 -18.012
312.988 -8.012
302.988 -8.012
4 1
322.988 -18.012
332.988 -18.012
332.988 -8.012
322.988 -8.012
4 1
342.988 -18.012
352.988 -18.012
352.988 -8.012
342.988 -8.012
4 1
-17.012 1.988
-7.012 1.988
-7.012 11.988
-17.012 11.988
4 1
2.988 1.988
12.988 1.988
12.988 11.988
2.988 11.988
4 1
22.988 1.988
32.988 1.988
32.988 11.988
22.988 11.988
4 1
42.988 1.988
52.988 1.988
52.988 11.988
42.988 11.988
4 1
62.988 1.988
72.988 1.988
72.988 11.988
62.988 11.988
4 1
82.988 1.988
92.988 1.988
92.988 11.988
82.988 11.988
4 1
102.988 1.988
112.988 1.988
112.988 11.988
102.988 11.988
4 1
122.988 1.988
132.988 1.988
132.988 11.988
122.988 11.988
4 1
142.988 1.988
152.988 1.988
152.988 11.988
142.988 11.988
4 1
162.988 1.988
172.988 1.988
172.988 11.988
162.988 11.988
4 1
182.988 1.988
192.988 1.988
192.988 11.988
182.988 11.988
4 1
202.988 1.988
212.988 1.988
212.988 11.988
202.988 11.988
4 1
222.988 1.988
232.988 1.988
232.988 11.988
222.988 11.988
4 1
242.988 1.988
252.988 1.988
252.988 11.988
242.988 11.988
4 1
262.988 1.988
272.988 1.988
272.988 11.988
262.988 11.988
4 1
282.988 1.988
292.988 1.988
292.988 11.988
282.988 11.988
4 1
302.988 1.988
312.988 1.988
312.988 11.988
302.988 11.988
4 1
322.988 1.988
332.988 1.988
332.988 11.988
322.988 11.988
4 1
342.988 1.988
352.988 1.988
352.988 11.988
342.988 11.988
4 1
-17.012 21.988
-7.012 21.988
-7.012 31.988
-17.012 31.988
4 1
2.988 21.988
12.988 21.988
12.988 31.988
2.988 31.988
4 1
22.988 21.988
32.988 21.988
32.988 31.988
22.988 31.988
4 1
42.988 21.988
52.988 21.988
52.988 31.988
42.988 31.988
4 1
62.988 21.988
72.988 21.988
72.988 31.988
62.988 31.988
4 1
82.988 21.988
92.988 21.988
92.988 31.988
82.988 31.988
4 1
102.988 21.988
112.988 21.988
112.988 31.988
102.988 31.988
4 1
122.988 21.988
132.988 21.988
132.988 31.988
122.988 31.988
4 1
142.988 21.988
152.988 21.988
152.988 31.988
142.988 31.988
4 1
162.988 21.988
172.988 21.988
172.988 31.988
162.988 31.988
4 1
182.988 21.988
192.988 21.988
192.988 31.988
182.988 31.988
4 1
202.988 21.988
212.988 21.988
212.988 31.988
202.988 31.988
4 1
222.988 21.988
232.988 21.988
232.988 31.988
222.988 31.988
4 1
242.988 21.988
252.988 21.988
252.988 31.988
242.988 31.988
4 1
262.988 21.988
272.988 21.988
272.988 31.988
262.988 31.988
4 1
282.988 21.988
292.988 21.988
292.988 31.988
282.988 31.988
4 1
302.988 21.988
312.988 21.988
312.988 31.988
302.988 31.988
4 1
322.988 21.988
332.988 21.988
332.988 31.988
322.988 31.988
4 1
342.988 21.988
352.988 21.988
352.988 31.988
342.988 31.988
4 1
-17.012 41.988
-7.012 41.988
-7.012 51.988
-17.012 51.988
4 1
2.988 41.988
12.988 41.988
12.988 51.988
2.988 51.988
4 1
22.988 41.988
32.988 41.988
32.988 51.988
22.988 51.988
4 1
42.988 41.988
52.988 41.988
52.988 51.988
42.988 51.988
4 1
62.988 41.988
72.988 41.988
72.988 51.988
62.988 51.988
4 1
82.988 41.988
92.988 41.988
92.988 51.988
82.988 51.988
4 1
102.988 41.988
112.988 41.988
112.988 51.988
102.988 51.988
4 1
122.988 41.988
132.988 41.988
132.988 51.988
122.988 51.988
4 1
142.988 41.988
152.988 41.988
152.988 51.988
142.988 51.988
4 1
162.988 41.988
172.988 41.988
172.988 51.988
162.988 51.988
4 1
182.988 41.988
192.988 41.988
192.988 51.988
182.988 51.988
4 1
202.988 41.988
212.988 41.988
212.988 51.988
202.988 51.988
4 1
222.988 41.988
232.988 41.988
232.988 51.988
222.988 51.988
4 1
242.988 41.988
252.988 41.988
252.988 51.988
242.988 51.988
4 1
262.988 41.988
272.988 41.988
272.988 51.988
262.988 51.988
4 1
282.988 41.988
292.988 41.988
292.988 51.988
282.988 51.988
4 1
302.988 41.988
312.988 41.988
312.988 51.988
302.988 51.988
4 1
322.988 41.988
332.988 41.988
332.988 51.988
322.988 51.988
4 1
342.988 41.988
352.988 41.988
352.988 51.988
342.988 51.988
4 1
-17.012 61.988
-7.012 61.988
-7.012 71.988
-17.012 71.988
4 1
2.988 61.988
12.988 61.988
12.988 71.988
2.988 71.988
4 1
22.988 61.988
32.988 61.988
32.988 71.988
22.988 71.988
4 1
42.988 61.988
52.988 61.988
52.988 71.988
42.988 71.988
4 1
62.988 61.988
72.988 61.988
72.988 71.988
62.988 71.988
4 1
82.988 61.988
92.988 61.988
92.988 71.988
82.988 71.988
4 1
102.988 61.988
112.988 61.988
112.988 71.988
102.988 71.988
4 1
122.988 61.988
132.988 61.988
132.988 71.988
122.988 71.988
4 1
142.988 61.988
152.988 61.988
152.988 71.988
142.988 71.988
4 1
162.988 61.988
172.988 61.988
172.988 71.988
162.988 71.988
4 1
182.988 61.988
192.988 61.988
192.988 71.988
182.988 71.988
4 1
202.988 61.988
212.988 61.988
212.988 71.988
202.988 71.988
4 1
222.988 61.988
232.988 61.988
232.988 71.988
222.988 71.988
4 1
242.988 61.988
252.988 61.988
252.988 71.988
242.988 71.988
4 1
262.988 61.988
272.988 61.988
272.988 71.988
262.988 71.988
4 1
282.988 61.988
292.988 61.988
292.988 71.988
282.988 71.988
4 1
302.988 61.988
312.988 61.988
312.988 71.988
302.988 71.988
4 1
322.988 61.988
332.988 61.988
332.988 71.988
322.988 71.988
4 1
342.988 61.988
352.988 61.988
352.988 71.988
342.988 71.988
4 1
-17.012 81.988
-7.012 81.988
-7.012 91.988
-17.012 91.988
4 1
2.988 81.988
12.988 81.988
12.988 91.988
2.988 91.988
4 1
22.988 81.988
32.988 81.988
32.988 91.988
22.988 91.988
4 1
42.988 81.988
52.988 81.988
52.988 91.988
42.988 91.988
4 1
62.988 81.988
72.988 81.988
72.988 91.988
62.988 91.988
4 1
82.988 81.988
92.988 81.988
92.988 91.988
82.988 91.988
4 1
102.988 81.988
112.988 81.988
112.988 91.988
102.988 91.988
4 1
122.988 81.988
132.988 81.988
132.988 91.988
122.988 91.988
4 1
142.988 81.988
152.988 81.988
152.988 91.988
142.988 91.988
4 1
162.988 81.988
172.988 81.988
172.988 91.988
162.988 91.988
4 1
182.988 81.988
192.988 81.988
192.988 91.988
182.988 91.988
4 1
202.988 81.988
212.988 81.988
212.988 91.988
202.988 91.988
4 1
222.988 81.988
232.988 81.988
232.988 91.988
222.988 91.988
4 1
242.988 81.988
252.988 81.988
252.988 91.988
242.988 91.988
4 1
262.988 81.988
272.988 81.988
272.988 91.988
262.988 91.988
4 1
282.988 81.988
292.988 81.988
292.988 91.988
282.988 91.988
4 1
302.988 81.988
312.988 81.988
312.988 91.988
302.988 91.988
4 1
322.988 81.988
332.988 81.988
332.988 91.988
322.988 91.988
4 1
342.988 81.988
352.988 81.988
352.988 91.988
342.988 91.988
