50
4 1
-17.012 -78.012
2.988 -78.012
2.988 -58.012
-17.012 -58.012
4 1
22.988 -78.012
42.988 -78.012
42.988 -58.012
22.988 -58.012
4 1
62.988 -78.012
82.988 -78.012
82.988 -58.012
62.988 -58.012
4 1
102.988 -78.012
122.988 -78.012
122.988 -58.012
102.988 -58.012
4 1
142.988 -78.012
162.988 -78.012
162.988 -58.012
142.988 -58.012
4 1
182.988 -78.012
202.988 -78.012
202.988 -58.012
182.988 -58.012
4 1
222.988 -78.012
242.988 -78.012
242.988 -58.012
222.988 -58.012
4 1
262.988 -78.012
282.988 -78.012
282.988 -58.012
262.988 -58.012
4 1
302.988 -78.012
322.988 -78.012
322.988 -58.012
302.988 -58.012
4 1
342.988 -78.012
362.988 -78.012
362.988 -58.012
342.988 -58.012
4 1
-17.012 -38.012
2.988 -38.012
2.988 -18.012
-17.012 -18.012
4 1
22.988 -38.012
42.988 -38.012
42.988 -18.012
22.988 -18.012
4 1
62.988 -38.012
82.988 -38.012
82.988 -18.012
62.988 -18.012
4 1
102.988 -38.012
122.988 -38.012
122.988 -18.012
102.988 -18.012
4 1
142.988 -38.012
162.988 -38.012
162.988 -18.012
142.988 -18.012
4 1
182.988 -38.012
202.988 -38.012
202.988 -18.012
182.988 -18.012
4 1
222.988 -38.012
242.988 -38.012
242.988 -18.012
222.988 -18.012
4 1
262.988 -38.012
282.988 -38.012
282.988 -18.012
262.988 -18.012
4 1
302.988 -38.012
322.988 -38.012
322.988 -18.012
302.988 -18.012
4 1
342.988 -38.012
362.988 -38.012
362.988 -18.012
342.988 -18.012
4 1
-17.012 1.988
2.988 1.988
2.988 21.988
-17.012 21.988
4 1
22.988 1.988
42.988 1.988
42.988 21.988
22.988 21.988
4 1
62.988 1.988
82.988 1.988
82.988 21.988
62.988 21.988
4 1
102.988 1.988
122.988 1.988
122.988 21.988
102.988 21.988
4 1
142.988 1.988
162.988 1.988
162.988 21.988
142.988 21.988
4 1
182.988 1.988
202.988 1.988
202.988 21.988
182.988 21.988
4 1
222.988 1.988
242.988 1.988
242.988 21.988
222.988 21.988
4 1
262.988 1.988
282.988 1.988
282.988 21.988
262.988 21.988
4 1
302.988 1.988
322.988 1.988
322.988 21.988
302.988 21.988
4 1
342.988 1.988
362.988 1.988
362.988 21.988
342.988 21.988
4 1
-17.012 41.988
2.988 41.988
2.988 61.988
-17.012 61.988
4 1
22.988 41.988
42.988 41.988
42.988 61.988
22.988 61.988
4 1
62.988 41.988
82.988 41.988
82.988 61.988
62.988 61.988
4 1
102.988 41.988
122.988 41.988
122.988 61.988
102.988 61.988
4 1
142.988 41.988
162.988 41.988
162.988 61.988
142.988 61.988
4 1
182.988 41.988
202.988 41.988
202.988 61.988
182.988 61.988
4 1
222.988 41.988
242.988 41.988
242.988 61.988
222.988 61.988
4 1
262.988 41.988
282.988 41.988
282.988 61.988
262.988 61.988
4 1
302.988 41.988
322.988 41.988
322.988 61.988
302.988 61.988
4 1
342.988 41.988
362.988 41.988
362.988 61.988
342.988 61.988
4 1
-17.012 81.988
2.988 81.988
2.988 101.988
-17.012 101.988
4 1
22.988 81.988
42.988 81.988
42.988 101.988
22.988 101.988
4 1
62.988 81.988
82.988 81.988
82.988 101.988
62.988 101.988
4 1
102.988 81.988
122.988 81.988
122.988 101.988
102.988 101.988
4 1
142.988 81.988
162.988 81.988
162.988 101.988
142.988 101.988
4 1
182.988 81.988
202.988 81.988
202.988 101.988
182.988 101.988
4 1
222.988 81.988
242.988 81.988
242.988 101.988
222.988 101.988
4 1
262.988 81.988
282.988 81.988
282.988 101.988
262.988 101.988
4 1
302.988 81.988
322.988 81.988
322.988 101.988
302.988 101.988
4 1
342.988 81.988
362.988 81.988
362.988 101.988
342.988 101.988
