646
4 1
-17.012 -78.012
-12.012 -78.012
-12.012 -73.012
-17.012 -73.012
4 1
-7.012 -78.012
-2.012 -78.012
-2.012 -73.012
-7.012 -73.012
4 1
2.988 -78.012
7.988 -78.012
7.988 -73.012
2.988 -73.012
4 1
12.988 -78.012
17.988 -78.012
17.988 -73.012
12.988 -73.012
4 1
22.988 -78.012
27.988 -78.012
27.988 -73.012
22.988 -73.012
4 1
32.988 -78.012
37.988 -78.012
37.988 -73.012
32.988 -73.012
4 1
42.988 -78.012
47.988 -78.012
47.988 -73.012
42.988 -73.012
4 1
52.988 -78.012
57.988 -78.012
57.988 -73.012
52.988 -73.012
4 1
62.988 -78.012
67.988 -78.012
67.988 -73.012
62.988 -73.012
4 1
72.988 -78.012
77.988 -78.012
77.988 -73.012
72.988 -73.012
4 1
82.988 -78.012
87.988 -78.012
87.988 -73.012
82.988 -73.012
4 1
92.988 -78.012
97.988 -78.012
97.988 -73.012
92.988 -73.012
4 1
102.988 -78.012
107.988 -78.012
107.988 -73.012
102.988 -73.012
4 1
112.988 -78.012
117.988 -78.012
117.988 -73.012
112.988 -73.012
4 1
122.988 -78.012
127.988 -78.012
127.988 -73.012
122.988 -73.012
4 1
132.988 -78.012
137.988 -78.012
137.988 -73.012
132.988 -73.012
4 1
142.988 -78.012
147.988 -78.012
147.988 -73.012
142.988 -73.012
4 1
152.988 -78.012
157.988 -78.012
157.988 -73.012
152.988 -73.012
4 1
162.988 -78.012
167.988 -78.012
167.988 -73.012
162.988 -73.012
4 1
172.988 -78.012
177.988 -78.012
177.988 -73.012
172.988 -73.012
4 1
182.988 -78.012
187.988 -78.012
187.988 -73.012
182.988 -73.012
4 1
192.988 -78.012
197.988 -78.012
197.988 -73.012
192.988 -73.012
4 1
202.988 -78.012
207.988 -78.012
207.988 -73.012
202.988 -73.012
4 1
212.988 -78.012
217.988 -78.012
217.988 -73.012
212.988 -73.012
4 1
222.988 -78.012
227.988 -78.012
227.988 -73.012
222.988 -73.012
4 1
232.988 -78.012
237.988 -78.012
237.988 -73.012
232.988 -73.012
4 1
242.988 -78.012
247.988 -78.012
247.988 -73.012
242.988 -73.012
4 1
252.988 -78.012
257.988 -78.012
257.988 -73.012
252.988 -73.012
4 1
262.988 -78.012
267.988 -78.012
267.988 -73.012
262.988 -73.012
4 1
272.988 -78.012
277.988 -78.012
277.988 -73.012
272.988 -73.012
4 1
282.988 -78.012
287.988 -78.012
287.988 -73.012
282.988 -73.012
4 1
292.988 -78.012
297.988 -78.012
297.988 -73.012
292.988 -73.012
4 1
302.988 -78.012
307.988 -78.012
307.988 -73.012
302.988 -73.012
4 1
312.988 -78.012
317.988 -78.012
317.988 -73.012
312.988 -73.012
4 1
322.988 -78.012
327.988 -78.012
327.988 -73.012
322.988 -73.012
4 1
332.988 -78.012
337.988 -78.012
337.988 -73.012
332.988 -73.012
4 1
342.988 -78.012
347.988 -78.012
347.988 -73.012
342.988 -73.012
4 1
352.988 -78.012
357.988 -78.012
357.988 -73.012
352.988 -73.012
4 1
-17.012 -68.012
-12.012 -68.012
-12.012 -63.012
-17.012 -63.012
4 1
-7.012 -68.012
-2.012 -68.012
-2.012 -63.012
-7.012 -63.012
4 1
2.988 -68.012
7.988 -68.012
7.988 -63.012
2.988 -63.012
4 1
12.988 -68.012
17.988 -68.012
17.988 -63.012
12.988 -63.012
4 1
22.988 -68.012
27.988 -68.012
27.988 -63.012
22.988 -63.012
4 1
32.988 -68.012
37.988 -68.012
37.988 -63.012
32.988 -63.012
4 1
42.988 -68.012
47.988 -68.012
47.988 -63.012
42.988 -63.012
4 1
52.988 -68.012
57.988 -68.012
57.988 -63.012
52.988 -63.012
4 1
62.988 -68.012
67.988 -68.012
67.988 -63.012
62.988 -63.012
4 1
72.988 -68.012
77.988 -68.012
77.988 -63.012
72.988 -63.012
4 1
82.988 -68.012
87.988 -68.012
87.988 -63.012
82.988 -63.012
4 1
92.988 -68.012
97.988 -68.012
97.988 -63.012
92.988 -63.012
4 1
102.988 -68.012
107.988 -68.012
107.988 -63.012
102.988 -63.012
4 1
112.988 -68.012
117.988 -68.012
117.988 -63.012
112.988 -63.012
4 1
122.988 -68.012
127.988 -68.012
127.988 -63.012
122.988 -63.012
4 1
132.988 -68.012
137.988 -68.012
137.988 -63.012
132.988 -63.012
4 1
142.988 -68.012
147.988 -68.012
147.988 -63.012
142.988 -63.012
4 1
152.988 -68.012
157.988 -68.012
157.988 -63.012
152.988 -63.012
4 1
162.988 -68.012
167.988 -68.012
167.988 -63.012
162.988 -63.012
4 1
172.988 -68.012
177.988 -68.012
177.988 -63.012
172.988 -63.012
4 1
182.988 -68.012
187.988 -68.012
187.988 -63.012
182.988 -63.012
4 1
192.988 -68.012
197.988 -68.012
197.988 -63.012
192.988 -63.012
4 1
202.988 -68.012
207.988 -68.012
207.988 -63.012
202.988 -63.012
4 1
212.988 -68.012
217.988 -68.012
217.988 -63.012
212.988 -63.012
4 1
222.988 -68.012
227.988 -68.012
227.988 -63.012
222.988 -63.012
4 1
232.988 -68.012
237.988 -68.012
237.988 -63.012
232.988 -63.012
4 1
242.988 -68.012
247.988 -68.012
247.988 -63.012
242.988 -63.012
4 1
252.988 -68.012
257.988 -68.012
257.988 -63.012
252.988 -63.012
4 1
262.988 -68.012
267.988 -68.012
267.988 -63.012
262.988 -63.012
4 1
272.988 -68.012
277.988 -68.012
277.988 -63.012
272.988 -63.012
4 1
282.988 -68.012
287.988 -68.012
287.988 -63.012
282.988 -63.012
4 1
292.988 -68.012
297.988 -68.012
297.988 -63.012
292.988 -63.012
4 1
302.988 -68.012
307.988 -68.012
307.988 -63.012
302.988 -63.012
4 1
312.988 -68.012
317.988 -68.012
317.988 -63.012
312.988 -63.012
4 1
322.988 -68.012
327.988 -68.012
327.988 -63.012
322.988 -63.012
4 1
332.988 -68.012
337.988 -68.012
337.988 -63.012
332.988 -63.012
4 1
342.988 -68.012
347.988 -68.012
347.988 -63.012
342.988 -63.012
4 1
352.988 -68.012
357.988 -68.012
357.988 -63.012
352.988 -63.012
4 1
-17.012 -58.012
-12.012 -58.012
-12.012 -53.012
-17.012 -53.012
4 1
-7.012 -58.012
-2.012 -58.012
-2.012 -53.012
-7.012 -53.012
4 1
2.988 -58.012
7.988 -58.012
7.988 -53.012
2.988 -53.012
4 1
12.988 -58.012
17.988 -58.012
17.988 -53.012
12.988 -53.012
4 1
22.988 -58.012
27.988 -58.012
27.988 -53.012
22.988 -53.012
4 1
32.988 -58.012
37.988 -58.012
37.988 -53.012
32.988 -53.012
4 1
42.988 -58.012
47.988 -58.012
47.988 -53.012
42.988 -53.012
4 1
52.988 -58.012
57.988 -58.012
57.988 -53.012
52.988 -53.012
4 1
62.988 -58.012
67.988 -58.012
67.988 -53.012
62.988 -53.012
4 1
72.988 -58.012
77.988 -58.012
77.988 -53.012
72.988 -53.012
4 1
82.988 -58.012
87.988 -58.012
87.988 -53.012
82.988 -53.012
4 1
92.988 -58.012
97.988 -58.012
97.988 -53.012
92.988 -53.012
4 1
102.988 -58.012
107.988 -58.012
107.988 -53.012
102.988 -53.012
4 1
112.988 -58.012
117.988 -58.012
117.988 -53.012
112.988 -53.012
4 1
122.988 -58.012
127.988 -58.012
127.988 -53.012
122.988 -53.012
4 1
132.988 -58.012
137.988 -58.012
137.988 -53.012
132.988 -53.012
4 1
142.988 -58.012
147.988 -58.012
147.988 -53.012
142.988 -53.012
4 1
152.988 -58.012
157.988 -58.012
157.988 -53.012
152.988 -53.012
4 1
162.988 -58.012
167.988 -58.012
167.988 -53.012
162.988 -53.012
4 1
172.988 -58.012
177.988 -58.012
177.988 -53.012
172.988 -53.012
4 1
182.988 -58.012
187.988 -58.012
187.988 -53.012
182.988 -53.012
4 1
192.988 -58.012
197.988 -58.012
197.988 -53.012
192.988 -53.012
4 1
202.988 -58.012
207.988 -58.012
207.988 -53.012
202.988 -53.012
4 1
212.988 -58.012
217.988 -58.012
217.988 -53.012
212.988 -53.012
4 1
222.988 -58.012
227.988 -58.012
227.988 -53.012
222.988 -53.012
4 1
232.988 -58.012
237.988 -58.012
237.988 -53.012
232.988 -53.012
4 1
242.988 -58.012
247.988 -58.012
247.988 -53.012
242.988 -53.012
4 1
252.988 -58.012
257.988 -58.012
257.988 -53.012
252.988 -53.012
4 1
262.988 -58.012
267.988 -58.012
267.988 -53.012
262.988 -53.012
4 1
272.988 -58.012
277.988 -58.012
277.988 -53.012
272.988 -53.012
4 1
282.988 -58.012
287.988 -58.012
287.988 -53.012
282.988 -53.012
4 1
292.988 -58.012
297.988 -58.012
297.988 -53.012
292.988 -53.012
4 1
302.988 -58.012
307.988 -58.012
307.988 -53.012
302.988 -53.012
4 1
312.988 -58.012
317.988 -58.012
317.988 -53.012
312.988 -53.012
4 1
322.988 -58.012
327.988 -58.012
327.988 -53.012
322.988 -53.012
4 1
332.988 -58.012
337.988 -58.012
337.988 -53.012
332.988 -53.012
4 1
342.988 -58.012
347.988 -58.012
347.988 -53.012
342.988 -53.012
4 1
352.988 -58.012
357.988 -58.012
357.988 -53.012
352.988 -53.012
4 1
-17.012 -48.012
-12.012 -48.012
-12.012 -43.012
-17.012 -43.012
4 1
-7.012 -48.012
-2.012 -48.012
-2.012 -43.012
-7.012 -43.012
4 1
2.988 -48.012
7.988 -48.012
7.988 -43.012
2.988 -43.012
4 1
12.988 -48.012
17.988 -48.012
17.988 -43.012
12.988 -43.012
4 1
22.988 -48.012
27.988 -48.012
27.988 -43.012
22.988 -43.012
4 1
32.988 -48.012
37.988 -48.012
37.988 -43.012
32.988 -43.012
4 1
42.988 -48.012
47.988 -48.012
47.988 -43.012
42.988 -43.012
4 1
52.988 -48.012
57.988 -48.012
57.988 -43.012
52.988 -43.012
4 1
62.988 -48.012
67.988 -48.012
67.988 -43.012
62.988 -43.012
4 1
72.988 -48.012
77.988 -48.012
77.988 -43.012
72.988 -43.012
4 1
82.988 -48.012
87.988 -48.012
87.988 -43.012
82.988 -43.012
4 1
92.988 -48.012
97.988 -48.012
97.988 -43.012
92.988 -43.012
4 1
102.988 -48.012
107.988 -48.012
107.988 -43.012
102.988 -43.012
4 1
112.988 -48.012
117.988 -48.012
117.988 -43.012
112.988 -43.012
4 1
122.988 -48.012
127.988 -48.012
127.988 -43.012
122.988 -43.012
4 1
132.988 -48.012
137.988 -48.012
137.988 -43.012
132.988 -43.012
4 1
142.988 -48.012
147.988 -48.012
147.988 -43.012
142.988 -43.012
4 1
152.988 -48.012
157.988 -48.012
157.988 -43.012
152.988 -43.012
4 1
162.988 -48.012
167.988 -48.012
167.988 -43.012
162.988 -43.012
4 1
172.988 -48.012
177.988 -48.012
177.988 -43.012
172.988 -43.012
4 1
182.988 -48.012
187.988 -48.012
187.988 -43.012
182.988 -43.012
4 1
192.988 -48.012
197.988 -48.012
197.988 -43.012
192.988 -43.012
4 1
202.988 -48.012
207.988 -48.012
207.988 -43.012
202.988 -43.012
4 1
212.988 -48.012
217.988 -48.012
217.988 -43.012
212.988 -43.012
4 1
222.988 -48.012
227.988 -48.012
227.988 -43.012
222.988 -43.012
4 1
232.988 -48.012
237.988 -48.012
237.988 -43.012
232.988 -43.012
4 1
242.988 -48.012
247.988 -48.012
247.988 -43.012
242.988 -43.012
4 1
252.988 -48.012
257.988 -48.012
257.988 -43.012
252.988 -43.012
4 1
262.988 -48.012
267.988 -48.012
267.988 -43.012
262.988 -43.012
4 1
272.988 -48.012
277.988 -48.012
277.988 -43.012
272.988 -43.012
4 1
282.988 -48.012
287.988 -48.012
287.988 -43.012
282.988 -43.012
4 1
292.988 -48.012
297.988 -48.012
297.988 -43.012
292.988 -43.012
4 1
302.988 -48.012
307.988 -48.012
307.988 -43.012
302.988 -43.012
4 1
312.988 -48.012
317.988 -48.012
317.988 -43.012
312.988 -43.012
4 1
322.988 -48.012
327.988 -48.012
327.988 -43.012
322.988 -43.012
4 1
332.988 -48.012
337.988 -48.012
337.988 -43.012
332.988 -43.012
4 1
342.988 -48.012
347.988 -48.012
347.988 -43.012
342.988 -43.012
4 1
352.988 -48.012
357.988 -48.012
357.988 -43.012
352.988 -43.012
4 1
-17.012 -38.012
-12.012 -38.012
-12.012 -33.012
-17.012 -33.012
4 1
-7.012 -38.012
-2.012 -38.012
-2.012 -33.012
-7.012 -33.012
4 1
2.988 -38.012
7.988 -38.012
7.988 -33.012
2.988 -33.012
4 1
12.988 -38.012
17.988 -38.012
17.988 -33.012
12.988 -33.012
4 1
22.988 -38.012
27.988 -38.012
27.988 -33.012
22.988 -33.012
4 1
32.988 -38.012
37.988 -38.012
37.988 -33.012
32.988 -33.012
4 1
42.988 -38.012
47.988 -38.012
47.988 -33.012
42.988 -33.012
4 1
52.988 -38.012
57.988 -38.012
57.988 -33.012
52.988 -33.012
4 1
62.988 -38.012
67.988 -38.012
67.988 -33.012
62.988 -33.012
4 1
72.988 -38.012
77.988 -38.012
77.988 -33.012
72.988 -33.012
4 1
82.988 -38.012
87.988 -38.012
87.988 -33.012
82.988 -33.012
4 1
92.988 -38.012
97.988 -38.012
97.988 -33.012
92.988 -33.012
4 1
102.988 -38.012
107.988 -38.012
107.988 -33.012
102.988 -33.012
4 1
112.988 -38.012
117.988 -38.012
117.988 -33.012
112.988 -33.012
4 1
122.988 -38.012
127.988 -38.012
127.988 -33.012
122.988 -33.012
4 1
132.988 -38.012
137.988 -38.012
137.988 -33.012
132.988 -33.012
4 1
142.988 -38.012
147.988 -38.012
147.988 -33.012
142.988 -33.012
4 1
152.988 -38.012
157.988 -38.012
157.988 -33.012
152.988 -33.012
4 1
162.988 -38.012
167.988 -38.012
167.988 -33.012
162.988 -33.012
4 1
172.988 -38.012
177.988 -38.012
177.988 -33.012
172.988 -33.012
4 1
182.988 -38.012
187.988 -38.012
187.988 -33.012
182.988 -33.012
4 1
192.988 -38.012
197.988 -38.012
197.988 -33.012
192.988 -33.012
4 1
202.988 -38.012
207.988 -38.012
207.988 -33.012
202.988 -33.012
4 1
212.988 -38.012
217.988 -38.012
217.988 -33.012
212.988 -33.012
4 1
222.988 -38.012
227.988 -38.012
227.988 -33.012
222.988 -33.012
4 1
232.988 -38.012
237.988 -38.012
237.988 -33.012
232.988 -33.012
4 1
242.988 -38.012
247.988 -38.012
247.988 -33.012
242.988 -33.012
4 1
252.988 -38.012
257.988 -38.012
257.988 -33.012
252.988 -33.012
4 1
262.988 -38.012
267.988 -38.012
267.988 -33.012
262.988 -33.012
4 1
272.988 -38.012
277.988 -38.012
277.988 -33.012
272.988 -33.012
4 1
282.988 -38.012
287.988 -38.012
287.988 -33.012
282.988 -33.012
4 1
292.988 -38.012
297.988 -38.012
297.988 -33.012
292.988 -33.012
4 1
302.988 -38.012
307.988 -38.012
307.988 -33.012
302.988 -33.012
4 1
312.988 -38.012
317.988 -38.012
317.988 -33.012
312.988 -33.012
4 1
322.988 -38.012
327.988 -38.012
327.988 -33.012
322.988 -33.012
4 1
332.988 -38.012
337.988 -38.012
337.988 -33.012
332.988 -33.012
4 1
342.988 -38.012
347.988 -38.012
347.988 -33.012
342.988 -33.012
4 1
352.988 -38.012
357.988 -38.012
357.988 -33.012
352.988 -33.012
4 1
-17.012 -28.012
-12.012 -28.012
-12.012 -23.012
-17.012 -23.012
4 1
-7.012 -28.012
-2.012 -28.012
-2.012 -23.012
-7.012 -23.012
4 1
2.988 -28.012
7.988 -28.012
7.988 -23.012
2.988 -23.012
4 1
12.988 -28.012
17.988 -28.012
17.988 -23.012
12.988 -23.012
4 1
22.988 -28.012
27.988 -28.012
27.988 -23.012
22.988 -23.012
4 1
32.988 -28.012
37.988 -28.012
37.988 -23.012
32.988 -23.012
4 1
42.988 -28.012
47.988 -28.012
47.988 -23.012
42.988 -23.012
4 1
52.988 -28.012
57.988 -28.012
57.988 -23.012
52.988 -23.012
4 1
62.988 -28.012
67.988 -28.012
67.988 -23.012
62.988 -23.012
4 1
72.988 -28.012
77.988 -28.012
77.988 -23.012
72.988 -23.012
4 1
82.988 -28.012
87.988 -28.012
87.988 -23.012
82.988 -23.012
4 1
92.988 -28.012
97.988 -28.012
97.988 -23.012
92.988 -23.012
4 1
102.988 -28.012
107.988 -28.012
107.988 -23.012
102.988 -23.012
4 1
112.988 -28.012
117.988 -28.012
117.988 -23.012
112.988 -23.012
4 1
122.988 -28.012
127.988 -28.012
127.988 -23.012
122.988 -23.012
4 1
132.988 -28.012
137.988 -28.012
137.988 -23.012
132.988 -23.012
4 1
142.988 -28.012
147.988 -28.012
147.988 -23.012
142.988 -23.012
4 1
152.988 -28.012
157.988 -28.012
157.988 -23.012
152.988 -23.012
4 1
162.988 -28.012
167.988 -28.012
167.988 -23.012
162.988 -23.012
4 1
172.988 -28.012
177.988 -28.012
177.988 -23.012
172.988 -23.012
4 1
182.988 -28.012
187.988 -28.012
187.988 -23.012
182.988 -23.012
4 1
192.988 -28.012
197.988 -28.012
197.988 -23.012
192.988 -23.012
4 1
202.988 -28.012
207.988 -28.012
207.988 -23.012
202.988 -23.012
4 1
212.988 -28.012
217.988 -28.012
217.988 -23.012
212.988 -23.012
4 1
222.988 -28.012
227.988 -28.012
227.988 -23.012
222.988 -23.012
4 1
232.988 -28.012
237.988 -28.012
237.988 -23.012
232.988 -23.012
4 1
242.988 -28.012
247.988 -28.012
247.988 -23.012
242.988 -23.012
4 1
252.988 -28.012
257.988 -28.012
257.988 -23.012
252.988 -23.012
4 1
262.988 -28.012
267.988 -28.012
267.988 -23.012
262.988 -23.012
4 1
272.988 -28.012
277.988 -28.012
277.988 -23.012
272.988 -23.012
4 1
282.988 -28.012
287.988 -28.012
287.988 -23.012
282.988 -23.012
4 1
292.988 -28.012
297.988 -28.012
297.988 -23.012
292.988 -23.012
4 1
302.988 -28.012
307.988 -28.012
307.988 -23.012
302.988 -23.012
4 1
312.988 -28.012
317.988 -28.012
317.988 -23.012
312.988 -23.012
4 1
322.988 -28.012
327.988 -28.012
327.988 -23.012
322.988 -23.012
4 1
332.988 -28.012
337.988 -28.012
337.988 -23.012
332.988 -23.012
4 1
342.988 -28.012
347.988 -28.012
347.988 -23.012
342.988 -23.012
4 1
352.988 -28.012
357.988 -28.012
357.988 -23.012
352.988 -23.012
4 1
-17.012 -18.012
-12.012 -18.012
-12.012 -13.012
-17.012 -13.012
4 1
-7.012 -18.012
-2.012 -18.012
-2.012 -13.012
-7.012 -13.012
4 1
2.988 -18.012
7.988 -18.012
7.988 -13.012
2.988 -13.012
4 1
12.988 -18.012
17.988 -18.012
17.988 -13.012
12.988 -13.012
4 1
22.988 -18.012
27.988 -18.012
27.988 -13.012
22.988 -13.012
4 1
32.988 -18.012
37.988 -18.012
37.988 -13.012
32.988 -13.012
4 1
42.988 -18.012
47.988 -18.012
47.988 -13.012
42.988 -13.012
4 1
52.988 -18.012
57.988 -18.012
57.988 -13.012
52.988 -13.012
4 1
62.988 -18.012
67.988 -18.012
67.988 -13.012
62.988 -13.012
4 1
72.988 -18.012
77.988 -18.012
77.988 -13.012
72.988 -13.012
4 1
82.988 -18.012
87.988 -18.012
87.988 -13.012
82.988 -13.012
4 1
92.988 -18.012
97.988 -18.012
97.988 -13.012
92.988 -13.012
4 1
102.988 -18.012
107.988 -18.012
107.988 -13.012
102.988 -13.012
4 1
112.988 -18.012
117.988 -18.012
117.988 -13.012
112.988 -13.012
4 1
122.988 -18.012
127.988 -18.012
127.988 -13.012
122.988 -13.012
4 1
132.988 -18.012
137.988 -18.012
137.988 -13.012
132.988 -13.012
4 1
142.988 -18.012
147.988 -18.012
147.988 -13.012
142.988 -13.012
4 1
152.988 -18.012
157.988 -18.012
157.988 -13.012
152.988 -13.012
4 1
162.988 -18.012
167.988 -18.012
167.988 -13.012
162.988 -13.012
4 1
172.988 -18.012
177.988 -18.012
177.988 -13.012
172.988 -13.012
4 1
182.988 -18.012
187.988 -18.012
187.988 -13.012
182.988 -13.012
4 1
192.988 -18.012
197.988 -18.012
197.988 -13.012
192.988 -13.012
4 1
202.988 -18.012
207.988 -18.012
207.988 -13.012
202.988 -13.012
4 1
212.988 -18.012
217.988 -18.012
217.988 -13.012
212.988 -13.012
4 1
222.988 -18.012
227.988 -18.012
227.988 -13.012
222.988 -13.012
4 1
232.988 -18.012
237.988 -18.012
237.988 -13.012
232.988 -13.012
4 1
242.988 -18.012
247.988 -18.012
247.988 -13.012
242.988 -13.012
4 1
252.988 -18.012
257.988 -18.012
257.988 -13.012
252.988 -13.012
4 1
262.988 -18.012
267.988 -18.012
267.988 -13.012
262.988 -13.012
4 1
272.988 -18.012
277.988 -18.012
277.988 -13.012
272.988 -13.012
4 1
282.988 -18.012
287.988 -18.012
287.988 -13.012
282.988 -13.012
4 1
292.988 -18.012
297.988 -18.012
297.988 -13.012
292.988 -13.012
4 1
302.988 -18.012
307.988 -18.012
307.988 -13.012
302.988 -13.012
4 1
312.988 -18.012
317.988 -18.012
317.988 -13.012
312.988 -13.012
4 1
322.988 -18.012
327.988 -18.012
327.988 -13.012
322.988 -13.012
4 1
332.988 -18.012
337.988 -18.012
337.988 -13.012
332.988 -13.012
4 1
342.988 -18.012
347.988 -18.012
347.988 -13.012
342.988 -13.012
4 1
352.988 -18.012
357.988 -18.012
357.988 -13.012
352.988 -13.012
4 1
-17.012 -8.012
-12.012 -8.012
-12.012 -3.012
-17.012 -3.012
4 1
-7.012 -8.012
-2.012 -8.012
-2.012 -3.012
-7.012 -3.012
4 1
2.988 -8.012
7.988 -8.012
7.988 -3.012
2.988 -3.012
4 1
12.988 -8.012
17.988 -8.012
17.988 -3.012
12.988 -3.012
4 1
22.988 -8.012
27.988 -8.012
27.988 -3.012
22.988 -3.012
4 1
32.988 -8.012
37.988 -8.012
37.988 -3.012
32.988 -3.012
4 1
42.988 -8.012
47.988 -8.012
47.988 -3.012
42.988 -3.012
4 1
52.988 -8.012
57.988 -8.012
57.988 -3.012
52.988 -3.012
4 1
62.988 -8.012
67.988 -8.012
67.988 -3.012
62.988 -3.012
4 1
72.988 -8.012
77.988 -8.012
77.988 -3.012
72.988 -3.012
4 1
82.988 -8.012
87.988 -8.012
87.988 -3.012
82.988 -3.012
4 1
92.988 -8.012
97.988 -8.012
97.988 -3.012
92.988 -3.012
4 1
102.988 -8.012
107.988 -8.012
107.988 -3.012
102.988 -3.012
4 1
112.988 -8.012
117.988 -8.012
117.988 -3.012
112.988 -3.012
4 1
122.988 -8.012
127.988 -8.012
127.988 -3.012
122.988 -3.012
4 1
132.988 -8.012
137.988 -8.012
137.988 -3.012
132.988 -3.012
4 1
142.988 -8.012
147.988 -8.012
147.988 -3.012
142.988 -3.012
4 1
152.988 -8.012
157.988 -8.012
157.988 -3.012
152.988 -3.012
4 1
162.988 -8.012
167.988 -8.012
167.988 -3.012
162.988 -3.012
4 1
172.988 -8.012
177.988 -8.012
177.988 -3.012
172.988 -3.012
4 1
182.988 -8.012
187.988 -8.012
187.988 -3.012
182.988 -3.012
4 1
192.988 -8.012
197.988 -8.012
197.988 -3.012
192.988 -3.012
4 1
202.988 -8.012
207.988 -8.012
207.988 -3.012
202.988 -3.012
4 1
212.988 -8.012
217.988 -8.012
217.988 -3.012
212.988 -3.012
4 1
222.988 -8.012
227.988 -8.012
227.988 -3.012
222.988 -3.012
4 1
232.988 -8.012
237.988 -8.012
237.988 -3.012
232.988 -3.012
4 1
242.988 -8.012
247.988 -8.012
247.988 -3.012
242.988 -3.012
4 1
252.988 -8.012
257.988 -8.012
257.988 -3.012
252.988 -3.012
4 1
262.988 -8.012
267.988 -8.012
267.988 -3.012
262.988 -3.012
4 1
272.988 -8.012
277.988 -8.012
277.988 -3.012
272.988 -3.012
4 1
282.988 -8.012
287.988 -8.012
287.988 -3.012
282.988 -3.012
4 1
292.988 -8.012
297.988 -8.012
297.988 -3.012
292.988 -3.012
4 1
302.988 -8.012
307.988 -8.012
307.988 -3.012
302.988 -3.012
4 1
312.988 -8.012
317.988 -8.012
317.988 -3.012
312.988 -3.012
4 1
322.988 -8.012
327.988 -8.012
327.988 -3.012
322.988 -3.012
4 1
332.988 -8.012
337.988 -8.012
337.988 -3.012
332.988 -3.012
4 1
342.988 -8.012
347.988 -8.012
347.988 -3.012
342.988 -3.012
4 1
352.988 -8.012
357.988 -8.012
357.988 -3.012
352.988 -3.012
4 1
-17.012 1.988
-12.012 1.988
-12.012 6.988
-17.012 6.988
4 1
-7.012 1.988
-2.012 1.988
-2.012 6.988
-7.012 6.988
4 1
2.988 1.988
7.988 1.988
7.988 6.988
2.988 6.988
4 1
12.988 1.988
17.988 1.988
17.988 6.988
12.988 6.988
4 1
22.988 1.988
27.988 1.988
27.988 6.988
22.988 6.988
4 1
32.988 1.988
37.988 1.988
37.988 6.988
32.988 6.988
4 1
42.988 1.988
47.988 1.988
47.988 6.988
42.988 6.988
4 1
52.988 1.988
57.988 1.988
57.988 6.988
52.988 6.988
4 1
62.988 1.988
67.988 1.988
67.988 6.988
62.988 6.988
4 1
72.988 1.988
77.988 1.988
77.988 6.988
72.988 6.988
4 1
82.988 1.988
87.988 1.988
87.988 6.988
82.988 6.988
4 1
92.988 1.988
97.988 1.988
97.988 6.988
92.988 6.988
4 1
102.988 1.988
107.988 1.988
107.988 6.988
102.988 6.988
4 1
112.988 1.988
117.988 1.988
117.988 6.988
112.988 6.988
4 1
122.988 1.988
127.988 1.988
127.988 6.988
122.988 6.988
4 1
132.988 1.988
137.988 1.988
137.988 6.988
132.988 6.988
4 1
142.988 1.988
147.988 1.988
147.988 6.988
142.988 6.988
4 1
152.988 1.988
157.988 1.988
157.988 6.988
152.988 6.988
4 1
162.988 1.988
167.988 1.988
167.988 6.988
162.988 6.988
4 1
172.988 1.988
177.988 1.988
177.988 6.988
172.988 6.988
4 1
182.988 1.988
187.988 1.988
187.988 6.988
182.988 6.988
4 1
192.988 1.988
197.988 1.988
197.988 6.988
192.988 6.988
4 1
202.988 1.988
207.988 1.988
207.988 6.988
202.988 6.988
4 1
212.988 1.988
217.988 1.988
217.988 6.988
212.988 6.988
4 1
222.988 1.988
227.988 1.988
227.988 6.988
222.988 6.988
4 1
232.988 1.988
237.988 1.988
237.988 6.988
232.988 6.988
4 1
242.988 1.988
247.988 1.988
247.988 6.988
242.988 6.988
4 1
252.988 1.988
257.988 1.988
257.988 6.988
252.988 6.988
4 1
262.988 1.988
267.988 1.988
267.988 6.988
262.988 6.988
4 1
272.988 1.988
277.988 1.988
277.988 6.988
272.988 6.988
4 1
282.988 1.988
287.988 1.988
287.988 6.988
282.988 6.988
4 1
292.988 1.988
297.988 1.988
297.988 6.988
292.988 6.988
4 1
302.988 1.988
307.988 1.988
307.988 6.988
302.988 6.988
4 1
312.988 1.988
317.988 1.988
317.988 6.988
312.988 6.988
4 1
322.988 1.988
327.988 1.988
327.988 6.988
322.988 6.988
4 1
332.988 1.988
337.988 1.988
337.988 6.988
332.988 6.988
4 1
342.988 1.988
347.988 1.988
347.988 6.988
342.988 6.988
4 1
352.988 1.988
357.988 1.988
357.988 6.988
352.988 6.988
4 1
-17.012 11.988
-12.012 11.988
-12.012 16.988
-17.012 16.988
4 1
-7.012 11.988
-2.012 11.988
-2.012 16.988
-7.012 16.988
4 1
2.988 11.988
7.988 11.988
7.988 16.988
2.988 16.988
4 1
12.988 11.988
17.988 11.988
17.988 16.988
12.988 16.988
4 1
22.988 11.988
27.988 11.988
27.988 16.988
22.988 16.988
4 1
32.988 11.988
37.988 11.988
37.988 16.988
32.988 16.988
4 1
42.988 11.988
47.988 11.988
47.988 16.988
42.988 16.988
4 1
52.988 11.988
57.988 11.988
57.988 16.988
52.988 16.988
4 1
62.988 11.988
67.988 11.988
67.988 16.988
62.988 16.988
4 1
72.988 11.988
77.988 11.988
77.988 16.988
72.988 16.988
4 1
82.988 11.988
87.988 11.988
87.988 16.988
82.988 16.988
4 1
92.988 11.988
97.988 11.988
97.988 16.988
92.988 16.988
4 1
102.988 11.988
107.988 11.988
107.988 16.988
102.988 16.988
4 1
112.988 11.988
117.988 11.988
117.988 16.988
112.988 16.988
4 1
122.988 11.988
127.988 11.988
127.988 16.988
122.988 16.988
4 1
132.988 11.988
137.988 11.988
137.988 16.988
132.988 16.988
4 1
142.988 11.988
147.988 11.988
147.988 16.988
142.988 16.988
4 1
152.988 11.988
157.988 11.988
157.988 16.988
152.988 16.988
4 1
162.988 11.988
167.988 11.988
167.988 16.988
162.988 16.988
4 1
172.988 11.988
177.988 11.988
177.988 16.988
172.988 16.988
4 1
182.988 11.988
187.988 11.988
187.988 16.988
182.988 16.988
4 1
192.988 11.988
197.988 11.988
197.988 16.988
192.988 16.988
4 1
202.988 11.988
207.988 11.988
207.988 16.988
202.988 16.988
4 1
212.988 11.988
217.988 11.988
217.988 16.988
212.988 16.988
4 1
222.988 11.988
227.988 11.988
227.988 16.988
222.988 16.988
4 1
232.988 11.988
237.988 11.988
237.988 16.988
232.988 16.988
4 1
242.988 11.988
247.988 11.988
247.988 16.988
242.988 16.988
4 1
252.988 11.988
257.988 11.988
257.988 16.988
252.988 16.988
4 1
262.988 11.988
267.988 11.988
267.988 16.988
262.988 16.988
4 1
272.988 11.988
277.988 11.988
277.988 16.988
272.988 16.988
4 1
282.988 11.988
287.988 11.988
287.988 16.988
282.988 16.988
4 1
292.988 11.988
297.988 11.988
297.988 16.988
292.988 16.988
4 1
302.988 11.988
307.988 11.988
307.988 16.988
302.988 16.988
4 1
312.988 11.988
317.988 11.988
317.988 16.988
312.988 16.988
4 1
322.988 11.988
327.988 11.988
327.988 16.988
322.988 16.988
4 1
332.988 11.988
337.988 11.988
337.988 16.988
332.988 16.988
4 1
342.988 11.988
347.988 11.988
347.988 16.988
342.988 16.988
4 1
352.988 11.988
357.988 11.988
357.988 16.988
352.988 16.988
4 1
-17.012 21.988
-12.012 21.988
-12.012 26.988
-17.012 26.988
4 1
-7.012 21.988
-2.012 21.988
-2.012 26.988
-7.012 26.988
4 1
2.988 21.988
7.988 21.988
7.988 26.988
2.988 26.988
4 1
12.988 21.988
17.988 21.988
17.988 26.988
12.988 26.988
4 1
22.988 21.988
27.988 21.988
27.988 26.988
22.988 26.988
4 1
32.988 21.988
37.988 21.988
37.988 26.988
32.988 26.988
4 1
42.988 21.988
47.988 21.988
47.988 26.988
42.988 26.988
4 1
52.988 21.988
57.988 21.988
57.988 26.988
52.988 26.988
4 1
62.988 21.988
67.988 21.988
67.988 26.988
62.988 26.988
4 1
72.988 21.988
77.988 21.988
77.988 26.988
72.988 26.988
4 1
82.988 21.988
87.988 21.988
87.988 26.988
82.988 26.988
4 1
92.988 21.988
97.988 21.988
97.988 26.988
92.988 26.988
4 1
102.988 21.988
107.988 21.988
107.988 26.988
102.988 26.988
4 1
112.988 21.988
117.988 21.988
117.988 26.988
112.988 26.988
4 1
122.988 21.988
127.988 21.988
127.988 26.988
122.988 26.988
4 1
132.988 21.988
137.988 21.988
137.988 26.988
132.988 26.988
4 1
142.988 21.988
147.988 21.988
147.988 26.988
142.988 26.988
4 1
152.988 21.988
157.988 21.988
157.988 26.988
152.988 26.988
4 1
162.988 21.988
167.988 21.988
167.988 26.988
162.988 26.988
4 1
172.988 21.988
177.988 21.988
177.988 26.988
172.988 26.988
4 1
182.988 21.988
187.988 21.988
187.988 26.988
182.988 26.988
4 1
192.988 21.988
197.988 21.988
197.988 26.988
192.988 26.988
4 1
202.988 21.988
207.988 21.988
207.988 26.988
202.988 26.988
4 1
212.988 21.988
217.988 21.988
217.988 26.988
212.988 26.988
4 1
222.988 21.988
227.988 21.988
227.988 26.988
222.988 26.988
4 1
232.988 21.988
237.988 21.988
237.988 26.988
232.988 26.988
4 1
242.988 21.988
247.988 21.988
247.988 26.988
242.988 26.988
4 1
252.988 21.988
257.988 21.988
257.988 26.988
252.988 26.988
4 1
262.988 21.988
267.988 21.988
267.988 26.988
262.988 26.988
4 1
272.988 21.988
277.988 21.988
277.988 26.988
272.988 26.988
4 1
282.988 21.988
287.988 21.988
287.988 26.988
282.988 26.988
4 1
292.988 21.988
297.988 21.988
297.988 26.988
292.988 26.988
4 1
302.988 21.988
307.988 21.988
307.988 26.988
302.988 26.988
4 1
312.988 21.988
317.988 21.988
317.988 26.988
312.988 26.988
4 1
322.988 21.988
327.988 21.988
327.988 26.988
322.988 26.988
4 1
332.988 21.988
337.988 21.988
337.988 26.988
332.988 26.988
4 1
342.988 21.988
347.988 21.988
347.988 26.988
342.988 26.988
4 1
352.988 21.988
357.988 21.988
357.988 26.988
352.988 26.988
4 1
-17.012 31.988
-12.012 31.988
-12.012 36.988
-17.012 36.988
4 1
-7.012 31.988
-2.012 31.988
-2.012 36.988
-7.012 36.988
4 1
2.988 31.988
7.988 31.988
7.988 36.988
2.988 36.988
4 1
12.988 31.988
17.988 31.988
17.988 36.988
12.988 36.988
4 1
22.988 31.988
27.988 31.988
27.988 36.988
22.988 36.988
4 1
32.988 31.988
37.988 31.988
37.988 36.988
32.988 36.988
4 1
42.988 31.988
47.988 31.988
47.988 36.988
42.988 36.988
4 1
52.988 31.988
57.988 31.988
57.988 36.988
52.988 36.988
4 1
62.988 31.988
67.988 31.988
67.988 36.988
62.988 36.988
4 1
72.988 31.988
77.988 31.988
77.988 36.988
72.988 36.988
4 1
82.988 31.988
87.988 31.988
87.988 36.988
82.988 36.988
4 1
92.988 31.988
97.988 31.988
97.988 36.988
92.988 36.988
4 1
102.988 31.988
107.988 31.988
107.988 36.988
102.988 36.988
4 1
112.988 31.988
117.988 31.988
117.988 36.988
112.988 36.988
4 1
122.988 31.988
127.988 31.988
127.988 36.988
122.988 36.988
4 1
132.988 31.988
137.988 31.988
137.988 36.988
132.988 36.988
4 1
142.988 31.988
147.988 31.988
147.988 36.988
142.988 36.988
4 1
152.988 31.988
157.988 31.988
157.988 36.988
152.988 36.988
4 1
162.988 31.988
167.988 31.988
167.988 36.988
162.988 36.988
4 1
172.988 31.988
177.988 31.988
177.988 36.988
172.988 36.988
4 1
182.988 31.988
187.988 31.988
187.988 36.988
182.988 36.988
4 1
192.988 31.988
197.988 31.988
197.988 36.988
192.988 36.988
4 1
202.988 31.988
207.988 31.988
207.988 36.988
202.988 36.988
4 1
212.988 31.988
217.988 31.988
217.988 36.988
212.988 36.988
4 1
222.988 31.988
227.988 31.988
227.988 36.988
222.988 36.988
4 1
232.988 31.988
237.988 31.988
237.988 36.988
232.988 36.988
4 1
242.988 31.988
247.988 31.988
247.988 36.988
242.988 36.988
4 1
252.988 31.988
257.988 31.988
257.988 36.988
252.988 36.988
4 1
262.988 31.988
267.988 31.988
267.988 36.988
262.988 36.988
4 1
272.988 31.988
277.988 31.988
277.988 36.988
272.988 36.988
4 1
282.988 31.988
287.988 31.988
287.988 36.988
282.988 36.988
4 1
292.988 31.988
297.988 31.988
297.988 36.988
292.988 36.988
4 1
302.988 31.988
307.988 31.988
307.988 36.988
302.988 36.988
4 1
312.988 31.988
317.988 31.988
317.988 36.988
312.988 36.988
4 1
322.988 31.988
327.988 31.988
327.988 36.988
322.988 36.988
4 1
332.988 31.988
337.988 31.988
337.988 36.988
332.988 36.988
4 1
342.988 31.988
347.988 31.988
347.988 36.988
342.988 36.988
4 1
352.988 31.988
357.988 31.988
357.988 36.988
352.988 36.988
4 1
-17.012 41.988
-12.012 41.988
-12.012 46.988
-17.012 46.988
4 1
-7.012 41.988
-2.012 41.988
-2.012 46.988
-7.012 46.988
4 1
2.988 41.988
7.988 41.988
7.988 46.988
2.988 46.988
4 1
12.988 41.988
17.988 41.988
17.988 46.988
12.988 46.988
4 1
22.988 41.988
27.988 41.988
27.988 46.988
22.988 46.988
4 1
32.988 41.988
37.988 41.988
37.988 46.988
32.988 46.988
4 1
42.988 41.988
47.988 41.988
47.988 46.988
42.988 46.988
4 1
52.988 41.988
57.988 41.988
57.988 46.988
52.988 46.988
4 1
62.988 41.988
67.988 41.988
67.988 46.988
62.988 46.988
4 1
72.988 41.988
77.988 41.988
77.988 46.988
72.988 46.988
4 1
82.988 41.988
87.988 41.988
87.988 46.988
82.988 46.988
4 1
92.988 41.988
97.988 41.988
97.988 46.988
92.988 46.988
4 1
102.988 41.988
107.988 41.988
107.988 46.988
102.988 46.988
4 1
112.988 41.988
117.988 41.988
117.988 46.988
112.988 46.988
4 1
122.988 41.988
127.988 41.988
127.988 46.988
122.988 46.988
4 1
132.988 41.988
137.988 41.988
137.988 46.988
132.988 46.988
4 1
142.988 41.988
147.988 41.988
147.988 46.988
142.988 46.988
4 1
152.988 41.988
157.988 41.988
157.988 46.988
152.988 46.988
4 1
162.988 41.988
167.988 41.988
167.988 46.988
162.988 46.988
4 1
172.988 41.988
177.988 41.988
177.988 46.988
172.988 46.988
4 1
182.988 41.988
187.988 41.988
187.988 46.988
182.988 46.988
4 1
192.988 41.988
197.988 41.988
197.988 46.988
192.988 46.988
4 1
202.988 41.988
207.988 41.988
207.988 46.988
202.988 46.988
4 1
212.988 41.988
217.988 41.988
217.988 46.988
212.988 46.988
4 1
222.988 41.988
227.988 41.988
227.988 46.988
222.988 46.988
4 1
232.988 41.988
237.988 41.988
237.988 46.988
232.988 46.988
4 1
242.988 41.988
247.988 41.988
247.988 46.988
242.988 46.988
4 1
252.988 41.988
257.988 41.988
257.988 46.988
252.988 46.988
4 1
262.988 41.988
267.988 41.988
267.988 46.988
262.988 46.988
4 1
272.988 41.988
277.988 41.988
277.988 46.988
272.988 46.988
4 1
282.988 41.988
287.988 41.988
287.988 46.988
282.988 46.988
4 1
292.988 41.988
297.988 41.988
297.988 46.988
292.988 46.988
4 1
302.988 41.988
307.988 41.988
307.988 46.988
302.988 46.988
4 1
312.988 41.988
317.988 41.988
317.988 46.988
312.988 46.988
4 1
322.988 41.988
327.988 41.988
327.988 46.988
322.988 46.988
4 1
332.988 41.988
337.988 41.988
337.988 46.988
332.988 46.988
4 1
342.988 41.988
347.988 41.988
347.988 46.988
342.988 46.988
4 1
352.988 41.988
357.988 41.988
357.988 46.988
352.988 46.988
4 1
-17.012 51.988
-12.012 51.988
-12.012 56.988
-17.012 56.988
4 1
-7.012 51.988
-2.012 51.988
-2.012 56.988
-7.012 56.988
4 1
2.988 51.988
7.988 51.988
7.988 56.988
2.988 56.988
4 1
12.988 51.988
17.988 51.988
17.988 56.988
12.988 56.988
4 1
22.988 51.988
27.988 51.988
27.988 56.988
22.988 56.988
4 1
32.988 51.988
37.988 51.988
37.988 56.988
32.988 56.988
4 1
42.988 51.988
47.988 51.988
47.988 56.988
42.988 56.988
4 1
52.988 51.988
57.988 51.988
57.988 56.988
52.988 56.988
4 1
62.988 51.988
67.988 51.988
67.988 56.988
62.988 56.988
4 1
72.988 51.988
77.988 51.988
77.988 56.988
72.988 56.988
4 1
82.988 51.988
87.988 51.988
87.988 56.988
82.988 56.988
4 1
92.988 51.988
97.988 51.988
97.988 56.988
92.988 56.988
4 1
102.988 51.988
107.988 51.988
107.988 56.988
102.988 56.988
4 1
112.988 51.988
117.988 51.988
117.988 56.988
112.988 56.988
4 1
122.988 51.988
127.988 51.988
127.988 56.988
122.988 56.988
4 1
132.988 51.988
137.988 51.988
137.988 56.988
132.988 56.988
4 1
142.988 51.988
147.988 51.988
147.988 56.988
142.988 56.988
4 1
152.988 51.988
157.988 51.988
157.988 56.988
152.988 56.988
4 1
162.988 51.988
167.988 51.988
167.988 56.988
162.988 56.988
4 1
172.988 51.988
177.988 51.988
177.988 56.988
172.988 56.988
4 1
182.988 51.988
187.988 51.988
187.988 56.988
182.988 56.988
4 1
192.988 51.988
197.988 51.988
197.988 56.988
192.988 56.988
4 1
202.988 51.988
207.988 51.988
207.988 56.988
202.988 56.988
4 1
212.988 51.988
217.988 51.988
217.988 56.988
212.988 56.988
4 1
222.988 51.988
227.988 51.988
227.988 56.988
222.988 56.988
4 1
232.988 51.988
237.988 51.988
237.988 56.988
232.988 56.988
4 1
242.988 51.988
247.988 51.988
247.988 56.988
242.988 56.988
4 1
252.988 51.988
257.988 51.988
257.988 56.988
252.988 56.988
4 1
262.988 51.988
267.988 51.988
267.988 56.988
262.988 56.988
4 1
272.988 51.988
277.988 51.988
277.988 56.988
272.988 56.988
4 1
282.988 51.988
287.988 51.988
287.988 56.988
282.988 56.988
4 1
292.988 51.988
297.988 51.988
297.988 56.988
292.988 56.988
4 1
302.988 51.988
307.988 51.988
307.988 56.988
302.988 56.988
4 1
312.988 51.988
317.988 51.988
317.988 56.988
312.988 56.988
4 1
322.988 51.988
327.988 51.988
327.988 56.988
322.988 56.988
4 1
332.988 51.988
337.988 51.988
337.988 56.988
332.988 56.988
4 1
342.988 51.988
347.988 51.988
347.988 56.988
342.988 56.988
4 1
352.988 51.988
357.988 51.988
357.988 56.988
352.988 56.988
4 1
-17.012 61.988
-12.012 61.988
-12.012 66.988
-17.012 66.988
4 1
-7.012 61.988
-2.012 61.988
-2.012 66.988
-7.012 66.988
4 1
2.988 61.988
7.988 61.988
7.988 66.988
2.988 66.988
4 1
12.988 61.988
17.988 61.988
17.988 66.988
12.988 66.988
4 1
22.988 61.988
27.988 61.988
27.988 66.988
22.988 66.988
4 1
32.988 61.988
37.988 61.988
37.988 66.988
32.988 66.988
4 1
42.988 61.988
47.988 61.988
47.988 66.988
42.988 66.988
4 1
52.988 61.988
57.988 61.988
57.988 66.988
52.988 66.988
4 1
62.988 61.988
67.988 61.988
67.988 66.988
62.988 66.988
4 1
72.988 61.988
77.988 61.988
77.988 66.988
72.988 66.988
4 1
82.988 61.988
87.988 61.988
87.988 66.988
82.988 66.988
4 1
92.988 61.988
97.988 61.988
97.988 66.988
92.988 66.988
4 1
102.988 61.988
107.988 61.988
107.988 66.988
102.988 66.988
4 1
112.988 61.988
117.988 61.988
117.988 66.988
112.988 66.988
4 1
122.988 61.988
127.988 61.988
127.988 66.988
122.988 66.988
4 1
132.988 61.988
137.988 61.988
137.988 66.988
132.988 66.988
4 1
142.988 61.988
147.988 61.988
147.988 66.988
142.988 66.988
4 1
152.988 61.988
157.988 61.988
157.988 66.988
152.988 66.988
4 1
162.988 61.988
167.988 61.988
167.988 66.988
162.988 66.988
4 1
172.988 61.988
177.988 61.988
177.988 66.988
172.988 66.988
4 1
182.988 61.988
187.988 61.988
187.988 66.988
182.988 66.988
4 1
192.988 61.988
197.988 61.988
197.988 66.988
192.988 66.988
4 1
202.988 61.988
207.988 61.988
207.988 66.988
202.988 66.988
4 1
212.988 61.988
217.988 61.988
217.988 66.988
212.988 66.988
4 1
222.988 61.988
227.988 61.988
227.988 66.988
222.988 66.988
4 1
232.988 61.988
237.988 61.988
237.988 66.988
232.988 66.988
4 1
242.988 61.988
247.988 61.988
247.988 66.988
242.988 66.988
4 1
252.988 61.988
257.988 61.988
257.988 66.988
252.988 66.988
4 1
262.988 61.988
267.988 61.988
267.988 66.988
262.988 66.988
4 1
272.988 61.988
277.988 61.988
277.988 66.988
272.988 66.988
4 1
282.988 61.988
287.988 61.988
287.988 66.988
282.988 66.988
4 1
292.988 61.988
297.988 61.988
297.988 66.988
292.988 66.988
4 1
302.988 61.988
307.988 61.988
307.988 66.988
302.988 66.988
4 1
312.988 61.988
317.988 61.988
317.988 66.988
312.988 66.988
4 1
322.988 61.988
327.988 61.988
327.988 66.988
322.988 66.988
4 1
332.988 61.988
337.988 61.988
337.988 66.988
332.988 66.988
4 1
342.988 61.988
347.988 61.988
347.988 66.988
342.988 66.988
4 1
352.988 61.988
357.988 61.988
357.988 66.988
352.988 66.988
4 1
-17.012 71.988
-12.012 71.988
-12.012 76.988
-17.012 76.988
4 1
-7.012 71.988
-2.012 71.988
-2.012 76.988
-7.012 76.988
4 1
2.988 71.988
7.988 71.988
7.988 76.988
2.988 76.988
4 1
12.988 71.988
17.988 71.988
17.988 76.988
12.988 76.988
4 1
22.988 71.988
27.988 71.988
27.988 76.988
22.988 76.988
4 1
32.988 71.988
37.988 71.988
37.988 76.988
32.988 76.988
4 1
42.988 71.988
47.988 71.988
47.988 76.988
42.988 76.988
4 1
52.988 71.988
57.988 71.988
57.988 76.988
52.988 76.988
4 1
62.988 71.988
67.988 71.988
67.988 76.988
62.988 76.988
4 1
72.988 71.988
77.988 71.988
77.988 76.988
72.988 76.988
4 1
82.988 71.988
87.988 71.988
87.988 76.988
82.988 76.988
4 1
92.988 71.988
97.988 71.988
97.988 76.988
92.988 76.988
4 1
102.988 71.988
107.988 71.988
107.988 76.988
102.988 76.988
4 1
112.988 71.988
117.988 71.988
117.988 76.988
112.988 76.988
4 1
122.988 71.988
127.988 71.988
127.988 76.988
122.988 76.988
4 1
132.988 71.988
137.988 71.988
137.988 76.988
132.988 76.988
4 1
142.988 71.988
147.988 71.988
147.988 76.988
142.988 76.988
4 1
152.988 71.988
157.988 71.988
157.988 76.988
152.988 76.988
4 1
162.988 71.988
167.988 71.988
167.988 76.988
162.988 76.988
4 1
172.988 71.988
177.988 71.988
177.988 76.988
172.988 76.988
4 1
182.988 71.988
187.988 71.988
187.988 76.988
182.988 76.988
4 1
192.988 71.988
197.988 71.988
197.988 76.988
192.988 76.988
4 1
202.988 71.988
207.988 71.988
207.988 76.988
202.988 76.988
4 1
212.988 71.988
217.988 71.988
217.988 76.988
212.988 76.988
4 1
222.988 71.988
227.988 71.988
227.988 76.988
222.988 76.988
4 1
232.988 71.988
237.988 71.988
237.988 76.988
232.988 76.988
4 1
242.988 71.988
247.988 71.988
247.988 76.988
242.988 76.988
4 1
252.988 71.988
257.988 71.988
257.988 76.988
252.988 76.988
4 1
262.988 71.988
267.988 71.988
267.988 76.988
262.988 76.988
4 1
272.988 71.988
277.988 71.988
277.988 76.988
272.988 76.988
4 1
282.988 71.988
287.988 71.988
287.988 76.988
282.988 76.988
4 1
292.988 71.988
297.988 71.988
297.988 76.988
292.988 76.988
4 1
302.988 71.988
307.988 71.988
307.988 76.988
302.988 76.988
4 1
312.988 71.988
317.988 71.988
317.988 76.988
312.988 76.988
4 1
322.988 71.988
327.988 71.988
327.988 76.988
322.988 76.988
4 1
332.988 71.988
337.988 71.988
337.988 76.988
332.988 76.988
4 1
342.988 71.988
347.988 71.988
347.988 76.988
342.988 76.988
4 1
352.988 71.988
357.988 71.988
357.988 76.988
352.988 76.988
4 1
-17.012 81.988
-12.012 81.988
-12.012 86.988
-17.012 86.988
4 1
-7.012 81.988
-2.012 81.988
-2.012 86.988
-7.012 86.988
4 1
2.988 81.988
7.988 81.988
7.988 86.988
2.988 86.988
4 1
12.988 81.988
17.988 81.988
17.988 86.988
12.988 86.988
4 1
22.988 81.988
27.988 81.988
27.988 86.988
22.988 86.988
4 1
32.988 81.988
37.988 81.988
37.988 86.988
32.988 86.988
4 1
42.988 81.988
47.988 81.988
47.988 86.988
42.988 86.988
4 1
52.988 81.988
57.988 81.988
57.988 86.988
52.988 86.988
4 1
62.988 81.988
67.988 81.988
67.988 86.988
62.988 86.988
4 1
72.988 81.988
77.988 81.988
77.988 86.988
72.988 86.988
4 1
82.988 81.988
87.988 81.988
87.988 86.988
82.988 86.988
4 1
92.988 81.988
97.988 81.988
97.988 86.988
92.988 86.988
4 1
102.988 81.988
107.988 81.988
107.988 86.988
102.988 86.988
4 1
112.988 81.988
117.988 81.988
117.988 86.988
112.988 86.988
4 1
122.988 81.988
127.988 81.988
127.988 86.988
122.988 86.988
4 1
132.988 81.988
137.988 81.988
137.988 86.988
132.988 86.988
4 1
142.988 81.988
147.988 81.988
147.988 86.988
142.988 86.988
4 1
152.988 81.988
157.988 81.988
157.988 86.988
152.988 86.988
4 1
162.988 81.988
167.988 81.988
167.988 86.988
162.988 86.988
4 1
172.988 81.988
177.988 81.988
177.988 86.988
172.988 86.988
4 1
182.988 81.988
187.988 81.988
187.988 86.988
182.988 86.988
4 1
192.988 81.988
197.988 81.988
197.988 86.988
192.988 86.988
4 1
202.988 81.988
207.988 81.988
207.988 86.988
202.988 86.988
4 1
212.988 81.988
217.988 81.988
217.988 86.988
212.988 86.988
4 1
222.988 81.988
227.988 81.988
227.988 86.988
222.988 86.988
4 1
232.988 81.988
237.988 81.988
237.988 86.988
232.988 86.988
4 1
242.988 81.988
247.988 81.988
247.988 86.988
242.988 86.988
4 1
252.988 81.988
257.988 81.988
257.988 86.988
252.988 86.988
4 1
262.988 81.988
267.988 81.988
267.988 86.988
262.988 86.988
4 1
272.988 81.988
277.988 81.988
277.988 86.988
272.988 86.988
4 1
282.988 81.988
287.988 81.988
287.988 86.988
282.988 86.988
4 1
292.988 81.988
297.988 81.988
297.988 86.988
292.988 86.988
4 1
302.988 81.988
307.988 81.988
307.988 86.988
302.988 86.988
4 1
312.988 81.988
317.988 81.988
317.988 86.988
312.988 86.988
4 1
322.988 81.988
327.988 81.988
327.988 86.988
322.988 86.988
4 1
332.988 81.988
337.988 81.988
337.988 86.988
332.988 86.988
4 1
342.988 81.988
347.988 81.988
347.988 86.988
342.988 86.988
4 1
352.988 81.988
357.988 81.988
357.988 86.988
352.988 86.988
