8
4 1
-17.012 -78.012
30.988 -78.012
30.988 -30.012
-17.012 -30.012
4 1
78.988 -78.012
126.988 -78.012
126.988 -30.012
78.988 -30.012
4 1
174.988 -78.012
222.988 -78.012
222.988 -30.012
174.988 -30.012
4 1
270.988 -78.012
318.988 -78.012
318.988 -30.012
270.988 -30.012
4 1
-17.012 17.988
30.988 17.988
30.988 65.988
-17.012 65.988
4 1
78.988 17.988
126.988 17.988
126.988 65.988
78.988 65.988
4 1
174.988 17.988
222.988 17.988
222.988 65.988
174.988 65.988
4 1
270.988 17.988
318.988 17.988
318.988 65.988
270.988 65.988
