1
1000 1
-0.243775 0.279283
-0.232607 0.257907
-0.214403 0.21784
-0.19467 0.269583
-0.19021 0.268999
-0.160241 0.229639
-0.185373 0.216914
-0.226842 0.186271
-0.228193 0.183991
-0.24007 0.195959
-0.233528 0.16832
-0.220775 0.09629
-0.216479 0.08509
-0.211631 0.097854
-0.21384 0.106175
-0.204289 0.146434
-0.201765 0.11218
-0.195113 0.111884
-0.191178 0.062483
-0.186154 0.070469
-0.187325 0.079804
-0.179308 0.097206
-0.148535 0.210793
-0.165179 0.122226
-0.167686 0.083952
-0.151527 0.071257
-0.155881 0.124329
-0.135657 0.199829
-0.127004 0.231692
-0.131972 0.184169
-0.127937 0.158406
-0.077937 0.232283
-0.121636 0.137676
-0.069899 0.194191
-0.159398 0.008518
-0.168059 -0.020897
-0.14604 -0.013681
-0.079238 -0.118446
-0.072635 -0.125086
-0.045757 -0.133599
-0.1124 -0.050116
-0.061555 -0.113299
-0.144138 -0.006978
-0.144536 -0.004301
-0.081464 -0.085157
-0.039288 -0.135023
-0.0527 -0.10958
-0.021846 -0.154049
-0.013978 -0.164553
0.015287 -0.185437
-0.002401 -0.167583
0.053255 -0.207954
0.000969 -0.156524
-0.093506 -0.045659
-0.12439 -0.009518
-0.131222 0.018679
-0.141076 0.029935
-0.132599 0.023226
-0.120593 0.015282
0.008154 -0.153984
-0.09933 -0.010844
-0.104239 -0.002719
0.026957 -0.156212
-0.036958 -0.089442
0.033109 -0.176454
-0.007356 -0.123013
0.069015 -0.212838
0.061734 -0.199561
0.00483 -0.101152
-0.041883 -0.039381
-0.081477 0.006575
-0.084456 0.039672
-0.104549 0.095558
-0.084124 0.0983
-0.056283 0.042485
-0.086662 0.113531
-0.069175 0.117862
-0.034412 0.065708
-0.028739 0.053564
-0.059519 0.091091
-0.066567 0.10162
-0.067713 0.085769
-0.052401 0.066582
0.01137 -0.06293
0.027215 -0.086725
0.007924 -0.033852
-0.016458 0.039643
-0.007259 0.008364
-0.057 0.172428
-0.07357 0.223745
-0.069251 0.221956
-0.031245 0.126452
-0.020184 0.095654
0.018678 -0.039677
0.003282 0.027537
-0.06945 0.240347
-0.059946 0.224343
-0.040514 0.202001
-0.029621 0.183657
-0.004629 0.088297
-0.027927 0.196267
0.010108 0.022035
0.023007 -0.037504
0.050163 -0.117189
0.072917 -0.178515
0.065627 -0.14361
0.040342 -0.042886
0.020339 0.032057
-0.023056 0.196514
-0.018575 0.187328
-0.02011 0.194114
-0.01324 0.204281
-0.013128 0.172602
0.026653 0.052099
-0.009261 0.203935
0.021734 0.185396
0.023386 0.183624
0.04109 0.178525
0.035734 0.164836
0.027924 0.162881
0.019227 0.156576
0.022929 0.143978
0.053871 0.132013
0.017614 0.130396
0.038794 0.062834
0.067058 0.105596
0.0628 0.072065
0.068386 0.034056
0.062695 0.018115
0.064578 -0.022382
0.068596 -0.045751
0.077381 -0.00503
0.08546 0.048454
0.078452 -0.11713
0.098639 0.120616
0.08487 -0.091479
0.092591 -0.000115
0.093755 -0.006483
0.107076 0.030896
0.110492 0.044898
0.091254 -0.072014
0.085671 -0.127725
0.117452 0.060528
0.099357 -0.057898
0.0896 -0.125707
0.103336 -0.050125
0.116065 0.024574
0.085321 -0.202935
0.118698 -0.173002
0.126002 -0.175022
0.188201 -0.167493
0.132403 -0.205663
0.159971 -0.211542
0.22996 -0.178945
0.224282 -0.171299
0.231132 -0.16513
0.246769 -0.162956
0.244067 -0.154659
0.244715 -0.150952
0.241039 -0.144841
0.267831 -0.142469
0.275613 -0.134227
0.260881 -0.13711
0.303576 -0.117276
0.127863 -0.1598
0.127613 -0.156522
0.181569 -0.113629
0.218573 -0.082127
0.174661 -0.131814
0.227812 -0.122431
0.259012 -0.100599
0.259531 -0.070391
0.264355 -0.080601
0.293762 -0.100808
0.317315 -0.053213
0.34942 -0.094007
0.326841 -0.058474
0.400046 -0.047231
0.304701 -0.016906
0.434243 -0.027853
0.427594 -0.035294
0.413308 -0.028411
0.424752 -0.043534
0.381393 -0.056398
0.365711 -0.075752
0.403445 -0.060592
0.355723 -0.095652
0.373241 -0.083393
0.415117 -0.056029
0.40795 -0.065581
0.35474 -0.106839
0.383811 -0.089097
0.419739 -0.074645
0.267588 -0.182354
0.277003 -0.170873
0.136094 -0.234691
0.249849 -0.193819
0.207016 -0.220352
0.226047 -0.220555
0.276414 -0.183096
0.405953 -0.087319
0.316881 -0.154455
0.484209 -0.044252
0.391092 -0.109008
0.253303 -0.205348
0.347205 -0.140939
0.404803 -0.101572
0.392198 -0.11447
0.337867 -0.156213
0.247025 -0.227958
0.299287 -0.19196
0.382948 -0.133507
0.495534 -0.037949
0.493758 -0.060155
0.49663 -0.061624
0.44489 -0.102605
0.297726 -0.206613
0.358211 -0.166159
0.346546 -0.174757
0.472753 -0.091373
0.442381 -0.11197
0.410547 -0.134008
0.384691 -0.16443
0.284595 -0.234101
0.322769 -0.215625
0.40946 -0.151532
0.365796 -0.206548
0.386825 -0.189837
0.461386 -0.115719
0.388419 -0.196406
0.378969 -0.228039
0.408354 -0.195372
0.428236 -0.168299
0.439466 -0.159682
0.43239 -0.185063
0.475824 -0.119106
0.464898 -0.15494
0.495307 -0.109006
0.51923 -0.07477
0.509955 -0.091448
0.47054 -0.195973
0.496105 -0.151233
0.503146 -0.146945
0.496184 -0.1831
0.637638 -0.059125
0.545993 -0.107625
0.557602 -0.086986
0.547478 -0.075035
0.529736 -0.051535
0.56357 -0.076063
0.551321 -0.040581
0.555453 -0.036888
0.558883 -0.033425
0.54736 -0.024114
0.55949 -0.009101
0.569827 0.010396
0.601937 0.047662
0.602574 -0.04118
0.625387 0.069323
0.680173 0.13951
0.692282 0.157653
0.687855 0.146355
0.701759 0.173612
0.642754 0.042267
0.605336 -0.036582
0.663587 0.066757
0.65706 0.020214
0.64801 -0.0113
0.661052 0.005502
0.691767 0.054049
0.69535 0.067563
0.691782 0.114246
0.700612 0.147169
0.690823 0.115863
0.697828 0.142076
0.701253 0.154788
0.714806 0.068765
0.716229 0.069987
0.72753 0.124377
0.719953 0.169545
0.733985 0.194537
0.730489 0.174838
0.749545 0.230882
0.714741 0.196507
0.556782 0.001114
0.647881 0.117959
0.727826 0.228597
0.574131 0.027511
0.698434 0.203487
0.708635 0.218183
0.660001 0.168175
0.669292 0.19188
0.598124 0.134195
0.531752 0.078172
0.547302 0.088525
0.565828 0.083878
0.607511 0.124891
0.613372 0.089839
0.523921 -0.034382
0.575184 0.057586
0.517413 -0.003646
0.507935 0.058719
0.504 0.017512
0.506294 -0.01911
0.479868 -0.011316
0.490413 0.045669
0.405702 -0.018207
0.40175 -0.015013
0.373884 -0.011355
0.3598 -0.012175
0.423602 0.02248
0.511598 0.07046
0.506026 0.069907
0.53195 0.090111
0.395503 0.015227
0.444046 0.051106
0.406843 0.026864
0.455963 0.061059
0.458751 0.06567
0.530846 0.111315
0.502792 0.098349
0.44905 0.06974
0.476234 0.093805
0.475347 0.097249
0.37451 0.025891
0.414336 0.058615
0.527392 0.138002
0.454059 0.089518
0.452233 0.087982
0.375208 0.037326
0.485788 0.115658
0.529421 0.169377
0.539432 0.157095
0.541033 0.154751
0.554796 0.162365
0.554941 0.151548
0.575346 0.181777
0.593333 0.209113
0.685717 0.292822
0.588086 0.195966
0.665151 0.265835
0.619505 0.203196
0.60769 0.187223
0.613414 0.185829
0.579265 0.134925
0.639504 0.17571
0.650918 0.202015
0.660807 0.211443
0.665624 0.202581
0.680111 0.210005
0.672044 0.217489
0.682098 0.247791
0.669278 0.245202
0.672479 0.255501
0.683165 0.254697
0.708808 0.26279
0.746735 0.259698
0.722715 0.27686
0.742062 0.32898
0.730274 0.333135
0.678044 0.398844
0.722328 0.363061
0.737531 0.358479
0.649716 0.455645
0.617021 0.485646
0.702375 0.422476
0.696251 0.4337
0.593311 0.517198
0.574809 0.542058
0.639029 0.485625
0.55554 0.583871
0.708932 0.432105
0.681527 0.500959
0.674625 0.500674
0.664025 0.49266
0.602591 0.552965
0.554401 0.598071
0.625119 0.554396
0.599193 0.571473
0.616354 0.564442
0.63988 0.550046
0.617542 0.580328
0.511029 0.639231
0.506757 0.648784
0.488914 0.661206
0.550901 0.629446
0.616676 0.581196
0.533284 0.642679
0.462606 0.694453
0.49356 0.648151
0.481925 0.656849
0.407515 0.724105
0.440562 0.684145
0.534071 0.591705
0.556026 0.561019
0.475889 0.64353
0.597519 0.498775
0.389775 0.709466
0.401061 0.693976
0.535969 0.559525
0.598181 0.49769
0.54734 0.531289
0.574646 0.498039
0.465923 0.616431
0.356063 0.718403
0.439682 0.628526
0.391459 0.6822
0.587166 0.479061
0.667579 0.39625
0.651582 0.408184
0.677868 0.374687
0.660181 0.39048
0.679473 0.367742
0.506565 0.549493
0.486748 0.569763
0.353372 0.712944
0.343047 0.696455
0.377303 0.657122
0.414715 0.621191
0.371049 0.655537
0.412977 0.621504
0.528476 0.508793
0.359543 0.661016
0.377507 0.637451
0.484132 0.539195
0.497593 0.527279
0.545486 0.4849
0.583773 0.450688
0.593563 0.442041
0.367995 0.63214
0.437744 0.572263
0.424453 0.582902
0.332091 0.65014
0.63725 0.403613
0.407033 0.580489
0.346524 0.626363
0.43041 0.5588
0.369147 0.607132
0.421414 0.562817
0.555395 0.462986
0.358469 0.60333
0.313911 0.609824
0.365765 0.595754
0.375886 0.576669
0.43168 0.546457
0.599105 0.424444
0.585532 0.42637
0.556115 0.443436
0.41733 0.541626
0.360296 0.575922
0.397123 0.546619
0.359934 0.557088
0.470557 0.496768
0.397902 0.5155
0.515826 0.455741
0.563839 0.428227
0.470367 0.468093
0.596462 0.403357
0.566938 0.415914
0.641443 0.380793
0.653562 0.372732
0.697476 0.31628
0.647316 0.336854
0.623717 0.373084
0.617098 0.368413
0.645104 0.335745
0.671033 0.313117
0.64756 0.324774
0.593039 0.36698
0.575615 0.380589
0.474914 0.455201
0.422521 0.473725
0.640602 0.321008
0.673855 0.295484
0.632221 0.322603
0.559405 0.374782
0.523367 0.387744
0.466852 0.420657
0.568109 0.350277
0.521754 0.378104
0.519145 0.3731
0.580378 0.333582
0.561374 0.330847
0.565608 0.32274
0.609735 0.283528
0.612185 0.287724
0.629512 0.283615
0.618398 0.255379
0.620783 0.264572
0.600082 0.270634
0.607961 0.253368
0.613958 0.240637
0.582998 0.269006
0.469674 0.411279
0.508704 0.347385
0.52477 0.330201
0.595923 0.254247
0.583562 0.251689
0.552754 0.286375
0.500739 0.339373
0.494193 0.344705
0.53653 0.274442
0.545187 0.260803
0.495359 0.327145
0.547079 0.24203
0.548444 0.237298
0.567887 0.201889
0.513526 0.289833
0.491999 0.325129
0.497612 0.307696
0.512535 0.281037
0.446687 0.378442
0.397834 0.440534
0.409924 0.429545
0.447245 0.399821
0.439123 0.425386
0.410689 0.462533
0.378493 0.521159
0.365332 0.534459
0.359433 0.531701
0.354961 0.532413
0.36224 0.515081
0.354061 0.514699
0.320581 0.568449
0.350475 0.495321
0.340625 0.509722
0.283034 0.547213
0.30712 0.492424
0.361269 0.469156
0.373691 0.44501
0.374278 0.430486
0.281234 0.48389
0.40192 0.411284
0.412105 0.395376
0.413353 0.351828
0.351224 0.424636
0.301109 0.457142
0.313179 0.442347
0.320445 0.432537
0.326802 0.42638
0.283417 0.46774
0.308522 0.442794
0.322744 0.427738
0.463737 0.292737
0.514393 0.232158
0.486382 0.194276
0.511629 0.180554
0.51155 0.178795
0.487639 0.165215
0.434154 0.095628
0.395286 0.067437
0.455175 0.151935
0.402924 0.082588
0.390382 0.074373
0.356384 0.036223
0.337425 0.033956
0.318617 0.015019
0.278008 -0.018783
0.27241 -0.019265
0.245177 -0.053433
0.274596 -0.007368
0.17566 -0.111719
0.206635 -0.072423
0.268893 -0.010596
0.108105 -0.167366
0.336261 0.060212
0.333579 0.058669
0.503742 0.225483
0.311395 0.040577
0.453788 0.191971
0.152406 -0.119336
0.252852 -0.014108
0.347713 0.084772
0.364328 0.105102
0.302388 0.041091
0.264912 0.00481
0.140543 -0.124566
0.133403 -0.108411
0.135671 -0.101452
0.121776 -0.09724
0.116503 -0.050428
0.128592 0.03375
0.161288 0.06956
0.175921 0.087369
0.164699 -0.004674
0.167615 -0.072221
0.182895 -0.013226
0.188464 -0.025553
0.202561 -0.010657
0.202907 -0.015757
0.203529 -0.017752
0.225991 -0.006537
0.229075 -0.012216
0.177783 -0.072777
0.216296 -0.037124
0.289912 0.047545
0.310175 0.060707
0.252322 0.032612
0.312478 0.079836
0.295241 0.080312
0.239882 0.080946
0.261706 0.088104
0.328479 0.099316
0.331477 0.119071
0.282714 0.106437
0.38857 0.158759
0.399935 0.176511
0.305083 0.145016
0.345739 0.163628
0.442246 0.206296
0.470342 0.222271
0.471316 0.22803
0.467161 0.227234
0.471792 0.231494
0.444252 0.240459
0.432237 0.228821
0.322542 0.174246
0.296673 0.166742
0.315688 0.157186
0.318809 0.155526
0.272908 0.140524
0.255048 0.127868
0.206192 0.107908
0.193024 0.099975
0.150609 0.088104
0.138574 0.085113
0.186761 0.135803
0.17896 0.106327
0.205212 0.123555
0.265199 0.158303
0.262378 0.153935
0.317957 0.180185
0.308524 0.197309
0.397725 0.231288
0.385816 0.220309
0.423369 0.243498
0.448938 0.261935
0.434683 0.255768
0.342274 0.220699
0.260147 0.18057
0.174829 0.134995
0.165253 0.13851
0.340649 0.235497
0.363737 0.241868
0.434165 0.286256
0.365034 0.246326
0.37634 0.261467
0.402686 0.277474
0.296313 0.219487
0.282464 0.217659
0.270669 0.213316
0.391954 0.278466
0.421385 0.296271
0.349799 0.257546
0.365658 0.280788
0.37813 0.292144
0.404051 0.293688
0.407998 0.312176
0.401829 0.314702
0.405674 0.324048
0.349871 0.280567
0.266469 0.214001
0.200508 0.161818
0.157861 0.141039
0.222122 0.19192
0.272156 0.225591
0.368143 0.300136
0.381432 0.315269
0.368958 0.307584
0.377525 0.314644
0.3018 0.258357
0.304453 0.262912
0.278097 0.242584
0.256251 0.236574
0.242564 0.231548
0.295762 0.275538
0.336403 0.308507
0.378123 0.344879
0.360509 0.334378
0.232791 0.228914
0.259249 0.254902
0.242145 0.282878
0.249129 0.294382
0.262185 0.28904
0.267686 0.27088
0.289126 0.291298
0.314238 0.313947
0.30571 0.28996
0.356603 0.348443
0.369608 0.358095
0.353428 0.357477
0.335977 0.352629
0.286445 0.309164
0.295357 0.322174
0.317268 0.359468
0.328131 0.401659
0.291098 0.353561
0.27999 0.359819
0.302013 0.394301
0.305398 0.407997
0.283171 0.399064
0.250436 0.367865
0.218414 0.287764
0.216961 0.273465
0.217242 0.242875
0.210013 0.255187
0.193304 0.228121
0.184095 0.222971
0.19697 0.255925
0.189663 0.256422
0.219801 0.31467
0.219729 0.333383
0.156915 0.188861
0.193843 0.291838
0.185115 0.289606
0.240045 0.396819
0.238649 0.387452
0.237823 0.382482
0.234104 0.369137
0.261587 0.450239
0.236864 0.403379
0.218576 0.379148
0.242312 0.434829
0.259541 0.468991
0.247637 0.450743
0.250008 0.461944
0.218908 0.388419
0.243193 0.473059
0.25213 0.478553
0.25375 0.501768
0.238393 0.483451
0.262927 0.535899
0.286211 0.591573
0.260187 0.545864
0.259557 0.568606
0.242771 0.537334
0.301809 0.681814
0.308929 0.640434
0.311047 0.669341
0.33028 0.676156
0.320957 0.689847
0.342151 0.738095
0.315002 0.737528
0.312334 0.739071
0.304485 0.7121
0.293707 0.717244
0.269661 0.677518
0.287942 0.735397
0.265722 0.696992
0.264926 0.700566
0.250768 0.661103
0.265764 0.660436
0.279198 0.673667
0.270288 0.62651
0.261589 0.613306
0.236249 0.577213
0.23482 0.568959
0.235911 0.595259
0.225997 0.492822
0.225687 0.557395
0.224438 0.538496
0.218531 0.480239
0.197558 0.371997
0.183907 0.304628
0.188743 0.334378
0.190991 0.357571
0.192167 0.3934
0.182023 0.34034
0.184179 0.354202
0.17597 0.34243
0.175573 0.367922
0.158712 0.432881
0.163794 0.392711
0.15094 0.403396
0.154211 0.385328
0.167451 0.321895
0.149756 0.381571
0.115393 0.452513
0.112156 0.417745
0.128148 0.363136
0.1303 0.355067
0.105755 0.38357
0.06398 0.436363
0.015474 0.4318
0.042419 0.439869
-0.03586 0.439049
-0.042726 0.438186
-0.002638 0.418547
0.041606 0.4071
0.046336 0.404714
0.101231 0.372687
0.093803 0.352772
0.05776 0.378897
0.013334 0.39533
0.0622 0.384125
-0.043137 0.43173
-0.03896 0.418379
-0.04544 0.421892
-0.081698 0.43736
-0.081912 0.443992
-0.114158 0.442693
-0.112565 0.451155
-0.145228 0.458666
-0.131382 0.469255
-0.076425 0.469972
-0.0119 0.495267
-0.121752 0.48276
-0.058968 0.511481
-0.032682 0.523113
0.009318 0.507215
0.027088 0.508055
0.001615 0.48161
0.018237 0.490713
0.031973 0.49574
-0.057267 0.448229
-0.017837 0.467329
0.008046 0.467155
0.034885 0.463506
0.04533 0.467586
0.137061 0.487523
0.100149 0.483213
0.10091 0.491869
0.066298 0.506737
0.124624 0.498159
0.152548 0.515844
0.068869 0.513776
0.032924 0.522245
0.037001 0.533392
0.047275 0.551977
0.089677 0.566864
0.117368 0.560534
0.133553 0.553811
0.149267 0.533427
0.155815 0.513608
0.165841 0.484317
0.176563 0.5423
0.198739 0.450078
0.203285 0.496065
0.200649 0.523528
0.187382 0.602787
0.116689 0.583164
0.231618 0.626381
0.232188 0.628868
0.200697 0.630448
0.14016 0.598422
0.070349 0.561101
0.060493 0.561142
0.142687 0.607566
0.150152 0.624815
0.208948 0.666524
0.221972 0.677392
0.234848 0.714897
0.207385 0.674859
0.2234 0.708625
0.163806 0.662461
0.200904 0.691774
0.233313 0.7188
0.175614 0.672584
0.201059 0.727616
0.143742 0.733017
0.157759 0.72034
0.144716 0.728685
0.140643 0.714735
0.166648 0.699831
0.133966 0.696562
0.124214 0.691351
0.113423 0.6963
0.140134 0.654653
0.117806 0.64926
0.10973 0.641559
0.079937 0.627019
0.105148 0.622451
0.102205 0.611488
0.037913 0.602876
0.073558 0.586608
0.04932 0.568779
0.015468 0.5437
0.051651 0.573006
0.022977 0.571932
0.00883 0.568228
-0.064735 0.517831
-0.065585 0.528429
-0.118778 0.495361
-0.051765 0.543738
-0.019161 0.581989
0.050668 0.647163
-0.098062 0.538238
-0.091153 0.547431
0.054059 0.655065
-0.007866 0.619425
0.003141 0.626613
0.029731 0.653682
0.081848 0.705533
0.086194 0.712853
0.084963 0.71507
0.062318 0.694264
0.05767 0.688944
0.050843 0.701978
-0.017219 0.618985
0.005415 0.655511
0.026472 0.696219
-0.09008 0.54993
-0.070881 0.586091
-0.018188 0.670787
-0.079249 0.599651
-0.141077 0.510853
-0.098798 0.577539
-0.116225 0.571499
-0.116024 0.558338
-0.140718 0.542802
-0.153803 0.527433
-0.14965 0.549716
-0.190473 0.474314
-0.144462 0.441073
-0.130053 0.430098
-0.141748 0.429568
-0.18574 0.456996
-0.188884 0.454471
-0.206071 0.439147
-0.201051 0.430956
-0.140911 0.424915
-0.180977 0.415994
-0.201327 0.356484
-0.167306 0.339485
-0.171309 0.362115
-0.149169 0.396841
-0.144737 0.363589
-0.143664 0.341535
-0.087196 0.405746
-0.038804 0.390762
-0.05321 0.407657
-0.030169 0.404885
0.077182 0.351109
0.093806 0.342619
0.139922 0.319965
0.128661 0.295663
0.087908 0.325269
0.081765 0.305943
0.135516 0.264756
0.151224 0.220648
0.153498 0.209381
0.154191 0.19881
0.095767 0.272592
0.144799 0.18851
0.107092 0.221149
0.107243 0.223827
0.091888 0.262809
0.122303 0.172742
0.12844 0.138735
0.120337 0.154204
0.061028 0.347588
0.052538 0.33894
0.043117 0.332331
0.067217 0.31183
0.044509 0.308285
0.034761 0.307367
0.027527 0.319325
0.027064 0.285697
0.050992 0.246447
0.053361 0.240825
-0.044699 0.366042
0.028004 0.25129
0.010195 0.274968
-0.002038 0.291332
0.029048 0.246218
0.084341 0.181474
-0.047031 0.329003
-0.092633 0.376372
-0.081664 0.356519
-0.08736 0.354863
-0.038737 0.2996
-0.084062 0.342941
-0.112949 0.353691
-0.008525 0.259021
0.05975 0.195815
-0.094058 0.318786
0.076841 0.178446
0.112601 0.141274
0.033903 0.202849
-0.00502 0.234559
-0.060083 0.278435
-0.115903 0.317507
-0.06196 0.268564
0.080541 0.16158
0.070905 0.166887
0.094915 0.144222
-0.011379 0.227357
-0.065398 0.268386
-0.055307 0.258476
-0.115342 0.293466
-0.105571 0.28637
-0.149173 0.316498
-0.138544 0.288954
-0.177045 0.293568
-0.193581 0.303211
-0.188123 0.305722
-0.210447 0.341931
-0.209932 0.329136
-0.227176 0.323591
-0.240733 0.275035
