1
1000 1
-0.141876 0.25124
-0.125937 0.238645
-0.133051 0.191883
-0.098709 0.23141
-0.087643 0.237699
-0.087225 0.24666
-0.036563 0.257796
-0.067015 0.226382
-0.128445 0.174607
-0.126719 0.143389
-0.075609 0.204333
-0.040797 0.249119
-0.013778 0.271441
-0.001105 0.285879
-0.087463 0.171099
-0.117667 0.127167
-0.130607 0.106807
-0.059279 0.200546
-0.015605 0.25386
0.053162 0.328416
0.036991 0.29582
0.016002 0.264925
-0.082327 0.160423
-0.048731 0.18677
-0.095997 0.12757
0.133026 0.382035
0.009196 0.242974
-0.12054 0.095864
-0.095363 0.124127
-0.084662 0.135978
0.106004 0.349843
0.107934 0.345713
-0.113157 0.100808
0.024271 0.248506
0.146783 0.381081
0.063072 0.285993
-0.045521 0.157492
-0.015139 0.191948
0.067742 0.282441
-0.016608 0.17714
0.020343 0.218638
-0.039526 0.129313
0.032365 0.209584
0.050169 0.233593
0.083814 0.281632
0.132408 0.344075
0.152875 0.37773
0.174453 0.404075
0.181702 0.408745
0.179579 0.408076
0.228588 0.451441
0.20165 0.422989
0.231754 0.445389
-0.094481 0.053912
6.1e-05 0.165523
0.10873 0.295942
-0.139961 -0.007112
-0.127246 0.003766
-0.000204 0.155157
-0.075625 0.061415
-0.032358 0.11393
-0.118737 0.007384
0.105762 0.275812
0.163737 0.335687
-0.002336 0.103883
0.0738 0.21287
0.106711 0.262755
-0.013208 0.126224
-0.044728 0.080978
-0.055164 0.072522
-0.05678 0.064949
-0.133896 -0.04849
-0.062152 0.020444
0.170757 0.341753
-0.039466 0.04176
0.07313 0.196724
0.032968 0.130249
-0.051761 0.023633
-0.059378 0.011108
-0.058054 -0.005294
0.051993 0.146676
0.039267 0.128257
-0.106408 -0.07956
-0.10138 -0.087993
0.001872 0.067639
0.205234 0.372728
0.218395 0.389503
0.09303 0.200851
0.076817 0.173149
0.103718 0.211438
0.152668 0.278859
0.289623 0.46772
0.16679 0.287117
0.137686 0.246268
0.129056 0.229462
0.153474 0.263372
0.117958 0.208227
0.066393 0.128565
0.054713 0.116414
0.0451 0.093979
0.056798 0.112086
0.158327 0.26655
0.273367 0.428669
0.235608 0.372868
0.247143 0.380629
0.276974 0.411343
0.333824 0.485115
0.30457 0.414313
0.317074 0.420134
0.313968 0.364805
0.357781 0.436182
0.362948 0.426515
0.351103 0.394213
0.338871 0.376159
0.366207 0.379272
0.369606 0.451249
0.379312 0.496083
0.385042 0.488804
0.39426 0.499657
0.405055 0.492688
0.399202 0.464746
0.406406 0.474821
0.376077 0.382018
0.380772 0.380059
0.386068 0.331878
0.400325 0.372836
0.399236 0.381755
0.401314 0.389925
0.404967 0.392924
0.408106 0.394703
0.446538 0.44946
0.433245 0.447827
0.412801 0.444413
0.435974 0.479435
0.428707 0.449349
0.446098 0.492047
0.470489 0.462833
0.464631 0.4403
0.473209 0.448253
0.496945 0.483756
0.558968 0.496915
0.533 0.50542
0.562824 0.52245
0.552128 0.541872
0.592224 0.540626
0.584338 0.547219
0.601867 0.548993
0.75241 0.598891
0.758405 0.564196
0.683184 0.564083
0.660732 0.537161
0.642739 0.522229
0.592515 0.513186
0.608728 0.508952
0.655097 0.518772
0.627149 0.510394
0.556108 0.491722
0.556599 0.484604
0.527408 0.47918
0.466599 0.42725
0.473584 0.415893
0.433228 0.374824
0.520652 0.441774
0.536672 0.451477
0.555319 0.476627
0.545833 0.454449
0.629235 0.495002
0.601731 0.472012
0.656406 0.500378
0.702366 0.525164
0.781118 0.540128
0.746545 0.525085
0.699991 0.496268
0.71485 0.489108
0.669753 0.476179
0.617308 0.452673
0.572556 0.426636
0.497429 0.372926
0.517838 0.384594
0.59983 0.418848
0.623395 0.416655
0.571428 0.397247
0.587259 0.402394
0.588931 0.390129
0.503328 0.365126
0.526294 0.346686
0.499562 0.327744
0.463902 0.317419
0.439128 0.330917
0.426857 0.329899
0.56771 0.448249
0.411727 0.338843
0.405667 0.332387
0.398978 0.325728
0.272555 0.359888
0.220318 0.337426
0.360552 0.321462
0.212667 0.302672
0.129987 0.198328
0.089896 0.141278
0.031083 0.062862
-0.047418 -0.039589
0.004026 -0.011614
0.031946 0.056557
0.012176 -0.010274
0.064042 0.036512
0.084065 0.058544
0.058268 0.083132
0.082541 0.064735
0.067104 0.0777
0.092929 0.117229
0.149734 0.197932
0.16438 0.20068
0.201886 0.273502
0.148312 0.163084
0.121029 0.109717
0.089291 0.039331
0.132769 0.081569
0.134628 0.096915
0.135325 0.077402
0.307088 0.199007
0.280984 0.188931
0.202129 0.149777
0.27586 0.192705
0.162172 0.150631
0.157445 0.149956
0.178721 0.200526
0.209628 0.259856
0.241396 0.268965
0.274272 0.250367
0.276564 0.244745
0.329907 0.296092
0.300022 0.243091
0.335773 0.260091
0.422427 0.316459
0.393702 0.266023
0.434514 0.292668
0.436655 0.291268
0.440752 0.280271
0.058584 0.013283
-0.017148 -0.039903
0.014994 -0.017603
-0.070746 -0.079362
-0.110801 -0.119647
-0.130573 -0.142636
-0.110182 -0.134587
-0.082046 -0.097844
-0.081037 -0.101594
0.081783 0.021206
-0.058724 -0.097102
-0.077956 -0.112782
0.257848 0.149468
0.227516 0.121939
0.246015 0.135649
0.24131 0.129043
0.29972 0.169155
-0.038833 -0.087872
0.083555 0.004698
0.267158 0.143385
0.173377 0.069479
-0.064542 -0.115765
0.068178 -0.015653
0.22272 0.106386
0.342692 0.198539
0.237602 0.115969
-0.04875 -0.109803
-0.043644 -0.113205
0.036964 -0.100511
0.155741 -0.103666
0.126809 -0.105991
0.263626 -0.102976
0.235787 -0.086718
0.373814 -0.096371
0.381551 -0.115427
0.315232 -0.128359
0.152332 -0.119649
0.150846 -0.121284
-0.014494 -0.128771
0.128157 -0.127063
0.174971 -0.135405
0.174129 -0.123909
0.193572 -0.132834
0.181722 -0.141334
0.326328 -0.135389
0.279559 -0.147896
0.429231 -0.147686
0.418403 -0.141015
0.425702 -0.14016
0.438465 -0.141895
0.568679 -0.139267
0.486819 -0.139168
0.576396 -0.138934
0.565786 -0.137333
0.522223 -0.135013
0.540253 -0.123825
0.556095 -0.123121
0.519454 -0.115169
0.449081 -0.098156
0.399434 -0.096397
0.305328 -0.080918
0.271602 -0.068426
0.181822 -0.064734
0.255269 -0.059632
0.404906 -0.088776
0.378588 -0.081658
0.637845 -0.131535
0.627216 -0.126766
0.610604 -0.112498
0.649073 -0.130391
0.732217 -0.13327
0.786469 -0.139854
0.771405 -0.14722
0.836524 -0.145425
0.80209 -0.138842
0.689703 -0.118318
0.580759 -0.103329
0.732535 -0.120367
0.750764 -0.12024
0.572402 -0.100479
0.556977 -0.088993
0.467831 -0.082399
0.479593 -0.080215
0.825829 -0.113665
0.690213 -0.099458
0.67357 -0.096405
0.74583 -0.100718
0.421872 -0.069338
0.746452 -0.100513
0.717754 -0.093015
0.828409 -0.088021
0.798174 -0.086122
0.43297 -0.068326
0.633613 -0.07208
0.76558 -0.072689
0.800822 -0.047214
0.829931 -0.020202
0.821079 -0.021302
0.781662 -0.032154
0.753187 -0.058171
0.787863 0.000915
0.784727 0.010707
0.713802 0.008124
0.727326 -0.012831
0.755214 -0.018705
0.701165 -0.042094
0.676041 -0.049798
0.578919 -0.064354
0.449053 -0.062503
0.626279 -0.038814
0.590017 -0.041613
0.681899 -0.028611
0.681024 -0.028124
0.548682 -0.045867
0.381842 -0.059029
0.51587 -0.040146
0.591244 -0.010907
0.651788 -0.00253
0.599835 -0.008894
0.455294 -0.037619
0.323764 -0.062141
0.45001 -0.029663
0.269 -0.049396
0.560057 -0.008082
0.648664 0.003332
0.462984 -0.013731
0.497019 -0.009028
0.607454 0.006883
0.482943 -0.010841
0.552912 0.000182
0.696047 0.02007
0.718844 0.023206
0.810684 0.035734
0.714381 0.025828
0.782742 0.03687
0.816282 0.048699
0.782812 0.042853
0.784962 0.04915
0.661977 0.132083
0.546444 0.214731
0.611372 0.163996
0.668858 0.112898
0.752852 0.051244
0.720259 0.063629
0.702341 0.035786
0.635698 0.113875
0.629304 0.106722
0.653877 0.071997
0.684825 0.027229
0.671937 0.029366
0.634678 0.084645
0.579841 0.087404
0.550262 0.084285
0.527523 0.080503
0.624017 0.059847
0.648635 0.048713
0.604053 0.050837
0.561393 0.047317
0.553744 0.047958
0.463456 0.05683
0.480987 0.051117
0.373079 0.058003
0.292795 0.04964
0.52187 0.042497
0.579328 0.041998
0.595453 0.041105
0.534196 0.033561
0.619904 0.027585
0.606439 0.025217
0.533361 0.020182
0.577635 0.015276
0.425047 -0.016232
0.501799 0.001886
0.558078 0.012952
0.307442 -0.033985
0.408268 -0.012558
0.434219 -0.000118
0.265091 -0.040274
0.322585 -0.023809
0.115966 -0.072703
0.054615 -0.084545
0.066382 -0.081245
0.018512 -0.087268
0.163759 -0.055022
0.184033 -0.050931
0.492484 0.0184
0.417984 0.006426
0.377369 -0.002263
0.28558 -0.02314
0.224156 -0.033196
0.307739 -0.011998
0.428229 0.021342
0.351529 0.001535
0.387059 0.013231
0.029176 -0.081065
0.077329 -0.065938
0.352247 0.014279
0.417664 0.035991
0.196462 -0.027343
0.145282 -0.042517
0.261934 -0.007237
0.091753 -0.055254
0.23565 -0.013865
0.092933 -0.054712
0.227324 -0.012819
0.133838 -0.039596
0.032491 -0.069071
0.151961 -0.032555
0.116361 -0.042718
0.023116 -0.067662
0.141478 -0.030192
0.395454 0.038694
0.155018 -0.016888
0.125339 -0.009564
0.162879 0.000859
0.351983 0.033743
0.299319 0.044022
0.121466 0.000226
0.118577 0.015677
0.277951 0.048143
0.254998 0.048413
0.171734 0.036303
0.180873 0.049667
0.163097 0.050028
0.233697 0.077846
0.391215 0.20342
0.371083 0.179182
0.339601 0.0911
0.343311 0.123288
0.331888 0.137445
0.294752 0.07792
0.301331 0.051902
0.347701 0.078899
0.387201 0.091377
0.389606 0.098405
0.447008 0.103588
0.430759 0.113104
0.382594 0.1381
0.388494 0.140804
0.458353 0.118622
0.474365 0.100051
0.483273 0.096199
0.493328 0.095066
0.429116 0.075264
0.477369 0.079926
0.515391 0.092567
0.413163 0.149507
0.41339 0.170112
0.49886 0.111857
0.502218 0.111338
0.477061 0.162018
0.427676 0.192766
0.442053 0.187268
0.453673 0.188115
0.452168 0.202164
0.440311 0.240237
0.51046 0.133121
0.533918 0.106259
0.43811 0.264721
0.512904 0.142429
0.494384 0.193565
0.451506 0.247863
0.484373 0.234346
0.495395 0.218767
0.492349 0.237667
0.514207 0.187399
0.535085 0.139528
0.55761 0.087236
0.558628 0.126189
0.57034 0.142393
0.617153 0.096407
0.540195 0.203862
0.558379 0.183591
0.557764 0.197409
0.520018 0.237083
0.576455 0.22376
0.639692 0.166998
0.726552 0.119697
0.66319 0.172122
0.603724 0.219796
0.598061 0.240957
0.582617 0.241876
0.530027 0.246931
0.512397 0.276122
0.505261 0.291867
0.581599 0.265175
0.694299 0.161274
0.575772 0.274451
0.606517 0.255553
0.63013 0.23695
0.55133 0.321605
0.560259 0.322133
0.608592 0.389317
0.636616 0.374763
0.638622 0.363523
0.657041 0.333888
0.603251 0.32459
0.66066 0.325953
0.641457 0.304918
0.661906 0.31728
0.658119 0.302525
0.600957 0.290793
0.639112 0.267166
0.637836 0.258267
0.65421 0.256941
0.643468 0.226585
0.683644 0.273825
0.683573 0.184927
0.757515 0.11815
0.778605 0.09123
0.729672 0.200772
0.719832 0.238369
0.733161 0.228286
0.729156 0.24521
0.703184 0.286888
0.69098 0.307772
0.660118 0.38149
0.673679 0.375035
0.734994 0.299695
0.666727 0.419974
0.732575 0.308609
0.731608 0.319831
0.669696 0.431221
0.680862 0.450505
0.718526 0.457423
0.725007 0.437091
0.731597 0.388137
0.743315 0.356009
0.749617 0.460028
0.759247 0.400731
0.781729 0.49306
0.784009 0.478397
0.785178 0.386454
0.781235 0.32824
0.794656 0.292475
0.771183 0.208108
0.771039 0.136041
0.773764 0.200097
0.805539 0.279845
0.809598 0.209708
0.808028 0.093847
0.790065 0.108465
0.784542 0.096529
0.793365 0.081917
0.811322 0.065626
0.823688 0.074567
0.78997 0.517422
0.834225 -0.049961
0.823357 0.108241
0.823384 0.126713
0.819492 0.202463
0.804173 0.378727
0.830366 0.128647
0.845132 -0.002181
0.83914 0.165191
0.840457 0.164775
0.828264 0.203864
0.822458 0.212015
0.79117 0.528922
0.831663 0.289388
0.803501 0.487727
0.825027 0.354472
0.834645 0.290612
0.809727 0.466149
0.82363 0.381974
0.798706 0.58723
0.82126 0.500108
0.849427 0.450558
0.815018 0.565188
0.823181 0.596023
0.819236 0.621854
0.843762 0.641052
0.837631 0.640676
0.843825 0.664082
0.821081 0.661366
0.826389 0.683699
0.833155 0.690747
0.848739 0.670983
0.83542 0.775548
0.819639 0.769066
0.813235 0.670898
0.811019 0.731455
0.807117 0.648187
0.808731 0.782433
0.796492 0.662702
0.790231 0.656017
0.794119 0.700346
0.780914 0.834888
0.786718 0.661539
0.778228 0.695256
0.777226 0.773595
0.77284 0.684562
0.775909 0.814474
0.773395 0.76053
0.769574 0.78173
0.766608 0.826891
0.758939 0.763426
0.770287 0.678929
0.758144 0.643313
0.743748 0.650128
0.747214 0.692217
0.730739 0.675348
0.726006 0.694281
0.705977 0.69707
0.709124 0.658886
0.68484 0.698455
0.684852 0.701137
0.717212 0.726323
0.736662 0.73182
0.745002 0.720239
0.746557 0.737368
0.734967 0.748155
0.731095 0.783973
0.682998 0.716174
0.685101 0.736844
0.666684 0.75037
0.655707 0.758371
0.734617 0.795611
0.718554 0.790252
0.736648 0.82856
0.718123 0.844328
0.673255 0.830373
0.690799 0.79526
0.664017 0.842376
0.626387 0.828696
0.582062 0.842037
0.577352 0.843612
0.592107 0.820889
0.601078 0.808054
0.590807 0.807497
0.597169 0.795462
0.62427 0.7539
0.61404 0.757295
0.630536 0.734664
0.695504 0.646514
0.703758 0.63105
0.656348 0.675871
0.601794 0.746043
0.586803 0.771167
0.586932 0.771619
0.533156 0.827738
0.510775 0.846122
0.50349 0.8452
0.618252 0.704154
0.52145 0.815631
0.510231 0.827503
0.614785 0.704978
0.59047 0.724089
0.65892 0.651656
0.568758 0.736796
0.584226 0.718987
0.62374 0.678491
0.584255 0.715575
0.556332 0.744012
0.51561 0.756996
0.483386 0.798578
0.500392 0.759977
0.516024 0.737248
0.485032 0.77698
0.508539 0.730118
0.537325 0.707539
0.612772 0.679606
0.618078 0.670875
0.590036 0.676724
0.522608 0.710458
0.537688 0.691343
0.582764 0.657451
0.684794 0.613911
0.748685 0.613207
0.743161 0.60648
0.776358 0.615107
0.750678 0.603906
0.686855 0.590901
0.665608 0.586419
0.655515 0.594352
0.666606 0.580402
0.62924 0.589385
0.579469 0.640515
0.633661 0.579029
0.540804 0.66154
0.500185 0.692232
0.544985 0.652854
0.575886 0.597363
0.555254 0.614411
0.50735 0.677059
0.55014 0.609099
0.585045 0.565157
0.577787 0.565796
0.527886 0.630867
0.487051 0.683348
0.536164 0.544974
0.503152 0.609355
0.470259 0.690976
0.497123 0.619977
0.51035 0.542618
0.466289 0.68801
0.468523 0.67043
0.481682 0.615893
0.483185 0.531043
0.454617 0.691301
0.461185 0.650989
0.469491 0.540923
0.451965 0.554696
0.449703 0.605349
0.449694 0.640446
0.43761 0.577109
0.44326 0.631609
0.428522 0.533958
0.416295 0.562555
0.408015 0.55458
0.419927 0.587263
0.39181 0.546465
0.410292 0.608269
0.450909 0.72494
0.421665 0.725372
0.402196 0.759601
0.362853 0.756824
0.389232 0.731045
0.341832 0.761306
0.325819 0.767725
0.1496 0.817778
0.332235 0.76742
0.377298 0.7677
0.439014 0.795233
0.47611 0.803129
0.469743 0.830297
0.409601 0.825426
0.396115 0.825213
0.37474 0.82365
0.347007 0.825236
0.331447 0.826354
0.343427 0.808363
0.333517 0.786222
0.300558 0.822955
0.291238 0.818387
0.255348 0.825198
0.225118 0.847107
0.171179 0.831972
0.145068 0.83404
0.157554 0.82474
0.025207 0.847956
0.019279 0.848579
-0.101808 0.841694
0.050283 0.827154
0.040021 0.819204
0.135136 0.809784
0.156436 0.801797
0.16921 0.789721
0.165742 0.785759
0.148675 0.787002
0.121617 0.78985
0.386001 0.726612
0.361313 0.730638
0.392075 0.714084
0.400337 0.710777
0.093098 0.76425
0.058978 0.768037
0.218084 0.754075
0.160014 0.768893
0.017273 0.808574
-0.140196 0.827641
-0.057981 0.80103
-0.10066 0.798952
-0.091283 0.790769
-0.117892 0.794302
0.028389 0.769724
-0.131576 0.794692
0.04164 0.762721
0.035688 0.760788
-0.051192 0.77594
-0.062025 0.77276
-0.091911 0.774046
0.025434 0.760551
-0.076927 0.767888
0.085066 0.746935
0.026943 0.739086
0.032603 0.736203
0.126844 0.71939
0.101557 0.714332
0.163863 0.701493
0.181142 0.724086
0.213055 0.726609
0.217417 0.715367
0.249472 0.711736
0.243569 0.724712
0.322481 0.715182
0.356841 0.71114
0.404382 0.705464
0.354292 0.710964
0.326005 0.713604
0.39117 0.70442
0.407273 0.704314
0.366278 0.685449
0.322361 0.686268
0.34222 0.674338
0.35458 0.668066
0.383032 0.657678
0.405076 0.644307
0.358135 0.657703
0.322752 0.666728
0.292513 0.670792
0.282825 0.672814
0.299331 0.659464
0.235752 0.673003
0.293403 0.651177
0.331606 0.641554
0.388835 0.625299
0.387322 0.619234
0.315965 0.642041
0.292512 0.627419
0.310759 0.619892
0.335034 0.606576
0.294182 0.597714
0.309616 0.591112
0.268167 0.570538
0.324114 0.564521
0.392577 0.577605
0.396548 0.578052
0.36168 0.499454
0.302342 0.496078
0.343887 0.5408
0.271276 0.475952
0.294747 0.520128
0.250699 0.485662
0.245565 0.469869
0.240752 0.488691
0.326188 0.553533
0.294974 0.526264
0.368378 0.569728
0.35622 0.566187
0.333588 0.561368
0.27323 0.546505
0.253549 0.533198
0.238801 0.505387
0.25028 0.574299
0.252375 0.610332
0.24496 0.586588
0.183522 0.630748
0.237606 0.615236
0.220247 0.624717
0.243876 0.62113
0.20383 0.6766
0.166287 0.649988
0.128676 0.68376
0.067806 0.69944
0.038399 0.695926
0.089433 0.666668
0.140722 0.642042
0.146755 0.636621
0.025608 0.697821
0.100605 0.645262
0.12822 0.63601
0.104838 0.637578
0.054511 0.658084
-0.00714 0.700848
-0.131743 0.752491
-0.077691 0.72282
-0.110381 0.736109
-0.077577 0.713035
-0.106712 0.678312
-0.072148 0.684716
-0.062456 0.683122
-0.028124 0.678459
-0.072578 0.671219
-0.021423 0.665631
0.048807 0.628338
0.110429 0.599968
0.23911 0.541227
0.180797 0.508093
0.171653 0.514459
0.142448 0.576455
0.077271 0.602971
0.083936 0.591961
0.120919 0.548816
0.086844 0.567716
0.079599 0.570301
0.020951 0.60691
-0.069372 0.66113
-0.072734 0.642314
0.125342 0.525793
-0.03568 0.602586
-0.049705 0.619764
-0.128531 0.659744
-0.064599 0.605224
-0.108236 0.622185
-0.109535 0.620744
-0.103839 0.606621
-0.070786 0.595468
-0.090348 0.599257
-0.103636 0.603569
-0.059667 0.547953
-0.066041 0.532904
-0.059679 0.502428
-0.084184 0.518504
-0.11157 0.579335
-0.135474 0.502939
-0.088343 0.483629
-0.138237 0.456312
-0.135157 0.408407
-0.137252 0.404544
-0.076811 0.385069
-0.058462 0.477381
-0.055965 0.470558
-0.05389 0.511495
-0.049957 0.56379
-0.044942 0.576187
0.001341 0.52725
0.019771 0.564146
0.058872 0.527243
-0.05383 0.435515
0.007439 0.448417
0.019099 0.438974
-0.053411 0.402574
-0.050031 0.386955
0.01229 0.397725
0.058081 0.434017
0.08234 0.452519
0.083611 0.446558
0.093246 0.421677
0.113172 0.432087
0.110009 0.43737
0.120545 0.446565
0.12071 0.463768
0.150674 0.45415
0.128526 0.47273
0.070295 0.497738
0.086987 0.51597
0.100086 0.525791
0.105865 0.517588
0.135956 0.514377
0.179282 0.493562
0.150746 0.498074
0.154258 0.492372
0.158186 0.482039
0.169873 0.480912
0.183201 0.474917
0.228496 0.457602
-0.069696 0.37409
-0.092243 0.35317
-0.015162 0.376777
0.198912 0.44723
-0.053626 0.361774
0.036961 0.387621
-0.107217 0.330748
0.126769 0.41649
0.146791 0.423059
0.127896 0.412046
-0.012919 0.355479
-0.053354 0.342706
-0.106164 0.321334
-0.097075 0.309125
0.000842 0.350618
0.055985 0.371063
-0.044427 0.312332
0.141209 0.415633
0.131762 0.392671
0.076505 0.349543
-0.001916 0.301008
0.014149 0.31153
-0.061219 0.290276
-0.052653 0.297091
