1
1000 1
-0.09883 0.602323
-0.072096 0.54392
-0.084803 0.536346
-0.064727 0.515695
-0.02206 0.444291
0.009994 0.401339
0.070582 0.314441
0.110865 0.246412
-0.04197 0.513803
-0.003037 0.45166
0.016276 0.421806
-0.053198 0.53697
0.028761 0.426581
0.020683 0.438956
-0.017253 0.522775
-0.064297 0.565894
-0.057008 0.578645
-0.036564 0.568074
-0.046962 0.597256
0.017181 0.47398
-0.00629 0.50726
0.038955 0.425637
0.009265 0.503853
-0.001368 0.538339
-0.005462 0.561569
0.00546 0.561269
0.020943 0.519783
0.047345 0.408957
0.05003 0.392808
0.0739 0.334838
0.144554 0.20912
0.120152 0.287011
0.098821 0.319068
0.085842 0.357318
0.098749 0.34708
0.078659 0.394116
0.048895 0.467958
0.149805 0.240062
0.029313 0.524965
0.089486 0.427945
0.076973 0.446829
0.074166 0.427617
0.096037 0.411287
0.163043 0.291393
0.154234 0.30328
0.100238 0.387313
0.10036 0.386301
0.108081 0.36737
0.180047 0.202971
0.149562 0.255726
0.146842 0.269861
0.12278 0.310395
0.185809 0.174794
0.184623 0.160506
0.132433 0.210033
0.143728 0.189974
0.133757 0.194162
0.07487 0.250134
0.149222 0.168383
0.055034 0.25474
0.053803 0.26253
0.040591 0.32164
0.026379 0.345852
0.012437 0.339059
0.008424 0.32024
0.009432 0.353821
-0.009386 0.379868
-0.026243 0.381024
-0.028885 0.376371
-0.038699 0.443201
-0.058761 0.485899
-0.08267 0.524121
-0.088852 0.471531
-0.073158 0.45909
-0.070641 0.468782
-0.059213 0.410578
-0.04523 0.407326
-0.031179 0.36698
-0.069266 0.412456
-0.063602 0.383596
-0.004385 0.328154
-0.068105 0.380563
-0.081786 0.394231
-0.080928 0.358053
-0.062861 0.350148
0.004453 0.293274
0.028296 0.2768
0.007139 0.185694
0.011603 0.209412
0.00179 0.251032
0.000921 0.195814
-0.014478 0.146257
-0.01546 0.188804
-0.006106 0.244141
-0.002124 0.2587
-0.049696 0.233241
-0.06532 0.271788
-0.090675 0.357264
-0.062996 0.260672
-0.090851 0.333729
-0.052274 0.200959
-0.07459 0.223088
-0.034665 0.161959
-0.005542 0.075327
-0.033219 0.130278
-0.054673 0.17875
-0.066687 0.113926
-0.072138 0.09069
-0.084495 0.088728
-0.079301 0.142024
-0.079465 0.150498
-0.0917 0.082233
-0.088038 0.03835
-0.096686 -0.007945
-0.096973 -0.049806
-0.087832 -0.026396
-0.05523 0.12918
-0.078138 -0.047971
-0.066186 -0.01669
-0.059101 -0.011771
-0.06592 -0.040343
-0.053607 -0.02968
-0.052488 -0.032125
-0.049611 -0.013262
-0.05001 -0.045773
-0.045792 -0.037587
-0.040837 0.042126
-0.049286 0.149954
-0.033948 0.109249
-0.03071 0.043249
-0.033728 0.017927
-0.022813 -0.017246
-0.026665 0.03253
-0.008176 0.055611
-0.008293 0.054831
-0.001381 0.038553
0.006531 0.089426
0.010351 0.041734
0.016686 0.044068
0.016459 0.074272
0.026552 0.064198
0.019557 0.177653
0.027446 0.20616
0.038972 0.229439
0.025088 0.174506
0.033788 0.075121
0.036172 0.155518
0.036154 0.107798
0.049847 0.160556
0.064391 0.189634
0.077961 0.168921
0.112632 0.143388
0.10856 0.172379
0.136783 0.133694
0.131599 0.093479
0.064013 0.113549
0.04682 0.064802
0.075165 0.038586
0.108522 -0.000255
-0.007822 0.020212
-0.004717 0.016582
0.087158 -0.003157
0.078012 -0.009714
0.04226 -0.013069
0.031716 -0.015839
-0.015999 -0.019225
0.02704 -0.036599
0.028939 -0.04061
-0.027396 -0.076691
-0.027414 -0.077227
-0.035777 -0.096694
-0.018592 -0.082529
0.001625 -0.092094
0.030565 -0.072762
0.039065 -0.073613
0.041484 -0.043126
0.073843 -0.058653
0.100604 -0.097697
0.092684 -0.074864
0.116576 -0.054752
0.117081 -0.027939
0.127092 -0.045889
0.21026 -0.046992
0.26238 -0.053797
0.307498 -0.060105
0.254263 -0.056791
0.194184 -0.088884
0.19627 -0.068299
0.183253 -0.062481
0.130553 -0.06913
0.168337 -0.084884
0.135346 -0.096566
0.149001 -0.09707
0.178352 -0.092799
0.229205 -0.086468
0.281315 -0.087305
0.203821 -0.097702
0.35873 -0.079144
0.346 -0.064966
0.389311 -0.080747
0.454405 -0.080989
0.355741 -0.052733
0.218685 -0.037214
0.143294 -0.028711
0.190458 -0.011499
0.249981 -0.037437
0.30323 -0.034362
0.414678 -0.052315
0.401585 -0.026312
0.402873 -0.005783
0.476338 -0.000598
0.465059 0.007629
0.398579 0.01342
0.369121 0.003132
0.341078 0.003533
0.267078 -0.006035
0.242653 0.005682
0.216667 -0.002132
0.223145 0.021072
0.331583 0.036446
0.365523 0.027172
0.295347 0.022611
0.316423 0.020226
0.442109 0.023063
0.444448 0.026487
0.491173 0.030396
0.514477 0.030711
0.439006 0.03797
0.460855 0.040729
0.352668 0.043112
0.191024 0.023446
0.18278 0.0238
0.205242 0.03144
0.31228 0.041023
0.18403 0.039368
0.266905 0.047457
0.279769 0.064663
0.182939 0.070566
0.17527 0.075727
0.211016 0.079206
0.215183 0.081774
0.189428 0.090314
0.273168 0.075543
0.181268 0.109372
0.324753 0.066626
0.361258 0.05718
0.383785 0.052218
0.233778 0.118431
0.190506 0.147544
0.216892 0.138131
0.284885 0.11328
0.287021 0.126608
0.276292 0.135018
0.190543 0.159987
0.207241 0.178392
0.249913 0.153989
0.218072 0.233689
0.28096 0.145334
0.282326 0.150763
0.28639 0.149103
0.253734 0.217511
0.304056 0.173453
0.328868 0.14475
0.333427 0.145305
0.33792 0.104789
0.348843 0.139025
0.300315 0.222867
0.230258 0.301643
0.275627 0.270774
0.331427 0.190279
0.271144 0.298409
0.295965 0.256873
0.326902 0.210491
0.314188 0.250911
0.275041 0.360764
0.294348 0.318462
0.336138 0.204298
0.301477 0.319495
0.353288 0.172193
0.33341 0.244896
0.342441 0.233764
0.321992 0.284538
0.315071 0.307779
0.335972 0.264531
0.383052 0.168911
0.339908 0.263537
0.358206 0.227299
0.372739 0.207428
0.39474 0.175821
0.38575 0.193306
0.348203 0.251955
0.337459 0.28215
0.335524 0.287652
0.411433 0.154895
0.406664 0.166536
0.410192 0.168963
0.385805 0.214073
0.367187 0.248559
0.381087 0.230913
0.397188 0.204298
0.43416 0.158171
0.452916 0.16667
0.460537 0.147526
0.451998 0.13753
0.496579 0.104766
0.449274 0.106668
0.446063 0.05475
0.451027 0.066579
0.467271 0.08239
0.486515 0.071097
0.487672 0.060131
0.517433 0.056898
0.537538 0.079955
0.530823 0.058554
0.579965 0.111105
0.617754 0.148488
0.604398 0.149499
0.586666 0.147626
0.564481 0.132292
0.587793 0.171701
0.618768 0.226898
0.636662 0.20469
0.642045 0.177692
0.644058 0.253315
0.647282 0.269053
0.668389 0.258464
0.653569 0.204287
0.669767 0.225552
0.676816 0.223535
0.686482 0.217124
0.653363 0.182905
0.66745 0.193652
0.664621 0.18409
0.689486 0.20666
0.700019 0.22212
0.710083 0.255986
0.71334 0.238187
0.71658 0.251061
0.737919 0.234387
0.597657 0.076958
0.626241 0.11792
0.601861 0.101394
0.570451 0.071366
0.540364 0.05076
0.530639 0.045415
0.50806 0.005567
0.50704 -0.023405
0.507334 -0.026837
0.671322 0.137917
0.570413 0.033213
0.543889 0.004605
0.569858 0.025168
0.758818 0.210456
0.706409 0.157504
0.650004 0.098273
0.63067 0.078824
0.605637 0.053441
0.526186 -0.029305
0.487725 -0.073252
0.536347 -0.039203
0.543622 -0.03575
0.598336 0.027808
0.633031 0.05535
0.616262 0.034215
0.571356 -0.022244
0.569377 -0.036719
0.555144 -0.056128
0.520142 -0.098891
0.563748 -0.063381
0.583565 -0.061186
0.603376 -0.01701
0.677149 0.068304
0.646504 0.034275
0.599526 -0.008579
0.727829 0.134903
0.704798 0.10272
0.748915 0.158013
0.767467 0.179679
0.761403 0.152257
0.728126 0.096395
0.719022 0.092586
0.744098 0.128671
0.672831 0.035111
0.664625 0.01557
0.634827 -0.019976
0.68421 -0.009283
0.701015 -0.018371
0.701284 -0.025359
0.709861 -0.044098
0.713131 -0.042751
0.710998 -0.049348
0.678298 -0.057984
0.664393 -0.053407
0.575553 -0.096788
0.665483 -0.073499
0.710362 -0.073885
0.739306 -0.069951
0.775568 -0.014538
0.790774 0.007859
0.740733 -0.036744
0.729292 -0.033429
0.725716 -0.020431
0.712745 0.043387
0.732793 0.017438
0.739142 -0.007314
0.817051 0.049598
0.804318 0.057265
0.743132 0.027611
0.775821 0.06131
0.825072 0.069153
0.833858 0.064704
0.852971 -0.007304
0.848039 -0.021384
0.825683 -0.010073
0.803641 -0.072252
0.816655 -0.072295
0.819136 -0.098169
0.847727 -0.075787
0.854321 -0.042497
0.875719 -0.030323
0.890711 -0.0544
0.868735 0.034493
0.874992 0.061815
0.867635 0.061293
0.878302 0.070826
0.876618 0.025183
0.894138 0.055021
0.899489 0.097433
0.878804 0.094968
0.858947 0.093319
0.74563 0.060337
0.799652 0.080896
0.720593 0.055
0.810432 0.093372
0.806589 0.102287
0.839062 0.176528
0.79019 0.102932
0.762993 0.115437
0.839973 0.19708
0.895897 0.215472
0.858181 0.226374
0.834745 0.229804
0.858981 0.236343
0.884912 0.229021
0.887699 0.231561
0.893313 0.287005
0.891654 0.290186
0.892715 0.30724
0.883969 0.309316
0.871633 0.298987
0.881722 0.353181
0.856172 0.305204
0.824713 0.261652
0.782184 0.261629
0.78137 0.262878
0.772679 0.248702
0.754532 0.278859
0.770844 0.306122
0.868609 0.366286
0.853976 0.380347
0.850452 0.380124
0.775068 0.314014
0.755585 0.30456
0.758016 0.310508
0.760254 0.312049
0.737686 0.307516
0.800836 0.342167
0.768526 0.335895
0.746609 0.342564
0.846144 0.40323
0.810873 0.431555
0.787473 0.404091
0.783046 0.43142
0.765847 0.379188
0.757151 0.371562
0.738968 0.335049
0.771827 0.469047
0.782689 0.527242
0.810352 0.44916
0.817809 0.438213
0.883529 0.386228
0.896824 0.437217
0.871189 0.490049
0.85582 0.509051
0.837079 0.550888
0.889801 0.467486
0.885257 0.492092
0.890981 0.522339
0.887694 0.556782
0.864769 0.594713
0.871742 0.607964
0.898697 0.728595
0.8578 0.622235
0.858213 0.640228
0.894508 0.779706
0.88943 0.782985
0.846937 0.627526
0.883164 0.794372
0.831961 0.57378
0.859877 0.721355
0.79947 0.525341
0.855394 0.704475
0.798499 0.521993
0.817193 0.603154
0.840217 0.670473
0.856691 0.720083
0.856769 0.730724
0.865689 0.763592
0.794509 0.587003
0.737648 0.457524
0.755903 0.469055
0.755758 0.462377
0.74673 0.42275
0.693713 0.280378
0.689024 0.345814
0.704346 0.384666
0.879295 0.811568
0.889512 0.846284
0.726521 0.45378
0.658834 0.290151
0.651032 0.306396
0.673395 0.351237
0.768473 0.562011
0.849646 0.765724
0.729332 0.485545
0.742934 0.537864
0.841828 0.763609
0.851528 0.781562
0.893291 0.892363
0.791238 0.850436
0.786324 0.859282
0.788797 0.886001
0.792431 0.872273
0.801301 0.878935
0.823206 0.879647
0.831127 0.893445
0.791756 0.897741
0.706647 0.890755
0.650077 0.898755
0.713123 0.861236
0.74402 0.841502
0.618132 0.887704
0.6049 0.883633
0.56541 0.891782
0.643933 0.842324
0.664803 0.834563
0.755788 0.835408
0.829114 0.859643
0.782867 0.841529
0.73131 0.812066
0.754489 0.810709
0.828809 0.826131
0.881367 0.872076
0.840467 0.82873
0.848792 0.818851
0.840649 0.798986
0.839861 0.776262
0.822979 0.778277
0.823539 0.75439
0.822054 0.768149
0.819249 0.749242
0.753104 0.774617
0.795456 0.700624
0.73872 0.764327
0.665993 0.76586
0.741048 0.773997
0.655315 0.768488
0.636399 0.805939
0.702054 0.800314
0.628658 0.832528
0.584095 0.855972
0.595072 0.836944
0.595105 0.833348
0.521318 0.842638
0.51425 0.846337
0.542847 0.852171
0.564079 0.8543
0.466547 0.883417
0.554688 0.858639
0.499043 0.87913
0.447801 0.897901
0.448091 0.888408
0.472704 0.848123
0.431917 0.874244
0.410063 0.891169
0.390005 0.864599
0.223114 0.895379
0.416757 0.853624
0.227857 0.88911
0.262819 0.88243
0.236106 0.886691
0.44898 0.844664
0.49177 0.841233
0.575749 0.828185
0.598623 0.823647
0.568086 0.821543
0.527512 0.826313
0.396142 0.847704
0.605562 0.807625
0.474592 0.829046
0.566068 0.803576
0.616667 0.790641
0.5482 0.794658
0.388093 0.840436
0.451138 0.812756
0.257688 0.871398
0.430991 0.799367
0.498724 0.766079
0.452067 0.79512
0.492981 0.788355
0.534572 0.75389
0.546045 0.743241
0.520998 0.750624
0.50989 0.754221
0.357422 0.810553
0.386507 0.789898
0.50134 0.74466
0.374014 0.792217
0.301756 0.83418
0.237243 0.87113
0.427267 0.760092
0.304378 0.809222
0.356794 0.784327
0.382598 0.769267
0.417192 0.749094
0.33168 0.783556
0.263702 0.821063
0.196479 0.86933
0.195802 0.859165
0.236082 0.82716
0.150942 0.861725
0.296028 0.784509
0.214556 0.815535
0.313562 0.74502
0.225798 0.802853
0.263021 0.770351
0.255029 0.774467
0.219956 0.803454
0.183181 0.826328
0.215046 0.797491
0.227431 0.787622
0.257315 0.750186
0.289793 0.748916
0.310452 0.743673
0.426905 0.734562
0.425519 0.733745
0.673962 0.723926
0.607814 0.716238
0.463875 0.729016
0.552576 0.711707
0.756532 0.688166
0.7339 0.688304
0.714542 0.688885
0.532239 0.708949
0.511746 0.709873
0.653856 0.686146
0.750493 0.673435
0.763201 0.670998
0.477736 0.704218
0.633258 0.681301
0.587434 0.685784
0.625001 0.679126
0.4692 0.686906
0.346777 0.713624
0.320571 0.724787
0.308165 0.713158
0.373675 0.697658
0.360398 0.699106
0.372955 0.693345
0.738374 0.656875
0.661497 0.661773
0.708731 0.656588
0.715201 0.655659
0.750832 0.638696
0.726871 0.578817
0.71961 0.542543
0.755429 0.628436
0.731306 0.544835
0.708162 0.483106
0.674935 0.470683
0.678495 0.481639
0.673778 0.503118
0.674718 0.530197
0.728794 0.626471
0.714289 0.634505
0.700119 0.627515
0.653444 0.570281
0.698844 0.641713
0.631078 0.640571
0.63205 0.632643
0.651686 0.526109
0.617844 0.61629
0.589328 0.643924
0.583565 0.655924
0.577045 0.65937
0.606672 0.594431
0.621613 0.562152
0.521629 0.658943
0.474008 0.673945
0.577535 0.575288
0.51458 0.630319
0.510472 0.626914
0.65853 0.492931
0.548061 0.592043
0.531847 0.605208
0.639054 0.50533
0.512236 0.617691
0.554518 0.557742
0.61122 0.513161
0.625169 0.50117
0.594647 0.49373
0.674531 0.464975
0.664962 0.453869
0.663114 0.440535
0.647194 0.449493
0.665216 0.426208
0.661569 0.419609
0.657433 0.421079
0.631316 0.467096
0.595282 0.48754
0.582458 0.501094
0.563608 0.512166
0.467362 0.643991
0.491132 0.597707
0.505044 0.55772
0.565295 0.452877
0.514979 0.559139
0.531707 0.54448
0.597544 0.432412
0.619301 0.427546
0.624666 0.412015
0.638444 0.36932
0.633404 0.37149
0.62783 0.313699
0.620821 0.305738
0.622502 0.284947
0.590245 0.316715
0.590559 0.331659
0.476756 0.475363
0.481387 0.499088
0.493822 0.473803
0.512584 0.448384
0.532665 0.425451
0.549594 0.411687
0.584373 0.357236
0.468099 0.627529
0.45522 0.617198
0.413135 0.670726
0.37734 0.651236
0.459569 0.605746
0.421402 0.6239
0.391496 0.640779
0.420541 0.61942
0.415887 0.606802
0.396808 0.624171
0.383637 0.62877
0.396803 0.602615
0.385882 0.610884
0.341724 0.656353
0.398274 0.584842
0.351241 0.639801
0.333645 0.654475
0.415766 0.535565
0.384278 0.573094
0.301377 0.673682
0.360463 0.594142
0.492426 0.423732
0.518622 0.391583
0.58553 0.312272
0.5684 0.331225
0.452626 0.462805
0.598887 0.290376
0.548973 0.345336
0.575252 0.294978
0.587329 0.268766
0.56917 0.201094
0.569036 0.256867
0.539101 0.23167
0.552289 0.251344
0.533387 0.274585
0.566946 0.282131
0.487618 0.273695
0.442497 0.36043
0.461376 0.339369
0.426917 0.393526
0.449567 0.371615
0.392204 0.466965
0.457449 0.3707
0.455252 0.376532
0.49616 0.317588
0.407639 0.454664
0.459943 0.380356
0.415582 0.450486
0.451134 0.413903
0.463531 0.407903
0.50655 0.37488
0.444735 0.462469
0.393447 0.528059
0.341079 0.588288
0.335599 0.592521
0.325746 0.595613
0.387547 0.526137
0.385579 0.522854
0.401997 0.500423
0.365258 0.543422
0.315663 0.597375
0.2823 0.660614
0.315362 0.581533
0.27556 0.649839
0.271553 0.626985
0.24081 0.672676
0.219855 0.702091
0.262442 0.682692
0.246495 0.715735
0.229945 0.737025
0.140909 0.853938
0.104034 0.869832
0.189113 0.768905
0.096274 0.872814
0.0689 0.882884
0.14216 0.815426
0.15119 0.795235
0.065476 0.853579
0.198958 0.743497
0.109363 0.811884
0.114814 0.795557
0.216369 0.67023
0.049047 0.844704
0.219945 0.659922
0.355585 0.509023
0.346409 0.516494
0.335116 0.501273
0.364842 0.474126
0.359042 0.50466
0.42281 0.388271
0.426848 0.380868
0.306304 0.515822
0.313638 0.525036
0.201684 0.656945
0.204115 0.643591
0.182807 0.691155
0.101741 0.774493
0.098803 0.775699
0.254169 0.576512
0.29491 0.523324
0.391637 0.400185
0.200773 0.635786
0.344788 0.4418
0.312952 0.480404
0.268396 0.539141
0.363621 0.408124
0.396739 0.366842
0.456686 0.289542
0.439507 0.310335
0.49604 0.235836
0.447229 0.296523
0.454276 0.286118
0.464252 0.263525
0.412799 0.335041
0.382595 0.37277
0.511248 0.1926
0.38727 0.360356
0.414931 0.321381
0.455567 0.263357
0.443931 0.277983
0.294062 0.485469
0.310351 0.452279
0.02065 0.872712
0.048199 0.832282
0.0699 0.75585
0.096367 0.729667
0.191045 0.613739
0.185022 0.616526
0.14045 0.666557
0.030937 0.789926
0.065576 0.748442
0.064862 0.741081
0.210778 0.576971
0.268235 0.491794
0.190464 0.590088
0.210531 0.557885
0.338215 0.407647
0.289389 0.48036
0.339605 0.409673
0.365223 0.368917
0.354354 0.381939
0.320583 0.413867
0.45693 0.247162
0.426255 0.272327
0.399069 0.308961
0.371244 0.339091
0.388184 0.305849
0.359748 0.331257
0.203938 0.543038
0.064912 0.728383
0.093645 0.685973
0.062051 0.727404
0.199408 0.532241
0.003899 0.793421
0.064889 0.700703
-0.023178 0.82151
0.073531 0.686872
0.026633 0.750571
0.003019 0.782853
-0.07756 0.867861
-0.077313 0.866601
0.05211 0.703766
0.025344 0.717951
0.156715 0.560804
0.1573 0.56192
0.296979 0.395161
0.096903 0.618426
0.059631 0.652749
0.190932 0.506605
0.056372 0.655984
-0.036679 0.756113
-0.09466 0.81912
0.185154 0.511321
-0.019585 0.723609
-0.035261 0.740117
0.048053 0.645943
-0.014781 0.712253
-0.082611 0.762326
-0.069547 0.741142
0.028629 0.643306
0.127876 0.552565
0.011041 0.65856
0.210227 0.476331
0.183828 0.494096
0.140417 0.538031
0.138185 0.534076
0.101289 0.569497
0.074956 0.593086
0.011909 0.655763
-0.041445 0.708763
0.050731 0.616495
0.024968 0.640812
-0.035411 0.693587
0.174155 0.492938
0.195631 0.46611
0.173425 0.479205
0.351783 0.28442
0.404667 0.227303
0.390818 0.242471
0.274814 0.369343
0.255675 0.394131
0.227065 0.427803
0.384578 0.25311
0.304744 0.362793
0.461851 0.217261
0.549564 0.123948
0.497252 0.157692
0.434551 0.204025
0.509055 0.13025
0.464807 0.163112
0.137966 0.506749
-0.029921 0.674885
-0.058922 0.701647
0.087991 0.53327
-0.016059 0.642456
-0.036752 0.662267
-0.025035 0.639675
0.051079 0.553285
0.095508 0.522009
0.077312 0.52112
0.130889 0.482885
0.178305 0.447021
0.136358 0.475663
0.102722 0.49583
0.094209 0.501893
0.176418 0.41189
0.179311 0.410425
0.20282 0.417878
0.207721 0.416963
0.244532 0.388482
0.217115 0.388887
0.202616 0.372688
0.230433 0.330298
0.214612 0.336234
0.181062 0.372862
0.160752 0.357896
0.19704 0.29349
0.211695 0.302169
0.212719 0.274365
0.20564 0.254614
0.172899 0.311219
0.057488 0.502223
-0.016157 0.62146
0.0866 0.442781
0.157182 0.323944
0.114907 0.393466
0.094356 0.424054
0.057255 0.490266
-0.031384 0.637873
-0.029561 0.618016
-0.049908 0.659353
-0.071052 0.696227
-0.096245 0.705155
-0.089011 0.651137
-0.098507 0.608618
