1
100 1
0.011517 0.456768
0.376702 0.559712
0.398268 0.437531
0.296556 0.426525
0.269124 0.451308
0.291467 0.466279
0.228557 0.468191
0.277353 0.487845
0.147113 0.475727
0.194797 0.398351
0.165831 0.338759
0.118044 0.298625
0.240092 0.348805
0.296469 0.388073
0.236864 0.338529
0.228257 0.314623
0.36735 0.368643
0.303472 0.277722
0.260622 0.22863
0.281522 0.057807
0.281808 0.138183
0.410008 0.308362
0.50052 0.390953
0.618733 0.488189
0.677861 0.460159
0.439126 0.254701
0.626544 0.387808
0.586381 0.344458
0.506655 0.219796
0.458887 0.180625
0.325498 0.060271
0.456345 0.095611
0.418965 0.057703
0.544386 0.110815
0.556932 0.154439
0.535994 0.147297
0.387871 0.089653
0.395153 0.098708
0.560071 0.252011
0.644237 0.293699
0.609677 0.235171
0.581592 0.182609
0.606893 0.178019
0.548607 0.04646
0.604042 0.15816
0.626835 0.191447
0.543721 0.030771
0.710588 0.331319
0.688745 0.26259
0.746114 0.34987
0.870839 0.320306
0.808985 0.308634
0.757093 0.295189
0.680238 0.1628
0.71099 0.103114
0.774137 0.159095
0.849635 0.303277
0.934864 0.30364
0.850064 0.383067
0.977017 0.588998
0.867788 0.540293
0.806246 0.488414
0.770178 0.462626
0.777671 0.52935
0.706478 0.378284
0.702475 0.370746
0.809881 0.647458
0.808174 0.775518
0.804822 0.878541
0.786784 0.78228
0.724805 0.431365
0.750375 0.611349
0.70206 0.374118
0.784121 0.892721
0.663679 0.714534
0.655135 0.76948
0.640874 0.792545
0.576895 0.621463
0.461075 0.516746
0.603131 0.723013
0.583152 0.723488
0.628536 0.833972
0.580268 0.809257
0.603159 0.866629
0.573556 0.885988
0.482261 0.91009
0.451806 0.890774
0.447736 0.860648
0.481628 0.818673
0.388334 0.879836
0.244616 0.816124
0.153306 0.631583
0.419396 0.72726
0.470068 0.724677
0.550445 0.689845
0.421579 0.646678
0.478549 0.652837
0.395412 0.64174
0.317728 0.599538
0.04061 0.485491
