1
100 1
-0.371705 -0.141862
-0.279945 -0.287198
-0.253737 -0.097477
-0.26317 -0.237442
-0.226267 -0.224042
-0.206123 -0.206484
-0.187214 -0.278263
-0.184312 -0.392944
-0.051482 -0.387692
-0.077507 -0.31647
-0.073012 -0.309483
-0.160188 -0.133921
-0.106548 -0.136406
-0.048182 -0.096118
-0.046978 -0.224896
-0.029511 -0.161028
0.001166 -0.286356
0.110135 -0.332591
0.066273 -0.250977
0.048611 -0.091149
-0.011484 0.037433
-0.008668 0.034927
0.005679 0.072351
0.181171 -0.216097
0.093882 -0.050186
0.25715 -0.26829
0.291996 -0.357986
0.174476 -0.376603
0.344254 -0.398174
0.401493 -0.390358
0.516499 -0.357531
0.580295 -0.347761
0.520636 -0.324955
0.435312 -0.239859
0.432829 -0.264974
0.369053 -0.192425
0.348784 -0.181489
0.085962 0.085354
0.329736 -0.121368
0.424018 -0.194535
0.27906 -0.005096
0.393055 -0.038216
0.218886 0.126404
0.270776 0.192207
0.323715 0.110162
0.377639 0.071957
0.389497 0.071287
0.318708 0.166851
0.51999 -0.055938
0.38777 0.181712
0.32017 0.238901
0.491528 0.192537
0.500672 0.162545
0.521256 0.131776
0.578578 -0.245995
0.58503 -0.006896
0.556036 0.032025
0.53894 0.143064
0.527849 0.163914
0.497511 0.307117
0.241489 0.247022
0.273901 0.290405
0.296236 0.32303
0.310222 0.273517
0.334457 0.365212
0.470166 0.444306
0.32614 0.365192
0.408543 0.532501
0.347709 0.525384
0.100975 0.535024
0.088357 0.55187
-0.235518 0.515815
-0.149385 0.477455
-0.251489 0.464014
0.273158 0.484027
0.356687 0.484307
0.039723 0.450503
0.236425 0.443178
0.145366 0.438492
0.259122 0.36889
0.202995 0.237977
0.13978 0.279129
-0.269783 0.447055
-0.11713 0.258111
0.009913 0.149805
0.409069 -0.283624
0.331572 -0.256128
-0.15105 0.285366
-0.044924 0.093375
-0.300696 0.319595
-0.277246 0.349217
-0.336501 0.389739
-0.127006 -0.064369
-0.367107 0.284428
-0.205666 -0.004643
-0.208912 -0.067336
-0.272153 -0.012835
-0.340366 0.106352
-0.363987 0.02075
-0.355636 0.005227
