1
100 1
0.334515 0.851533
0.440372 0.714755
0.351819 0.431792
0.447407 0.686064
0.448241 0.682345
0.490665 0.59261
0.340388 0.363411
0.449702 0.344391
0.649149 0.32251
0.545996 0.343773
0.7439 0.312117
0.525063 0.394646
0.700084 0.354519
0.637848 0.431467
0.870341 0.306264
0.615657 0.46247
0.688692 0.458075
0.768504 0.378547
0.708209 0.447784
0.874504 0.321425
0.667358 0.514737
0.868328 0.383217
0.842577 0.474533
0.865233 0.455089
0.912402 0.38673
0.972725 0.379167
1.22852 0.393492
1.15219 0.408711
0.945231 0.422876
0.929447 0.439271
1.15478 0.440901
1.25407 0.443176
1.12689 0.463386
1.25691 0.443858
0.911834 0.55596
0.973954 0.578077
1.12443 0.579727
1.27232 0.613191
1.01768 0.608547
1.10356 0.668476
1.26728 0.790713
0.961369 0.68213
1.19528 0.753398
0.973794 0.648588
0.825027 0.60805
0.834984 0.641564
0.677262 0.593486
1.00889 0.744437
1.26234 0.922809
1.28689 0.939936
1.23414 0.956135
1.02779 0.885007
0.924615 0.804449
0.91202 0.805513
1.05514 0.924594
1.05014 0.938386
0.592167 0.568108
0.911023 0.836372
1.26805 1.1426
1.11494 1.01924
1.20792 1.11115
0.469994 0.491606
0.547995 0.597135
0.801536 0.844667
0.81228 0.85622
1.18952 1.11038
1.22256 1.22978
0.954963 0.988618
0.888235 0.940681
0.784809 0.845776
0.709135 0.792673
0.586405 0.719043
0.763597 0.866288
1.04931 1.13721
1.19469 1.29972
0.993321 1.20569
0.895352 1.16515
0.87249 1.03027
0.893022 1.03389
0.743358 0.942223
0.709596 0.937089
0.836342 1.25135
0.727901 1.0366
0.604535 0.807634
0.566524 0.770346
0.622338 0.940149
0.656479 1.13069
0.570022 0.953432
0.697296 1.2538
0.702299 1.26898
0.622966 1.27378
0.548655 1.20617
0.515457 1.25676
0.459757 1.1492
0.451716 1.29369
0.427431 1.06295
0.474848 0.815303
0.367231 0.987782
0.354721 0.978948
0.458745 0.738464
