1
100 1
0.212479 0.432246
0.215975 0.389797
0.310344 0.429249
0.343611 0.46423
0.246509 0.301009
0.308107 0.391283
0.367735 0.483441
0.480389 0.667528
0.483349 0.672287
0.230907 0.222545
0.422606 0.203368
0.447921 0.273137
0.466721 0.316993
0.488982 0.466573
0.493315 0.467593
0.562288 0.418659
0.492561 0.573923
0.529505 0.52481
0.51435 0.660448
0.59824 0.43439
0.590443 0.51694
0.66969 0.257374
0.687541 0.22841
0.698601 0.222316
0.721186 0.325847
0.735184 0.363947
0.653159 0.457821
0.640583 0.441097
0.648382 0.488885
0.496076 0.786637
0.635375 0.534867
0.666775 0.520277
0.594072 0.669017
0.617921 0.633372
0.80647 0.285421
0.571569 0.775843
0.778949 0.738961
0.695977 0.775517
0.7086 0.922269
0.65399 0.937946
0.812097 0.945138
0.802651 0.516093
0.809328 0.322729
0.823927 0.525057
0.855701 0.388234
0.866558 0.525784
0.944029 0.567041
0.919699 0.708097
0.867618 0.615309
0.851491 0.674723
0.836196 0.911061
0.902737 0.904759
0.961795 0.644819
1.00046 0.571807
0.965063 0.475072
1.07336 0.446821
1.03764 0.437188
1.01802 0.235273
1.15341 0.248028
1.14354 0.294143
1.13562 0.384399
1.14527 0.383663
1.15063 0.616008
1.18447 0.339587
1.18956 0.769052
1.15668 0.915567
1.15843 1.06278
1.1506 1.01466
1.11603 0.541216
1.10616 1.13045
1.09588 1.02651
1.04575 0.985213
1.02002 0.765596
0.977569 1.04543
0.995331 1.11738
1.05344 1.16567
0.759973 1.08661
0.882122 1.07943
0.881481 1.07245
0.631488 0.950932
0.613899 0.962934
0.508921 0.958826
0.449411 0.988092
0.573815 1.0285
0.7098 1.06841
0.657901 1.16785
0.81731 1.13197
0.660577 1.18815
0.455815 1.08279
0.446737 1.17807
0.343248 1.17374
0.373812 1.03046
0.417122 0.928398
0.353813 0.887156
0.260262 0.888724
0.269167 0.651812
0.249259 0.536251
0.357463 0.727948
0.366446 0.64187
0.220246 0.445801
