1
1000 1
0.050125 0.151617
0.068626 0.149888
0.236667 0.153846
0.241925 0.15884
0.265118 0.14823
0.377486 0.146941
0.456572 0.154044
0.534732 0.149043
0.33367 0.138036
0.350028 0.124132
0.408895 0.107355
0.350334 0.105435
0.250634 0.142818
0.219902 0.133833
0.363812 0.096188
0.179885 0.13896
0.159329 0.129619
0.123 0.067768
0.147072 0.064681
0.228198 0.073548
0.276827 0.069756
0.341419 0.080192
0.484637 0.092043
0.539449 0.087096
0.545708 0.085237
0.48237 0.077454
0.439093 0.06971
0.282119 0.060172
0.454775 0.067594
0.284817 0.05602
0.539047 0.057727
0.506788 0.065707
0.542572 0.064284
0.519389 0.070039
0.691683 0.055553
0.69679 0.055828
0.645616 0.075275
0.725483 0.061482
0.739409 0.052486
0.746512 0.050725
0.835802 0.052693
0.773678 0.063477
0.662613 0.080053
0.680864 0.084446
0.766864 0.070296
0.746759 0.07787
0.649868 0.090272
0.688314 0.089361
0.640892 0.095458
0.826757 0.076845
0.516663 0.11157
0.642469 0.102875
0.501348 0.120325
0.519483 0.119888
0.588811 0.120789
0.612864 0.127929
0.688613 0.115733
0.655184 0.14148
0.662752 0.156645
0.70056 0.113823
0.718646 0.112211
0.716824 0.143473
0.730794 0.121443
0.747194 0.131456
0.736864 0.112125
0.813217 0.104322
0.815221 0.100753
0.779078 0.184178
0.762708 0.210463
0.71457 0.298272
0.751613 0.250186
0.752824 0.274015
0.773566 0.262666
0.806604 0.184673
0.82043 0.235365
0.809509 0.172248
0.854004 0.07103
0.880991 0.073449
0.890586 0.050769
0.95995 0.077303
0.912478 0.05752
0.961728 0.055203
1.01997 0.070427
1.04968 0.086591
0.956115 0.108859
1.0224 0.099833
1.02717 0.107482
1.0155 0.138182
0.970155 0.157123
0.927859 0.117224
0.960869 0.171773
0.931054 0.146629
0.917485 0.136451
0.914598 0.157483
0.898513 0.156583
0.943541 0.185562
0.903018 0.186267
0.877146 0.189375
0.866707 0.177467
0.862329 0.210695
0.853354 0.240622
0.882625 0.22507
0.960315 0.185544
0.942379 0.199088
0.96869 0.192778
0.954489 0.209187
0.86239 0.245823
0.832956 0.252576
0.795779 0.280142
0.77916 0.288877
0.683578 0.345091
0.679421 0.356869
0.694369 0.363255
0.76476 0.324557
0.722895 0.345351
0.7799 0.312515
0.781232 0.299075
0.805587 0.292941
0.803305 0.2889
0.819872 0.283843
0.83825 0.274413
0.888618 0.2562
0.932079 0.247954
0.830835 0.330746
0.768141 0.384299
0.849587 0.325272
0.766727 0.397316
0.736465 0.427849
0.746297 0.411586
0.7329 0.41466
0.715718 0.430948
0.683406 0.462352
0.663843 0.478512
0.642405 0.489878
0.630599 0.488512
0.743646 0.387904
0.776627 0.357748
0.798388 0.337355
0.698896 0.416199
0.804313 0.317848
0.776949 0.332042
0.725615 0.375866
0.677482 0.428139
0.730431 0.35979
0.679656 0.403034
0.654121 0.456337
0.653699 0.423191
0.632362 0.467565
0.627369 0.467468
0.634542 0.452821
0.565771 0.565253
0.810399 0.380661
0.82363 0.369792
0.841439 0.361464
0.860542 0.355433
0.782367 0.427513
0.641277 0.521718
0.637735 0.524325
0.744925 0.458151
0.797862 0.426077
0.751105 0.459042
0.685052 0.502793
0.669906 0.526151
0.705721 0.511663
0.618838 0.595551
0.643479 0.546016
0.628944 0.570814
0.608186 0.607169
0.628213 0.593703
0.661503 0.637715
0.662359 0.617116
0.672327 0.623253
0.674112 0.576426
0.687639 0.593919
0.676908 0.576871
0.664317 0.557773
0.697302 0.539569
0.714094 0.555275
0.781804 0.458194
0.777689 0.474973
0.682082 0.614037
0.62586 0.699343
0.625246 0.710214
0.619759 0.732567
0.624473 0.730802
0.632506 0.719862
0.645304 0.715856
0.661698 0.696939
0.643212 0.705125
0.686845 0.658041
0.623495 0.789725
0.556698 0.924572
0.581152 0.880345
0.550711 0.953891
0.676223 0.697805
0.599102 0.865619
0.631568 0.806489
0.649247 0.773754
0.700661 0.656402
0.644899 0.811991
0.647145 0.806417
0.766871 0.510863
0.766881 0.514361
0.754396 0.602205
0.786376 0.53263
0.831256 0.489485
0.825435 0.445296
0.787237 0.462677
0.853743 0.381565
0.87986 0.339313
0.797088 0.448424
0.87617 0.33686
0.89704 0.312204
0.894157 0.347328
0.899678 0.336957
0.90976 0.325506
0.968363 0.207528
0.99904 0.175844
1.04582 0.100023
1.02257 0.155628
0.982142 0.211921
0.922225 0.340702
0.934926 0.320844
0.891961 0.407802
0.805267 0.557681
0.908035 0.367529
0.771496 0.614044
0.721737 0.687206
0.691489 0.750271
0.692472 0.752102
0.684802 0.766839
0.732739 0.687704
0.872505 0.455344
0.929344 0.384038
0.989035 0.264444
0.950697 0.347883
1.0057 0.254821
0.9507 0.352447
0.951985 0.359271
1.04395 0.224781
0.975527 0.334038
0.68772 0.771349
0.732654 0.709451
1.00218 0.299105
0.887064 0.481464
0.985299 0.33408
0.89879 0.466906
0.963379 0.373188
0.888831 0.492318
0.955684 0.399153
0.951807 0.406948
1.02087 0.322443
0.996012 0.358956
0.892827 0.489002
0.95838 0.409396
1.00344 0.352135
1.04204 0.34264
0.985058 0.417775
0.980991 0.404199
0.964862 0.436937
0.921646 0.502075
0.908445 0.535932
0.915639 0.545818
0.906863 0.55884
0.922332 0.569702
0.878234 0.662327
0.840594 0.749978
0.824064 0.793508
0.918761 0.599986
0.800267 0.850422
0.919374 0.608958
0.848395 0.779459
0.854005 0.785896
0.910761 0.641033
0.90906 0.661389
0.881413 0.764639
0.916672 0.654119
0.898797 0.730428
0.928998 0.647027
0.894983 0.763114
0.928016 0.668913
0.932669 0.722992
0.951594 0.594099
0.974997 0.572111
0.955474 0.582928
0.967629 0.559587
0.95589 0.556556
0.958372 0.52549
0.998595 0.572152
0.99875 0.484136
0.999823 0.468896
1.00906 0.510924
1.00699 0.440541
1.04725 0.350016
1.04828 0.35636
1.04035 0.433529
1.04701 0.418268
1.01736 0.558546
1.02643 0.462024
0.982254 0.688927
0.992266 0.701334
1.02531 0.676842
1.03897 0.648902
1.04567 0.660939
1.02908 0.715925
1.02177 0.686698
1.00425 0.725471
1.01247 0.758027
0.983818 0.825134
1.005 0.873481
1.02252 0.790389
1.02989 0.782838
1.03225 0.774485
1.03702 0.763804
1.04368 0.83669
1.01436 0.951163
1.0209 1.0083
0.988921 1.01773
0.959357 1.02231
0.988351 0.989547
0.946584 1.01212
0.98284 0.966887
0.965348 0.983969
0.953057 0.993788
0.962879 0.966187
0.965162 0.949184
0.985091 0.908791
0.962582 0.928416
0.916916 1.02779
0.916076 0.999839
0.921564 0.997426
0.92982 0.983913
0.937743 0.953811
0.943758 0.940238
0.893445 1.02262
0.884642 1.03974
0.866185 1.03301
0.906666 0.949943
0.933882 0.924884
0.905964 0.943615
0.94949 0.850109
0.971625 0.881656
0.979078 0.883091
0.985653 0.856802
0.970505 0.797142
0.964085 0.818818
0.948429 0.838689
0.966653 0.786712
0.949074 0.78334
0.92891 0.798558
0.929957 0.795987
0.913784 0.793574
0.907383 0.834024
0.94388 0.843526
0.912428 0.909886
0.900584 0.877298
0.849343 1.01255
0.865282 0.954151
0.895355 0.869829
0.845851 0.990013
0.843553 0.991038
0.870524 0.920884
0.853433 0.953047
0.887846 0.85086
0.858514 0.927635
0.849987 0.949037
0.838173 0.946868
0.882776 0.847151
0.904196 0.794559
0.890785 0.808701
0.894442 0.792036
0.851857 0.846754
0.853255 0.821243
0.821026 0.855052
0.823511 0.9301
0.815828 0.981511
0.80126 1.04012
0.796723 1.02119
0.795991 1.03673
0.758763 1.01719
0.790943 0.942401
0.808957 0.939072
0.80941 0.935011
0.795582 0.898292
0.78435 0.909542
0.801343 0.931586
0.777468 0.919187
0.765069 0.934237
0.887631 0.583644
0.832979 0.728001
0.84658 0.687149
0.772515 0.898044
0.828511 0.712997
0.772544 0.894209
0.766665 0.912259
0.754542 0.954632
0.786101 0.82839
0.825506 0.688627
0.814075 0.706438
0.802787 0.726806
0.78074 0.803179
0.739269 0.916786
0.780455 0.828673
0.77314 0.853078
0.745923 0.928188
0.726085 0.969616
0.743518 0.858333
0.745505 0.845033
0.727426 0.914338
0.708596 1.00009
0.6945 1.0236
0.676492 1.03834
0.676447 1.00185
0.697136 0.981898
0.706344 0.98888
0.71491 0.946567
0.719391 0.90078
0.711174 0.915416
0.687724 0.954664
0.669669 0.997119
0.678568 0.963796
0.667574 0.939851
0.65976 0.939652
0.633102 1.00812
0.583696 1.04982
0.588891 1.03296
0.578319 1.04311
0.697233 0.849608
0.76474 0.746641
0.755877 0.778684
0.808268 0.701711
0.790174 0.702974
0.742385 0.778006
0.668862 0.893756
0.66655 0.894534
0.919808 0.47936
0.760002 0.736452
0.712091 0.814389
0.664732 0.892559
0.718779 0.802669
0.608615 0.980764
0.854274 0.573314
0.683096 0.84887
0.587373 1.01018
0.684669 0.845555
0.56715 1.04274
0.570867 1.02896
0.564099 1.03697
0.583281 0.997
0.611283 0.955859
0.667687 0.862817
0.700718 0.8103
0.645945 0.892355
0.556708 1.02775
0.592734 0.964964
0.610389 0.937518
0.549152 1.01557
0.621767 0.914437
0.644299 0.87828
0.538586 1.02102
0.679411 0.814164
0.722333 0.753695
0.612021 0.917031
0.65385 0.857331
0.66038 0.84993
0.801851 0.644921
0.922199 0.462505
0.822627 0.605136
0.824751 0.595515
0.79272 0.647731
0.771402 0.672849
0.768017 0.676696
0.743371 0.703643
0.71054 0.750248
0.639334 0.845565
0.566746 0.938128
0.548265 0.978671
0.719683 0.74173
0.678746 0.802048
0.592011 0.929365
0.606323 0.913677
0.516679 1.0325
0.506477 1.02161
0.467792 1.02873
0.478577 1.01688
0.494174 1.00615
0.533337 0.961746
0.553184 0.872415
0.584224 0.805066
0.495025 0.970064
0.521329 0.89527
0.434587 1.0473
0.460704 0.995878
0.432856 1.03088
0.424187 1.04394
0.409834 1.04822
0.430397 1.0028
0.435827 0.995813
0.466904 0.954997
0.560004 0.829928
0.578276 0.780325
0.534256 0.841594
0.417823 1.01681
0.463151 0.947814
0.567095 0.789304
0.510658 0.870259
0.404652 1.03636
0.404353 1.00515
0.458594 0.927682
0.493047 0.889051
0.548999 0.798115
0.575414 0.74382
0.548166 0.758915
0.502704 0.798692
0.435025 0.855818
0.443201 0.855297
0.504398 0.847073
0.495399 0.857683
0.499792 0.863693
0.423893 0.973076
0.36784 1.04858
0.371633 1.02647
0.360821 1.02966
0.3395 1.02463
0.307259 1.04936
0.246746 1.0481
0.292125 0.997363
0.315097 0.974487
0.357759 0.93563
0.374265 0.9187
0.351395 0.954913
0.307299 0.996318
0.371384 0.958242
0.397561 0.929658
0.412457 0.931806
0.388511 0.947609
0.434498 0.929336
0.438075 0.898562
0.390391 0.897424
0.282607 0.957271
0.238212 0.996792
0.202108 1.02403
0.318464 0.952574
0.258224 0.992286
0.268673 1.00038
0.237273 1.04154
0.200731 1.04012
0.197051 1.0445
0.192901 1.0232
0.181601 1.02751
0.164324 1.02696
0.135933 1.02203
0.135912 1.03827
0.131409 1.03935
0.077596 1.0375
0.094849 1.02112
0.135926 1.019
0.124168 1.01178
0.170355 1.01719
0.178363 0.995665
0.180188 0.973159
0.22067 0.957657
0.236285 0.948847
0.274545 0.937701
0.315585 0.92268
0.333852 0.916671
0.346769 0.906243
0.34105 0.908144
0.245051 0.92999
0.306421 0.908804
0.365959 0.893693
0.382043 0.877138
0.441767 0.838274
0.398252 0.865554
0.508994 0.784519
0.24908 0.922915
0.447101 0.813491
0.479659 0.776333
0.435108 0.796899
0.361926 0.837229
0.363131 0.847729
0.288843 0.894331
0.391763 0.832316
0.421912 0.824282
0.170585 0.959927
0.055792 1.01056
0.065472 1.00482
0.093862 0.97665
0.208019 0.889294
0.092878 0.972366
0.215396 0.881556
0.221705 0.894713
0.224489 0.884557
0.234506 0.8614
0.25085 0.836721
0.189967 0.86997
0.195319 0.887902
0.114537 0.953036
0.088157 0.957235
0.091925 0.934365
0.167419 0.862434
0.184215 0.85406
0.138126 0.907086
0.244487 0.806387
0.19868 0.832447
0.295812 0.767773
0.28775 0.751799
0.289322 0.749042
0.171636 0.846066
0.25483 0.763028
0.236769 0.777266
0.213385 0.798283
0.185434 0.821466
0.16699 0.832534
0.173202 0.819624
0.220694 0.762552
0.236005 0.737425
0.241724 0.628109
0.237311 0.62574
0.222644 0.683665
0.191952 0.737309
0.200465 0.711321
0.205017 0.695925
0.168831 0.723993
0.187053 0.692403
0.204013 0.657118
0.166548 0.723386
0.131502 0.817216
0.132479 0.832601
0.158512 0.785071
0.12146 0.871118
0.107798 0.900925
0.125143 0.812311
0.098787 0.90768
0.092669 0.921383
0.098009 0.901279
0.070564 0.935654
0.090814 0.895648
0.07569 0.88399
0.064992 0.877692
0.066009 0.856864
0.078278 0.852339
0.095709 0.877419
0.0937 0.844713
0.118247 0.797263
0.119227 0.775005
0.106083 0.78905
0.085022 0.818576
0.066484 0.843455
0.066012 0.83482
0.060416 0.697241
0.078071 0.688045
0.115107 0.682249
0.125947 0.703903
0.134981 0.705261
0.179444 0.684859
0.197908 0.65163
0.186696 0.646733
0.159378 0.654024
0.116019 0.668495
0.075824 0.681888
0.227693 0.625343
0.058101 0.64262
0.113199 0.624139
0.092826 0.599158
0.084258 0.559892
0.097677 0.58486
0.139749 0.607715
0.126515 0.591532
0.130712 0.591109
0.084482 0.549634
0.080881 0.541709
0.148501 0.576515
0.051759 0.508848
0.085783 0.459493
0.107251 0.457714
0.208715 0.558573
0.114072 0.504365
0.108807 0.50213
0.096585 0.498888
0.092218 0.505066
0.113453 0.514919
0.136758 0.536016
0.194485 0.567229
0.246563 0.605464
0.279706 0.676824
0.268433 0.655571
0.280365 0.685629
0.296263 0.751825
0.343539 0.825332
0.368896 0.831865
0.348645 0.816647
0.360433 0.788484
0.373676 0.800889
0.370856 0.783197
0.33929 0.715585
0.324229 0.710828
0.321329 0.705133
0.299319 0.655224
0.312875 0.703678
0.233954 0.529584
0.257297 0.558972
0.270468 0.587871
0.261372 0.559865
0.235992 0.500509
0.248112 0.497013
0.269802 0.547538
0.295814 0.601206
0.291813 0.565599
0.304113 0.588465
0.310136 0.593936
0.318755 0.656884
0.32062 0.664741
0.339758 0.675401
0.385091 0.815076
0.305597 0.551913
0.390862 0.802196
0.368281 0.713624
0.400777 0.779452
0.311563 0.556589
0.306744 0.543029
0.297393 0.513546
0.314457 0.537592
0.343554 0.554979
0.374727 0.63831
0.367393 0.587088
0.403015 0.69698
0.381075 0.589513
0.377515 0.560004
0.396164 0.597182
0.43661 0.794198
0.422722 0.718689
0.486481 0.738284
0.500286 0.723519
0.48282 0.702406
0.446092 0.708247
0.460501 0.672822
0.434002 0.690351
0.431673 0.688216
0.437914 0.671527
0.417222 0.648556
0.399765 0.581053
0.444788 0.611566
0.456238 0.64804
0.477089 0.665928
0.54732 0.717923
0.554696 0.705139
0.478217 0.63541
0.489657 0.644515
0.487649 0.636109
0.490691 0.618332
0.500851 0.637937
0.559249 0.684392
0.528363 0.671117
0.555142 0.696294
0.560873 0.699274
0.576632 0.684567
0.580388 0.665075
0.353048 0.536058
0.464999 0.594269
0.474091 0.596009
0.601818 0.665837
0.600948 0.638431
0.545645 0.617572
0.638333 0.649329
0.651068 0.649859
0.645428 0.635226
0.598056 0.617084
0.449954 0.573517
0.478681 0.577588
0.412825 0.548354
0.382008 0.536985
0.322618 0.512345
0.417369 0.546844
0.478554 0.568427
0.517295 0.572612
0.533035 0.540533
0.550995 0.524677
0.51971 0.525694
0.509438 0.528967
0.469237 0.516966
0.408561 0.510072
0.385092 0.514361
0.462315 0.545997
0.411001 0.532464
0.359188 0.522331
0.326683 0.502632
0.332467 0.50262
0.487602 0.516658
0.551746 0.516338
0.53467 0.511375
0.525635 0.510397
0.460175 0.502785
0.488865 0.483032
0.55295 0.504779
0.530867 0.478281
0.591416 0.482636
0.607485 0.464275
0.571986 0.462627
0.494786 0.468841
0.61454 0.431593
0.584097 0.435262
0.572009 0.438696
0.503713 0.45898
0.432009 0.482304
0.566097 0.436998
0.556974 0.437211
0.453409 0.467187
0.349777 0.499838
0.365793 0.489979
0.305938 0.491504
0.306085 0.496111
0.170066 0.454504
0.208951 0.461023
0.195462 0.45295
0.181652 0.446161
0.206144 0.443643
0.240835 0.449222
0.305493 0.458619
0.393496 0.478382
0.390012 0.456548
0.459474 0.457193
0.443656 0.454819
0.480237 0.440061
0.393615 0.443017
0.246577 0.44127
0.216195 0.435559
0.307279 0.438028
0.276227 0.430232
0.10407 0.429582
0.334543 0.426351
0.591155 0.418992
0.497459 0.420796
0.255184 0.424798
0.066692 0.415789
0.363172 0.416279
0.211121 0.407843
0.316013 0.41008
0.622283 0.414192
0.557786 0.410281
0.059264 0.399764
0.056708 0.397643
0.08973 0.388606
0.095957 0.384083
0.240506 0.391647
0.3013 0.39686
0.426456 0.40176
0.214292 0.386356
0.162965 0.380758
0.320083 0.388866
0.32158 0.390662
0.618254 0.409697
0.59557 0.405856
0.492783 0.395483
0.545539 0.398326
0.605083 0.403049
0.628319 0.396788
0.598671 0.396212
0.647188 0.387933
0.549614 0.384171
0.276379 0.375842
0.595653 0.377361
0.629777 0.368492
0.575139 0.35378
0.669369 0.346326
0.572673 0.352619
0.596301 0.349309
0.273856 0.37121
0.643365 0.344265
0.655145 0.34308
0.564777 0.339814
0.564553 0.337618
0.386447 0.348206
0.46226 0.333306
0.479679 0.327531
0.542346 0.33265
0.575806 0.303236
0.687794 0.279184
0.646856 0.279836
0.197082 0.362663
0.253927 0.343233
0.16962 0.367368
0.1721 0.363652
0.138703 0.373693
0.194531 0.349334
0.211553 0.346058
0.382222 0.317407
0.378131 0.313469
0.118344 0.359146
0.390351 0.301269
0.644796 0.250778
0.418753 0.309105
0.600674 0.279448
0.628671 0.271763
0.648861 0.269667
0.694376 0.262581
0.680428 0.2555
0.713676 0.260125
0.730439 0.257342
0.695334 0.243027
0.668956 0.247151
0.705332 0.229815
0.758083 0.203275
0.721497 0.209733
0.724751 0.177867
0.747226 0.189915
0.766417 0.160921
0.777771 0.15262
0.796964 0.122833
0.722804 0.162572
0.617453 0.189754
0.710184 0.191606
0.5196 0.213671
0.517067 0.217444
0.537704 0.21737
0.607685 0.231184
0.490536 0.276195
0.484663 0.259416
0.477554 0.236736
0.472998 0.231324
0.459513 0.242806
0.415259 0.284414
0.348621 0.289353
0.378479 0.300892
0.29859 0.296854
0.278447 0.295927
0.228508 0.327277
0.056096 0.368159
0.329277 0.274296
0.341919 0.270481
0.316312 0.27756
0.297959 0.282284
0.171041 0.322318
0.1672 0.323012
0.409636 0.2353
0.365285 0.250253
0.128329 0.332478
0.162949 0.314015
0.362259 0.245736
0.081556 0.331868
0.140038 0.310388
0.28095 0.269006
0.333712 0.250417
0.119992 0.312895
0.17448 0.289921
0.210638 0.279529
0.280203 0.261699
0.312498 0.253381
0.31634 0.250517
0.600243 0.17996
0.279275 0.256847
0.074536 0.309905
0.226426 0.268433
0.141455 0.275652
0.116694 0.277044
0.12693 0.274604
0.176353 0.255663
0.17568 0.253443
0.32872 0.239303
0.250945 0.238796
0.250641 0.231393
0.356166 0.229483
0.358291 0.218646
0.446244 0.206597
0.339951 0.215033
0.411448 0.203292
0.272801 0.222404
0.286367 0.215445
0.384688 0.204228
0.407438 0.197158
0.471843 0.187828
0.531613 0.173641
0.474897 0.17485
0.381198 0.178806
0.395942 0.173961
0.338475 0.176941
0.300627 0.187533
0.293381 0.181922
0.30964 0.178361
0.296877 0.175262
0.310529 0.170935
0.363461 0.17222
0.404806 0.163165
0.392174 0.161923
0.40603 0.158017
0.262067 0.170851
0.241555 0.196114
0.193484 0.233093
0.187711 0.211794
0.174798 0.212641
0.14769 0.226304
0.077477 0.23473
0.136486 0.21814
0.157455 0.191923
0.233767 0.16908
0.128792 0.186046
0.09247 0.192929
0.05212 0.180395
0.18809 0.169863
0.066386 0.162529
