1
1000 1
0.300538 1.29162
0.30332 1.28644
0.331323 1.27926
0.341757 1.27397
0.378975 1.26198
0.358657 1.24481
0.341551 1.24873
0.323978 1.23777
0.310393 1.24638
0.332453 1.21558
0.312815 1.20545
0.433309 1.14967
0.30557 1.19963
0.437437 1.14003
0.443586 1.09342
0.413108 1.07295
0.412957 1.14261
0.35887 1.15567
0.352679 1.15215
0.366614 1.13129
0.321803 1.15732
0.328126 1.12581
0.338589 1.10812
0.325281 1.0976
0.398854 1.0719
0.450089 0.992432
0.447226 0.990564
0.432486 0.989375
0.425755 0.994879
0.40417 1.01459
0.408255 1.00451
0.395127 1.02271
0.356119 1.08146
0.368591 1.04227
0.367824 1.03075
0.321688 1.06258
0.302216 1.07328
0.368862 1.02896
0.480474 0.950421
0.60284 0.87215
0.673951 0.823992
0.670852 0.81668
0.71288 0.797465
0.78901 0.733493
0.775877 0.712248
0.683918 0.782267
0.648754 0.809107
0.679468 0.787415
0.649566 0.830013
0.444456 0.962964
0.379284 1.00088
0.578752 0.85605
0.650553 0.796278
0.708795 0.750903
0.78361 0.677737
0.652737 0.781967
0.583116 0.835365
0.661116 0.77317
0.650474 0.781244
0.713125 0.729166
0.699185 0.721867
0.706106 0.734335
0.671866 0.751664
0.684268 0.721083
0.715219 0.711853
0.762164 0.684943
0.764905 0.655039
0.760506 0.642904
0.724859 0.606435
0.726255 0.656258
0.677752 0.660093
0.671699 0.665677
0.659743 0.66856
0.656696 0.693146
0.606792 0.764796
0.628524 0.748241
0.628844 0.750824
0.647684 0.757057
0.661283 0.764886
0.598823 0.798594
0.572142 0.817599
0.55922 0.824026
0.554484 0.828002
0.570825 0.795498
0.617176 0.717523
0.589057 0.755599
0.554287 0.788362
0.538399 0.777912
0.536799 0.795797
0.504209 0.789066
0.514443 0.800804
0.540507 0.822178
0.528774 0.849548
0.518138 0.85949
0.507263 0.864551
0.438638 0.914661
0.519926 0.86315
0.531259 0.85712
0.464353 0.91409
0.452292 0.92812
0.408147 0.969516
0.409551 0.967699
0.43297 0.940352
0.413503 0.942866
0.403566 0.950054
0.371142 0.995461
0.453561 0.854563
0.378189 0.976814
0.481763 0.802835
0.485606 0.787718
0.383743 0.937965
0.43154 0.844247
0.348381 0.96865
0.338388 0.975546
0.308948 0.996045
0.323327 0.946427
0.363621 0.891791
0.380957 0.863043
0.303707 0.939847
0.438278 0.804549
0.490136 0.757105
0.492551 0.739783
0.482953 0.736045
0.447214 0.768661
0.404578 0.814624
0.414475 0.757306
0.413132 0.753516
0.390303 0.708272
0.385887 0.816064
0.373537 0.79997
0.373533 0.831187
0.347633 0.779112
0.357926 0.836602
0.345303 0.810636
0.317841 0.745311
0.308561 0.870652
0.302625 0.826761
0.305222 0.703489
0.302707 0.764737
0.301377 0.642451
0.320068 0.663639
0.327189 0.662883
0.318517 0.634686
0.322652 0.632853
0.304862 0.592769
0.313114 0.554851
0.351092 0.618709
0.339313 0.589434
0.343456 0.562601
0.315873 0.494259
0.365265 0.603978
0.324697 0.507139
0.38405 0.640378
0.399889 0.67367
0.422276 0.705692
0.457672 0.703591
0.445653 0.679251
0.443407 0.688019
0.419074 0.682667
0.416628 0.643915
0.399622 0.613006
0.371878 0.558248
0.339478 0.493378
0.351103 0.492396
0.402527 0.497507
0.421749 0.52304
0.435829 0.555755
0.440681 0.561549
0.394111 0.558314
0.437578 0.569148
0.440434 0.592351
0.442297 0.572481
0.470636 0.616415
0.41928 0.611885
0.464552 0.679149
0.434957 0.640939
0.488201 0.725741
0.48327 0.612798
0.468805 0.553244
0.48237 0.603146
0.477606 0.542839
0.517098 0.604625
0.522071 0.607383
0.51548 0.645995
0.574664 0.570951
0.575928 0.598069
0.583127 0.595564
0.526579 0.655292
0.524442 0.657901
0.553332 0.640763
0.532435 0.67323
0.56837 0.64628
0.582277 0.66198
0.605545 0.663692
0.519807 0.713562
0.536222 0.714814
0.497583 0.73256
0.503408 0.741689
0.63144 0.651659
0.632878 0.621922
0.636389 0.624163
0.647802 0.614772
0.651929 0.648951
0.656904 0.629669
0.665428 0.588006
0.668536 0.617038
0.672296 0.623498
0.682814 0.61706
0.697545 0.580399
0.692319 0.578448
0.680196 0.574766
0.461877 0.503342
0.523635 0.515654
0.510163 0.511876
0.305612 0.449053
0.309038 0.432602
0.31465 0.445842
0.340146 0.445534
0.37673 0.438504
0.372047 0.465716
0.419919 0.450625
0.339806 0.419959
0.405459 0.438272
0.318041 0.38931
0.396609 0.429236
0.433887 0.435346
0.321337 0.383843
0.447572 0.43979
0.390155 0.394477
0.373078 0.376838
0.329702 0.311068
0.360996 0.313867
0.465868 0.400943
0.435692 0.397752
0.488725 0.427289
0.488554 0.437194
0.555172 0.483164
0.614812 0.517169
0.535722 0.448321
0.522737 0.437819
0.548926 0.4513
0.625082 0.517144
0.490126 0.395569
0.395442 0.310786
0.454896 0.36049
0.417827 0.31937
0.46333 0.357121
0.608728 0.486663
0.666784 0.527393
0.658157 0.533962
0.692596 0.558877
0.707048 0.582613
0.766053 0.618465
0.791311 0.618756
0.790081 0.600602
0.774722 0.603929
0.687366 0.528333
0.674253 0.517758
0.775036 0.579472
0.667281 0.512356
0.669685 0.504833
0.658343 0.492562
0.534925 0.40673
0.639898 0.466699
0.696916 0.498488
0.667385 0.464877
0.654228 0.458032
0.650043 0.45433
0.63611 0.435881
0.628784 0.416953
0.622202 0.424433
0.59525 0.418193
0.62366 0.406148
0.599525 0.397092
0.55897 0.405939
0.550618 0.394138
0.576236 0.383014
0.528619 0.368153
0.499163 0.339894
0.505578 0.335427
0.595637 0.347555
0.587639 0.319986
0.618953 0.341513
0.594915 0.314927
0.622043 0.319038
0.642184 0.318601
0.649751 0.334359
0.673056 0.387372
0.673119 0.382214
0.706342 0.48679
0.709312 0.487816
0.721848 0.504855
0.755421 0.53106
0.74944 0.506008
0.713147 0.470581
0.737133 0.484668
0.706351 0.460173
0.69146 0.387588
0.694585 0.390397
0.677849 0.303067
0.693272 0.314481
0.758695 0.311557
0.710475 0.407912
0.768552 0.354533
0.762992 0.307131
0.781206 0.341213
0.786317 0.411106
0.794347 0.493284
0.781975 0.485322
0.776918 0.422925
0.770892 0.462841
0.727141 0.447751
0.758269 0.506698
0.797759 0.524878
0.839372 0.519872
0.849247 0.523794
0.851754 0.525962
0.803574 0.555532
0.862577 0.535751
0.842161 0.560636
0.848708 0.561766
0.900767 0.542901
0.877469 0.54518
0.930763 0.486491
0.953504 0.493861
0.963831 0.49512
0.890795 0.562048
0.850525 0.599133
0.860847 0.58087
0.821 0.625514
0.87062 0.594264
0.917235 0.549753
0.925073 0.566866
0.810971 0.640116
0.817466 0.667644
0.827902 0.67588
0.849471 0.657891
0.909343 0.598397
0.831038 0.68811
0.824802 0.702566
0.901019 0.619265
0.84751 0.687469
0.822301 0.727944
0.831938 0.723446
0.832872 0.733521
0.84615 0.708168
0.858222 0.696991
0.883849 0.681044
0.829321 0.744834
0.861079 0.717766
0.943836 0.596238
0.914207 0.645246
0.866135 0.754769
0.837789 0.846413
0.859509 0.799343
0.849543 0.827451
0.924832 0.644354
0.918019 0.683295
0.92857 0.666485
0.941714 0.616861
0.966808 0.590984
1.00472 0.508611
1.01979 0.479637
1.02023 0.467934
1.02581 0.449431
0.970618 0.518045
0.981898 0.471141
0.999953 0.455967
0.92097 0.435943
0.865946 0.418317
0.88913 0.430574
0.888954 0.443332
0.909511 0.457579
0.941349 0.457184
0.933286 0.468822
0.924471 0.469884
0.913845 0.478059
0.900043 0.477811
0.884587 0.465573
0.876545 0.487342
0.85289 0.470001
0.877338 0.491763
0.812971 0.458234
0.807841 0.45238
0.812136 0.448674
0.803651 0.437246
0.794642 0.433069
0.79595 0.390575
0.790533 0.388189
0.781984 0.315731
0.825848 0.30692
0.995439 0.303328
0.925727 0.31667
1.00524 0.318677
1.01645 0.319545
0.92054 0.322922
0.856721 0.339112
0.840071 0.343878
0.875868 0.342723
0.898957 0.342443
0.911066 0.345569
0.963091 0.355178
0.919021 0.351786
0.881604 0.347842
0.881674 0.366185
0.850781 0.370468
0.856896 0.386359
0.972717 0.408581
0.945477 0.409069
0.859347 0.392753
0.960931 0.432978
0.97946 0.403054
1.01859 0.380419
1.0347 0.329455
1.04237 0.334408
1.04242 0.352773
1.05584 0.320561
1.07201 0.331754
1.06982 0.35272
1.02057 0.401607
0.996921 0.444683
1.02546 0.41659
1.023 0.427994
1.0457 0.399373
1.04609 0.402173
1.05784 0.408179
1.00767 0.510174
0.937692 0.652847
0.924913 0.676439
0.900273 0.729453
0.864039 0.79986
0.893095 0.751027
0.916616 0.718162
1.01473 0.500978
0.890356 0.780054
0.833738 0.925667
0.877101 0.834417
0.911566 0.787521
0.914326 0.763282
0.956176 0.648311
0.929988 0.74575
0.958254 0.66262
0.995267 0.576633
0.985924 0.600098
0.971656 0.636528
0.965602 0.664198
0.965586 0.665621
0.941193 0.763089
0.994423 0.615535
1.03382 0.478674
1.05551 0.425535
1.08728 0.424402
1.12715 0.308858
1.16825 0.304695
1.1613 0.341293
1.13102 0.400521
1.12377 0.411714
1.08768 0.439319
1.03168 0.513128
1.01514 0.560254
1.0957 0.493585
1.00802 0.591928
1.04579 0.568926
1.02565 0.597503
1.02083 0.629456
1.06464 0.567815
1.09272 0.512363
1.10511 0.494347
1.0902 0.536631
1.19069 0.329985
1.18258 0.348107
1.20484 0.307548
1.18978 0.362727
1.15376 0.423993
1.14864 0.43194
1.11126 0.497721
1.14707 0.447916
1.15709 0.438098
1.12815 0.485525
1.11144 0.50944
1.15723 0.455295
1.23537 0.353679
1.01817 0.651693
1.00969 0.669203
0.992118 0.700539
0.991835 0.702535
0.983998 0.709081
0.968628 0.714013
0.953304 0.762004
1.00654 0.687213
1.19302 0.424422
1.22557 0.386029
1.03504 0.650162
1.15012 0.499975
0.978744 0.728706
0.972234 0.758453
0.982821 0.743478
1.16965 0.475366
1.06496 0.644884
1.14263 0.52387
1.23019 0.38726
1.06285 0.64865
1.0642 0.659313
1.23443 0.430272
1.12225 0.562338
1.19895 0.443651
1.19375 0.467516
1.19534 0.46627
1.21987 0.439033
1.2695 0.381658
1.21696 0.460202
1.16126 0.543332
1.19058 0.509705
1.26836 0.398207
1.28927 0.400113
1.15074 0.560845
0.881729 0.869383
0.836202 0.927608
0.86003 0.906725
0.796219 0.989605
0.923953 0.853963
0.956814 0.811071
0.968477 0.777835
0.997781 0.746022
1.08589 0.640378
1.11803 0.601817
1.03396 0.710971
1.04561 0.700079
0.93859 0.8468
0.982161 0.806493
1.06025 0.696675
1.0376 0.738803
1.07283 0.694479
1.11569 0.614435
1.26906 0.427623
1.26728 0.433203
1.27027 0.429624
1.26861 0.449631
1.19547 0.544973
1.22782 0.514618
1.28892 0.429254
1.28106 0.44752
1.26042 0.482991
1.22673 0.528016
1.17047 0.590653
1.20299 0.561599
1.20875 0.557995
1.21434 0.545632
1.26489 0.512664
1.26787 0.51504
1.1437 0.626372
1.24534 0.541154
1.20525 0.575053
1.09504 0.683841
1.20277 0.579765
1.10265 0.679853
1.15679 0.629775
1.05098 0.74079
1.04429 0.791988
1.07525 0.749071
1.04753 0.844855
1.02671 0.935476
1.04424 0.901209
1.05038 0.872406
1.07918 0.824944
1.05473 0.870506
1.06446 0.858468
1.08295 0.833283
1.04433 0.937797
1.02935 0.996086
1.06486 0.899515
1.10064 0.804492
1.1035 0.784889
1.1076 0.767587
1.08986 0.758407
1.07755 0.756046
1.11101 0.687312
1.1305 0.682576
1.12666 0.67755
1.13576 0.665299
1.14927 0.671521
1.1554 0.670797
1.13451 0.733054
1.13676 0.751876
1.16303 0.685674
1.22831 0.56444
1.26453 0.559379
1.22813 0.609334
1.14592 0.762344
1.09121 0.837612
1.15622 0.758211
1.23912 0.614879
1.18015 0.729608
1.1635 0.764586
1.23929 0.617955
1.18783 0.72075
1.20454 0.712376
1.24446 0.625886
1.24777 0.626491
1.2998 0.515683
1.28425 0.604849
1.23921 0.674957
1.25145 0.669585
1.25018 0.683476
1.25667 0.67807
1.28804 0.659469
1.28789 0.670588
1.28024 0.676675
1.24828 0.725575
1.20828 0.753116
1.18099 0.783484
1.08833 0.852447
1.08227 0.875066
1.08317 0.888417
1.06165 0.923053
1.21328 0.775382
1.24365 0.759814
1.1804 0.827924
1.19939 0.826316
1.22383 0.792706
1.25988 0.81636
1.25654 0.796893
1.2469 0.79398
1.22653 0.791061
1.29175 0.763641
1.28301 0.802748
1.26933 0.82563
1.24516 0.871253
1.24907 0.85689
1.19923 0.889164
1.11858 0.883554
1.11752 0.884483
1.13459 0.904815
1.08577 0.956498
1.08854 0.991137
1.08238 0.997201
1.06746 0.997796
1.1177 1.02246
1.10794 0.992888
1.10925 0.98716
1.12117 0.962023
1.12864 0.972027
1.16596 1.09953
1.17762 1.10354
1.1673 1.08603
1.15806 1.04344
1.14022 1.00387
1.19361 1.06931
1.17423 1.02471
1.20334 1.07818
1.20518 1.07126
1.1983 1.02121
1.20495 1.03317
1.18779 0.97492
1.21468 1.03782
1.23556 0.993662
1.21122 1.02016
1.2101 1.01432
1.20802 0.980807
1.21617 0.990744
1.21277 0.957546
1.18132 0.918933
1.17572 0.914636
1.26233 0.892462
1.24532 0.923838
1.25381 0.930395
1.26908 0.953324
1.27567 0.860833
1.2907 0.969987
1.27138 0.963429
1.28653 0.987597
1.29953 1.09098
1.27782 1.01931
1.26879 1.05213
1.27822 1.10269
1.28175 1.11531
1.28612 1.17537
1.27815 1.18746
1.2716 1.19121
1.25535 1.10861
1.25012 1.05485
1.24354 1.03366
1.23214 1.13092
1.23965 1.16341
1.22795 1.15094
1.23684 1.17424
1.2352 1.22854
1.26437 1.23039
1.24645 1.2647
1.20156 1.28347
1.17879 1.29754
1.21243 1.20283
1.19086 1.15952
1.16174 1.11662
1.1541 1.11739
1.14752 1.12986
1.14298 1.14647
1.17999 1.2549
1.14102 1.15559
1.17765 1.29668
1.08455 1.26223
1.10881 1.28877
1.0712 1.27532
1.06903 1.26888
1.01667 1.25002
1.02511 1.2421
1.06778 1.253
1.12555 1.27037
1.09503 1.23873
1.07925 1.23934
1.07402 1.23592
1.0695 1.2355
1.07 1.22906
1.02449 1.20703
1.0434 1.17046
1.02494 1.18355
1.0259 1.09282
1.05617 1.14958
1.12784 1.21881
1.07782 1.20297
1.1387 1.25391
1.16198 1.25333
1.13708 1.20936
1.13463 1.21209
1.04904 1.11168
1.02784 1.07748
1.07878 1.125
1.11148 1.11987
1.10035 1.09298
1.12122 1.09622
1.07079 1.01358
1.06956 1.06861
1.05672 1.06107
1.05267 1.07447
1.01954 1.05623
1.00864 1.02971
1.00363 1.00831
1.01467 1.00086
1.01693 0.990654
0.999425 0.962341
0.996102 0.951842
1.02614 0.881838
1.01952 0.806608
1.03204 0.774276
0.97217 0.820795
0.98618 0.823566
0.995008 0.825442
0.977753 0.875897
0.96033 0.839267
0.993757 0.991575
0.984343 0.972287
0.987007 0.973451
0.978313 0.956877
0.970702 0.906981
0.966883 0.900575
0.968756 0.953751
0.972249 1.03812
0.964151 0.965594
0.969575 1.04847
0.960842 1.03478
0.957044 0.989498
0.952226 0.861543
0.952098 0.922268
0.939772 0.916854
0.934039 0.904155
0.915948 0.879538
0.924991 0.922417
0.923668 0.945604
0.905366 0.943157
0.860704 0.934428
0.905594 0.984456
0.893978 1.00656
0.932342 1.01933
0.922324 1.0182
0.947397 1.02743
0.960667 1.04621
1.00435 1.09245
0.957992 1.06415
0.998979 1.09117
0.969165 1.07838
1.00231 1.21346
0.955674 1.10073
0.940005 1.06229
0.942456 1.05329
0.901948 1.02893
0.909567 1.0449
0.907115 1.09046
0.917187 1.14486
0.907082 1.12887
0.91237 1.16784
0.930976 1.18984
0.941095 1.20809
0.917514 1.1143
0.941449 1.15013
0.984914 1.19903
0.957509 1.19203
1.00364 1.23325
0.96102 1.21301
0.966626 1.25752
0.960316 1.2579
0.939055 1.23714
0.919315 1.22273
0.943893 1.26832
0.948684 1.29595
0.901417 1.29612
0.908224 1.26098
0.88089 1.20938
0.876467 1.22104
0.86381 1.27855
0.853422 1.28186
0.887893 1.06672
0.878946 1.10072
0.873432 1.11336
0.889895 1.00963
0.869111 1.11881
0.857801 1.15255
0.885728 1.0029
0.866122 1.03431
0.843352 1.17385
0.834142 1.28445
0.832754 1.26878
0.84295 1.15431
0.847785 1.08999
0.8552 1.03316
0.843305 1.1051
0.862802 0.969475
0.840053 1.10431
0.82804 1.13172
0.818511 1.2405
0.805029 1.28757
0.785396 1.27292
0.787822 1.22612
0.816717 1.12404
0.814708 1.0993
0.783498 1.18092
0.791744 1.1216
0.787198 1.09105
0.788201 1.03484
0.779257 1.07002
0.758811 1.19035
0.758581 1.24878
0.766668 1.22893
0.763778 1.26965
0.757352 1.28815
0.714767 1.26836
0.704282 1.24607
0.706242 1.22079
0.683108 1.26056
0.658137 1.24054
0.6432 1.23676
0.668321 1.25843
0.693996 1.28812
0.625253 1.29445
0.613593 1.28887
0.600044 1.27258
0.563292 1.28816
0.538426 1.29906
0.546656 1.29006
0.526193 1.27221
0.61745 1.24221
0.712871 1.20276
0.626288 1.2208
0.567684 1.23087
0.629144 1.17007
0.656318 1.1767
0.700094 1.16908
0.699296 1.1098
0.725122 1.08994
0.725842 1.17249
0.733831 1.18774
0.735684 1.19495
0.740747 1.14078
0.75316 1.11031
0.766411 1.07561
0.742372 1.13301
0.766269 1.06424
0.755182 1.06024
0.729048 1.06544
0.697003 1.09735
0.733528 1.0335
0.739526 1.04657
0.752074 1.00191
0.733324 1.01374
0.73119 1.01679
0.668862 1.10076
0.631263 1.16098
0.633735 1.14413
0.598047 1.18746
0.585657 1.19943
0.691955 1.05903
0.713669 1.03374
0.797191 0.918895
0.817941 0.890134
0.7832 0.91245
0.756688 0.925164
0.736171 0.976091
0.635599 1.11128
0.672733 1.07556
0.695184 1.04766
0.547036 1.23451
0.711463 0.971178
0.556537 1.2049
0.545093 1.21019
0.546518 1.1898
0.55325 1.17893
0.553738 1.17673
0.572129 1.11572
0.569977 1.15421
0.659034 1.03744
0.647527 1.05067
0.671751 1.01428
0.639262 1.04984
0.627287 1.05191
0.624963 1.03028
0.617064 1.03644
0.687568 0.951352
0.605558 1.00807
0.655179 0.950149
0.624867 0.958381
0.712434 0.910278
0.669175 0.932208
0.712668 0.906363
0.820853 0.844448
0.80762 0.829008
0.815452 0.815608
0.793717 0.816977
0.727086 0.867567
0.729028 0.865725
0.77849 0.797471
0.808818 0.741498
0.677126 0.910364
0.737709 0.822528
0.673771 0.908781
0.688562 0.87517
0.712922 0.808759
0.666313 0.860932
0.65284 0.850277
0.631973 0.928533
0.615992 0.946594
0.637696 0.85796
0.610024 0.90704
0.606831 0.907658
0.604631 0.874669
0.509623 0.945494
0.496185 0.954598
0.477002 0.978195
0.474103 0.981006
0.461017 1.00083
0.446853 1.0585
0.456256 1.047
0.5019 0.994326
0.508095 0.976203
0.564171 0.925553
0.518008 0.990731
0.556577 0.947262
0.467492 1.06339
0.563316 0.983142
0.559938 1.01143
0.506948 1.07101
0.522001 1.06535
0.525077 1.06129
0.497529 1.10783
0.568688 1.02192
0.497352 1.10827
0.523478 1.08184
0.555184 1.0935
0.501901 1.12346
0.504219 1.16518
0.502434 1.17495
0.478293 1.20952
0.477245 1.18605
0.463057 1.23267
0.482004 1.25695
0.526692 1.24544
0.47859 1.2802
0.482201 1.29494
0.455183 1.28946
0.440414 1.28802
0.488158 1.14949
0.486326 1.14249
0.467389 1.19124
0.470844 1.1796
0.469604 1.15452
0.460878 1.19057
0.468002 1.14242
0.444453 1.26192
0.450424 1.22286
0.454688 1.19717
0.438611 1.23561
0.43631 1.19963
0.448567 1.11954
0.435298 1.18482
0.424809 1.24448
0.423808 1.27773
0.405744 1.29682
0.402931 1.26332
0.398518 1.2039
0.392802 1.28945
0.387096 1.26654
0.378332 1.28314
