1
100 1
0.306899 0.924556
0.324234 0.907356
0.620518 0.962961
0.895097 1.01495
0.541655 0.905984
0.353305 0.846838
0.525666 0.897679
0.448867 0.863956
0.713285 0.942888
0.561435 0.821777
0.464198 0.737649
0.373609 0.658135
0.810766 0.932979
0.825131 0.927787
0.313561 0.457558
0.769728 0.848232
0.362772 0.376011
0.471788 0.475767
0.344692 0.318776
0.456409 0.433969
0.820007 0.874423
0.604056 0.598867
0.531031 0.504155
0.860977 0.918941
0.554579 0.50235
0.528839 0.463981
0.448752 0.341789
0.733161 0.728219
0.620255 0.52288
0.58373 0.423599
0.779426 0.723012
0.629266 0.4153
0.723849 0.566512
0.654685 0.395118
0.812535 0.424375
0.822056 0.402372
0.850671 0.513198
0.865654 0.545749
0.885384 0.639644
0.920444 0.679622
0.902373 0.362494
0.939395 0.922718
0.957826 0.632762
0.986991 0.662354
1.05559 0.339867
0.973431 0.866561
1.00752 0.72109
1.06419 0.474748
1.11531 0.301999
1.09336 0.402246
0.988262 0.844493
1.11544 0.435922
1.13038 0.508023
0.977175 0.938917
1.0737 0.697319
1.14066 0.641922
1.07679 0.802653
1.22537 0.557865
1.29909 0.43649
1.01891 0.910684
1.17973 0.683758
1.26399 0.562104
1.1438 0.74338
1.26797 0.585624
1.12442 0.797117
1.08267 0.899096
1.2954 0.710624
1.23138 0.770763
1.29889 0.727454
1.20018 0.864223
1.23347 0.85026
1.05398 0.993219
1.20693 0.971858
1.12261 1.0306
1.26475 1.04213
1.28814 1.16912
1.19364 1.27522
1.03176 1.13155
1.0364 1.21713
1.00412 1.23255
0.940636 1.16482
0.896755 1.23389
0.900737 1.20731
0.926998 1.0894
0.836898 1.24507
0.898771 1.05641
0.647528 1.20353
0.552931 1.2539
0.36395 1.27563
0.327074 1.27925
0.595368 1.16046
0.362591 1.24652
0.357868 1.22832
0.61562 1.13063
0.648396 1.11686
0.506453 1.12221
0.420442 1.10699
0.664345 1.0521
0.658546 1.04144
0.61998 1.03579
