1
1000 1
0.201081 0.718458
0.228731 0.627356
0.232478 0.605098
0.23919 0.632561
0.262886 0.659702
0.281905 0.668538
0.243113 0.738615
0.263342 0.72254
0.284637 0.685305
0.332195 0.676805
0.346376 0.685049
0.317517 0.733761
0.333421 0.769833
0.244696 0.802865
0.281749 0.814546
0.333828 0.82375
0.338482 0.828061
0.353276 0.765777
0.363442 0.809125
0.36288 0.812172
0.367897 0.81044
0.377761 0.802579
0.390761 0.790735
0.387698 0.742342
0.40233 0.763956
0.406845 0.744182
0.435262 0.770148
0.439852 0.780096
0.444395 0.752567
0.370261 0.685741
0.407372 0.703146
0.362511 0.670209
0.289162 0.625762
0.258698 0.607551
0.322718 0.635592
0.31626 0.629821
0.303119 0.623395
0.319328 0.617978
0.344375 0.646683
0.35328 0.621432
0.364237 0.621192
0.298601 0.604167
0.301396 0.572383
0.278238 0.577375
0.275994 0.532869
0.256999 0.511165
0.235229 0.531848
0.226344 0.541089
0.210364 0.48301
0.203021 0.550774
0.207093 0.40315
0.209827 0.372447
0.225575 0.354211
0.224312 0.472908
0.231389 0.401806
0.243424 0.392906
0.277084 0.484499
0.27596 0.475114
0.278794 0.476009
0.301096 0.489548
0.303817 0.491193
0.303311 0.489141
0.27218 0.419212
0.27569 0.435352
0.206252 0.280559
0.365795 0.596354
0.339225 0.530785
0.281254 0.41326
0.215641 0.24153
0.284091 0.396666
0.266303 0.348818
0.257787 0.321604
0.30722 0.432858
0.417941 0.687987
0.235168 0.263803
0.288483 0.385043
0.224891 0.238991
0.27671 0.347125
0.299135 0.402424
0.298768 0.39387
0.334142 0.476921
0.4231 0.692656
0.266919 0.313031
0.37734 0.579868
0.239739 0.242372
0.38202 0.587309
0.319394 0.42403
0.281279 0.329516
0.287316 0.343555
0.303465 0.380862
0.270565 0.287755
0.239662 0.206518
0.327734 0.214778
0.253658 0.221045
0.352351 0.224223
0.383836 0.22644
0.408384 0.220772
0.397865 0.227708
0.567028 0.220202
0.576778 0.216242
0.754433 0.215727
0.562572 0.20465
0.674872 0.202779
0.929605 0.201369
1.00995 0.206495
0.874263 0.213679
0.906625 0.213798
0.839095 0.216219
0.808551 0.220705
0.57161 0.225854
0.506419 0.226966
0.702817 0.226083
0.452393 0.229101
0.372733 0.232574
0.580937 0.234175
0.730571 0.227106
0.73462 0.236138
0.806598 0.237811
0.819152 0.237969
0.836569 0.238175
0.825589 0.23957
0.78666 0.244437
0.6989 0.253908
0.423331 0.237422
0.423933 0.239789
0.302793 0.236182
0.307497 0.237807
0.699221 0.255916
0.585212 0.252431
0.474815 0.250495
0.430859 0.250159
0.351806 0.249889
0.350978 0.269065
0.340776 0.283108
0.384657 0.267274
0.36479 0.304968
0.458738 0.285866
0.467027 0.282903
0.530577 0.294732
0.503437 0.274508
0.531659 0.28465
0.540179 0.280072
0.608699 0.283596
0.565196 0.270919
0.605154 0.268901
0.612009 0.261727
0.657272 0.269503
0.703 0.268385
0.731675 0.267413
0.87145 0.243182
0.901532 0.249263
0.893846 0.240519
0.934952 0.220813
0.999125 0.236821
1.03175 0.234073
0.938342 0.22061
0.973589 0.214781
1.04238 0.223361
1.11739 0.235643
0.806072 0.267937
0.735367 0.274551
0.696358 0.280885
0.991628 0.251659
0.690039 0.282215
0.835998 0.2687
1.03395 0.248404
0.627442 0.291088
0.830655 0.274215
0.90592 0.269825
0.946763 0.269019
1.01596 0.26463
0.751203 0.284185
0.751599 0.2854
0.781459 0.286686
1.05704 0.271731
1.06425 0.27443
0.915539 0.283004
0.916395 0.287104
0.792769 0.290421
0.593922 0.302733
0.552271 0.305881
0.983857 0.286789
0.493307 0.313198
0.778476 0.299489
0.986245 0.289791
1.11303 0.283867
1.05215 0.291008
0.874561 0.300899
0.655825 0.309947
0.86066 0.299345
0.298309 0.325294
0.461849 0.326329
0.549185 0.321251
0.454056 0.320606
0.833269 0.30745
0.552405 0.31564
1.09556 0.294647
1.01134 0.299097
0.905618 0.304745
1.01728 0.306125
1.07646 0.306497
0.793047 0.312161
0.664432 0.320854
0.520767 0.349702
0.513175 0.364481
0.582182 0.354737
0.632984 0.338004
0.57194 0.36065
0.596094 0.360633
0.670289 0.378116
0.785888 0.377121
0.716378 0.366611
0.699661 0.355333
0.605784 0.358096
0.676686 0.341754
0.685181 0.343073
0.753472 0.330423
0.843473 0.332763
0.767536 0.325363
0.990141 0.340916
0.734704 0.320942
0.903503 0.321266
0.96559 0.326556
0.989461 0.327617
0.992919 0.324605
0.958491 0.315024
1.08303 0.31214
1.06173 0.320779
1.04232 0.345138
1.06591 0.349876
1.04372 0.357687
1.00008 0.359364
1.04342 0.372882
0.945067 0.375365
0.977244 0.383235
0.938343 0.39196
0.929444 0.394586
0.948478 0.405788
0.97023 0.414439
0.825729 0.396143
0.808579 0.40162
0.906721 0.416151
0.905196 0.41864
0.791581 0.437107
0.630611 0.463906
0.787436 0.435708
0.537152 0.474848
0.57795 0.451752
0.579857 0.452926
0.588022 0.45278
0.655593 0.438885
0.678681 0.43334
0.682565 0.429764
0.656566 0.420124
0.670669 0.420651
0.700128 0.428226
0.730782 0.441955
0.757407 0.434204
0.73031 0.432728
0.72746 0.424791
0.671435 0.417814
0.787411 0.421845
0.731852 0.394802
0.633222 0.413678
0.604755 0.420571
0.616577 0.406031
0.631103 0.410078
0.601871 0.400096
0.603692 0.39629
0.377235 0.34744
0.354592 0.361792
0.347522 0.364621
0.448393 0.38427
0.41718 0.387187
0.456839 0.393163
0.361467 0.381754
0.318799 0.367229
0.33469 0.376045
0.307664 0.373172
0.340344 0.395188
0.364541 0.396132
0.404403 0.397201
0.582302 0.399128
0.390111 0.407814
0.344613 0.405214
0.432789 0.418485
0.403386 0.415598
0.453027 0.424191
0.552044 0.444445
0.489911 0.438712
0.44858 0.430178
0.341927 0.405823
0.475509 0.460361
0.445983 0.455028
0.361005 0.464625
0.418125 0.464462
0.442321 0.47794
0.368235 0.489738
0.452278 0.49234
0.513696 0.484137
0.436248 0.496789
0.494617 0.49535
0.518829 0.490362
0.688814 0.462184
0.712452 0.458792
0.703825 0.479851
0.532577 0.497455
0.593232 0.508724
0.397579 0.508084
0.372603 0.538243
0.399315 0.610567
0.400152 0.611954
0.412112 0.6571
0.417888 0.593172
0.429064 0.548404
0.452488 0.561101
0.461377 0.595246
0.451237 0.710527
0.467817 0.646055
0.46631 0.634076
0.486538 0.53325
0.484054 0.57493
0.478409 0.625762
0.481927 0.640674
0.507053 0.578581
0.516622 0.534795
0.521131 0.512288
0.543694 0.526824
0.524459 0.567007
0.517542 0.552803
0.515091 0.559655
0.49881 0.647824
0.528575 0.586342
0.557494 0.553512
0.585507 0.522625
0.517723 0.631178
0.58788 0.535647
0.573066 0.562354
0.558184 0.598208
0.585403 0.569995
0.515434 0.65051
0.547318 0.628644
0.661572 0.536636
0.614034 0.592961
0.646046 0.553728
0.460193 0.730207
0.551018 0.661395
0.654525 0.559681
0.759509 0.461262
0.657144 0.563577
0.614497 0.611453
0.757312 0.467684
0.583222 0.646431
0.719226 0.511438
0.614478 0.623957
0.765181 0.475006
0.629029 0.611618
0.783823 0.482263
0.769944 0.495434
0.833659 0.442563
0.674999 0.577586
0.680491 0.575127
0.737991 0.530865
0.652519 0.598924
0.78606 0.505872
0.805269 0.492658
0.818046 0.485084
0.665221 0.591816
0.738693 0.5472
0.630086 0.61836
0.606261 0.643481
0.674358 0.607532
0.771896 0.533223
0.88306 0.458107
0.517143 0.727736
0.494503 0.753766
0.772349 0.546422
0.921514 0.439809
0.853439 0.491933
0.842109 0.506392
0.886435 0.477264
0.749271 0.575549
0.736363 0.589197
0.73981 0.582815
0.719491 0.603419
0.690113 0.617824
0.612048 0.670942
0.538814 0.7308
0.622947 0.671572
0.536162 0.734927
0.798768 0.54937
0.966911 0.429919
1.01613 0.394796
0.766558 0.575208
0.971515 0.428748
1.13122 0.315184
0.745228 0.590687
1.06772 0.36319
0.93252 0.460222
1.04423 0.380121
1.07417 0.360268
0.9965 0.416852
0.877428 0.505827
0.910393 0.486376
0.654293 0.663493
0.522803 0.754339
0.698295 0.664058
0.769894 0.6177
0.85749 0.555401
0.553855 0.735143
0.637016 0.678929
0.734358 0.612612
0.806137 0.569226
0.876729 0.523794
0.855955 0.548979
0.931038 0.508832
0.882665 0.510034
0.940819 0.488766
0.974084 0.473082
0.963606 0.462493
1.04636 0.400073
0.990306 0.458212
1.12455 0.326335
1.07585 0.382278
1.1289 0.339721
1.11322 0.355422
0.957162 0.501256
0.945682 0.511694
1.11086 0.391364
1.13304 0.372054
1.08813 0.421177
1.09075 0.423101
0.984181 0.494948
0.965679 0.506387
0.907121 0.54296
0.814976 0.597961
0.78076 0.620138
0.638891 0.70345
0.654974 0.699681
0.744961 0.643441
0.709717 0.666215
0.696881 0.675542
0.68188 0.688437
0.70256 0.678641
0.697911 0.689567
0.768818 0.64406
0.720521 0.666305
0.779477 0.636859
0.88786 0.564956
0.68363 0.703706
0.75492 0.674551
0.892194 0.568766
0.928479 0.545877
0.927275 0.548112
0.913091 0.578369
0.89297 0.59529
0.884134 0.607654
0.809658 0.64082
0.89259 0.624891
0.907802 0.609513
0.959556 0.598396
0.998859 0.574548
0.961842 0.586983
0.961948 0.583755
0.993197 0.556087
1.04026 0.516984
1.0465 0.509449
1.0832 0.49517
1.09867 0.499952
1.1258 0.521642
1.12299 0.505646
1.10767 0.456358
1.134 0.392921
1.13573 0.406992
1.14254 0.421252
1.14445 0.22454
1.16169 0.326059
1.16939 0.305318
1.17087 0.249564
1.17666 0.242018
1.17133 0.382784
1.15833 0.588655
1.15823 0.606274
1.18595 0.219319
1.16554 0.569878
1.17015 0.531658
1.17551 0.436272
1.17086 0.546988
1.18713 0.30701
1.19387 0.364497
1.19811 0.335929
1.16995 0.591659
1.19402 0.463893
1.18607 0.562798
1.19918 0.473399
1.1974 0.564258
1.19767 0.579092
1.19065 0.610572
1.19288 0.76111
1.18462 0.77597
1.18511 0.713608
1.17718 0.716425
1.18295 0.663662
1.18505 0.628328
1.16892 0.693737
1.17572 0.842445
1.16738 0.818546
1.17464 0.866068
1.18352 0.917546
1.19857 1.15909
1.18692 1.143
1.17087 1.08715
1.17176 0.961802
1.16926 1.04869
1.16626 0.985543
1.16692 1.00793
1.14359 0.549915
1.16629 1.01846
1.16314 1.00129
1.16074 0.957838
1.14315 0.943501
1.06391 0.955527
1.13986 0.962159
1.15678 0.965953
1.0285 1.00502
1.0354 1.02679
0.98878 1.02055
1.05775 0.988934
1.0577 0.978898
1.01323 0.982145
1.08194 0.964091
0.965974 0.971993
1.04324 0.936507
1.02817 0.947197
1.04798 0.947098
1.05366 0.952945
1.0739 0.945095
1.06477 0.933533
1.07346 0.895166
1.08468 0.890202
1.10223 0.920055
1.11696 0.937175
1.13835 0.915421
1.12767 0.91193
1.13879 0.866472
1.10915 0.851253
1.0807 0.866193
1.0952 0.834692
1.12696 0.778653
1.13101 0.747941
1.10816 0.770764
1.10203 0.780847
1.09802 0.785853
1.04532 0.865518
1.0442 0.88177
0.987508 0.939087
0.983963 0.905066
1.03081 0.8123
1.05488 0.799238
1.03827 0.834113
1.07437 0.770758
1.0802 0.785935
1.06328 0.802757
1.0603 0.817312
1.07934 0.788419
1.05307 0.846007
1.08166 0.797038
1.12715 0.736162
1.12536 0.735717
1.1309 0.695802
1.10837 0.712142
1.13623 0.673188
1.04415 0.789667
1.02116 0.816401
1.04503 0.775788
1.1009 0.666818
1.1241 0.635923
1.09168 0.641319
1.0689 0.664037
1.10037 0.621492
1.08423 0.627386
1.1189 0.561959
1.09582 0.578622
1.05188 0.647972
1.03761 0.772026
1.03223 0.750937
1.0462 0.638217
1.00383 0.822282
1.03696 0.67266
1.02202 0.582302
0.983749 0.631128
0.961794 0.611713
0.95223 0.625445
1.01258 0.667514
0.97989 0.655173
0.981559 0.668671
0.984257 0.67786
0.931673 0.65662
0.916443 0.681909
0.886469 0.708992
0.872628 0.715758
0.848199 0.717398
0.847692 0.711003
0.896603 0.645928
0.819007 0.688875
0.886159 0.646273
0.786204 0.677438
0.766511 0.67389
0.785453 0.685667
0.799546 0.719612
0.748485 0.715043
0.713355 0.711933
0.685178 0.71694
0.690604 0.725524
0.676166 0.729177
0.663338 0.730299
0.575745 0.75388
0.58058 0.756736
0.512926 0.776034
0.588986 0.78587
0.615636 0.776584
0.677387 0.758272
0.675316 0.763166
0.697823 0.757262
0.648288 0.775911
0.67725 0.768865
0.62663 0.78257
0.624038 0.795803
0.670044 0.787315
0.69089 0.786594
0.806723 0.749306
0.771702 0.774259
0.774207 0.777302
0.784652 0.776892
0.816846 0.74809
0.851183 0.730103
0.851573 0.73216
0.984337 0.697593
1.02126 0.688733
1.02467 0.714073
0.893465 0.742843
0.903521 0.770602
0.978964 0.758454
0.975445 0.77534
1.00517 0.771254
0.996506 0.78961
0.910125 0.787931
0.821046 0.785323
0.923107 0.790969
0.947275 0.797278
0.976322 0.797101
0.745791 0.804532
0.636091 0.808301
0.776559 0.832622
0.797189 0.822318
0.832998 0.815914
0.821859 0.812177
0.779736 0.805405
0.999165 0.812571
0.960575 0.820226
0.958561 0.82896
0.963126 0.83957
0.846942 0.844925
0.831957 0.846319
0.848598 0.854881
0.876305 0.880349
0.760553 0.856241
0.896631 0.906451
0.937097 0.923639
0.773784 0.869181
0.78269 0.875241
0.872291 0.904241
0.951383 0.956984
0.887265 0.92728
0.809496 0.890708
0.788153 0.901427
0.751647 0.873994
0.663426 0.832244
0.586973 0.81495
0.700386 0.867928
0.625889 0.842143
0.617557 0.850345
0.677011 0.868331
0.758642 0.89546
0.760885 0.900133
0.766232 0.911159
0.702419 0.887441
0.705673 0.88589
0.643191 0.860184
0.573991 0.841097
0.683031 0.886999
0.697651 0.892796
0.516834 0.855283
0.611152 0.875953
0.661225 0.888013
0.742393 0.908994
0.751917 0.928201
0.762039 0.945501
0.671142 0.900948
0.768283 0.951602
0.680318 0.914695
0.667756 0.922032
0.625442 0.894809
0.58464 0.874027
0.551097 0.87038
0.524021 0.867416
0.556407 0.880652
0.509057 0.89941
0.564039 0.908667
0.598349 0.906293
0.610021 0.980566
0.59405 0.965766
0.594294 0.97679
0.590237 0.967135
0.590609 0.964246
0.54146 0.935567
0.527362 0.926426
0.59262 0.991667
0.54582 0.988444
0.554808 0.997437
0.570858 1.00993
0.572756 1.02389
0.56536 1.04745
0.58516 1.07053
0.62136 1.02424
0.64416 1.0063
0.629781 0.985435
0.652321 0.998223
0.660223 1.00298
0.680788 1.02478
0.67229 1.0481
0.62835 1.05671
0.620783 1.06919
0.658147 1.05935
0.691501 1.04957
0.699993 1.04477
0.697154 1.0555
0.637519 1.09352
0.646227 1.12066
0.733819 1.09919
0.729333 1.07685
0.773706 1.10298
0.775295 1.08695
0.749281 1.05799
0.75722 1.06378
0.778985 1.07252
0.784785 1.05637
0.787236 1.07056
0.788766 1.06318
0.794821 1.08299
0.851515 1.07412
0.808827 1.05781
0.774061 1.04745
0.826913 1.05791
0.746487 1.03975
0.703649 1.02058
0.717705 0.981435
0.693328 0.964922
0.639473 0.924012
0.674241 0.929916
0.744454 0.967426
0.777304 0.985799
0.739823 0.975314
0.70843 0.967719
0.772875 0.987893
0.731955 0.978802
0.786902 0.993696
0.767267 1.00628
0.835134 1.03665
0.836654 1.04476
0.87376 1.08167
0.865041 1.00495
0.85977 0.990139
0.860788 1.06201
0.825184 0.989622
0.775152 0.925618
0.843383 0.966039
0.850631 0.949764
0.785956 0.92773
0.857968 0.951577
0.938379 0.961007
0.948454 0.972496
0.93098 0.974911
0.928124 1.00944
0.881079 0.973748
0.880885 0.973772
0.876335 0.970489
0.867891 0.983903
0.930805 1.0385
0.923092 1.03535
0.869428 0.998354
0.921419 1.04565
0.919174 1.05533
0.871565 1.00498
0.887057 1.07926
1.15017 1.01684
0.994886 1.055
1.101 1.03146
1.10574 1.04964
0.973966 1.06093
0.983371 1.07614
1.11024 1.0657
1.15917 1.07195
1.10106 1.07963
1.15521 1.08241
1.01617 1.07933
0.954673 1.07968
0.870845 1.09083
0.862486 1.0977
0.932462 1.09269
1.04888 1.09231
0.955481 1.09594
1.05763 1.0944
1.0903 1.0949
1.03088 1.10648
0.924069 1.10158
0.967749 1.11069
0.86878 1.10909
0.6924 1.13286
0.831355 1.11618
0.690313 1.13463
0.726268 1.13518
0.848827 1.12996
0.807892 1.13269
0.625502 1.14623
0.855391 1.13067
1.02512 1.11946
1.08785 1.13968
1.0986 1.13359
1.12158 1.13626
1.09178 1.14939
1.08457 1.16195
0.985668 1.16014
0.944646 1.15835
0.99257 1.16743
1.06482 1.1724
1.11492 1.16749
0.950128 1.19122
0.994699 1.18675
1.15951 1.17366
1.13843 1.19142
1.1481 1.19281
0.970903 1.19088
0.955357 1.19508
0.904447 1.19872
0.86581 1.19349
0.901529 1.18621
0.947215 1.12624
0.862098 1.15976
0.786138 1.17063
0.768585 1.15907
0.619959 1.18136
0.784081 1.14194
0.798251 1.13992
0.811962 1.13455
0.673218 1.15644
0.602156 1.15331
0.580456 1.12827
0.575436 1.12341
0.510244 1.09594
0.496841 1.11465
0.580324 1.15268
0.570465 1.15107
0.563555 1.17042
0.589053 1.17088
0.59119 1.17809
0.558718 1.17673
0.579476 1.19818
0.524584 1.15258
0.530622 1.17578
0.529664 1.18854
0.514568 1.19497
0.485427 1.15364
0.482586 1.16255
0.449621 1.19409
0.436183 1.19861
0.432015 1.19904
0.422512 1.19935
0.400614 1.18775
0.417087 1.1868
0.458229 1.09753
0.395919 1.16058
0.376537 1.18936
0.375819 1.1676
0.391346 1.15159
0.398336 1.13776
0.346664 1.19515
0.355156 1.16819
0.355591 1.16162
0.368054 1.11752
0.349307 1.13554
0.338295 1.16076
0.330871 1.15301
0.30057 1.18869
0.217063 1.19035
0.257084 1.15932
0.301282 1.15509
0.263861 1.155
0.313159 1.13725
0.281749 1.1424
0.282206 1.14064
0.306088 1.12952
0.281736 1.13619
0.493492 1.07014
0.353867 1.10717
0.370982 1.09987
0.350164 1.10483
0.325544 1.10893
0.372226 1.07534
0.37974 1.08273
0.383747 1.09068
0.413668 1.08638
0.405887 1.05248
0.447203 1.01887
0.442377 1.04042
0.444756 1.07322
0.483342 1.05981
0.492689 1.01917
0.547911 1.04806
0.509231 1.02024
0.534791 1.02441
0.511123 0.98344
0.446844 1.04464
0.469384 0.994788
0.431336 1.00684
0.384313 1.03842
0.364222 1.04
0.383672 1.01974
0.330927 1.06361
0.32415 1.07148
0.262766 1.11791
0.2364 1.13873
0.223832 1.11364
0.260236 1.09581
0.272011 1.08284
0.204359 1.10439
0.202977 1.10018
0.296372 1.07046
0.259757 1.02233
0.290606 1.01488
0.291186 1.00761
0.307761 0.986798
0.300149 1.00641
0.339222 0.988079
0.352687 1.03644
0.3663 0.993483
0.352862 0.981104
0.307391 0.971042
0.280379 0.970713
0.279029 0.974956
0.253295 0.974314
0.228699 0.96886
0.201611 0.960132
0.255509 0.952265
0.27319 0.94714
0.23741 0.934842
0.30341 0.954407
0.201846 0.916614
0.208184 0.89084
0.22854 0.87646
0.313811 0.930125
0.250713 0.910688
0.313765 0.937179
0.330653 0.957124
0.370828 0.949902
0.468541 0.980476
0.513594 0.970092
0.504927 0.929974
0.48712 0.929944
0.447017 0.940152
0.448825 0.96278
0.423081 0.938758
0.383426 0.917938
0.345866 0.899133
0.3583 0.899067
0.407046 0.907178
0.359179 0.895597
0.283933 0.883658
0.382177 0.887485
0.440223 0.88425
0.365753 0.877512
0.405592 0.876266
0.458372 0.831273
0.417811 0.8366
0.422152 0.828547
0.456255 0.823489
0.442705 0.816545
0.474361 0.823113
0.465366 0.818106
0.448448 0.81509
0.443187 0.809987
0.40925 0.811091
0.39609 0.819207
0.359076 0.832882
0.345136 0.854429
0.320595 0.869544
0.288063 0.874888
0.315266 0.840668
0.205774 0.828293
0.214578 0.722183
