1
100 1
0.361259 1.15855
0.776566 0.935034
0.473628 1.08338
0.802695 0.915333
0.770425 0.901348
0.723362 0.882525
0.707687 0.851399
0.595288 0.855832
0.41518 0.976951
0.558417 0.827916
0.484023 0.867143
0.386758 0.926951
0.393099 0.875815
0.581861 0.731309
0.448945 0.771505
0.583523 0.724853
0.637848 0.690369
0.403016 0.761439
0.3747 0.727269
0.4783 0.685682
0.736201 0.588223
0.584343 0.598036
0.457066 0.627234
0.41898 0.576953
0.477691 0.461645
0.446698 0.430252
0.392652 0.372286
0.596779 0.474167
0.560144 0.375417
0.65861 0.358688
0.661902 0.364534
0.76603 0.368422
0.759862 0.431823
0.666721 0.507475
0.697967 0.495644
0.724901 0.494454
0.818484 0.47108
0.750792 0.55759
0.83093 0.541285
0.867721 0.597633
0.966376 0.489854
1.01334 0.487582
1.00272 0.422135
1.13924 0.36272
1.00778 0.610879
1.18714 0.447816
1.02822 0.727316
1.07306 0.743492
1.12214 0.765682
1.21743 0.582568
1.27347 0.43632
1.2893 0.382953
1.33682 0.418888
1.27961 0.553613
1.29314 0.510036
1.18386 0.810215
1.2054 0.807677
1.23239 0.827224
1.25004 0.748245
1.29728 0.740354
1.3267 0.765035
1.32766 0.845329
1.23969 0.88007
1.17631 0.887461
1.00809 0.808483
0.995138 0.872424
1.06982 0.90151
1.07645 0.913742
0.847974 0.939197
0.898884 0.96538
1.05959 0.939833
1.19024 0.918586
1.02252 0.990106
0.97998 0.957125
0.872039 1.02233
0.889413 1.02712
1.19216 0.994714
1.34681 1.02378
1.1448 1.06101
1.3086 1.09064
1.25138 1.16004
1.15392 1.16885
0.834401 1.0472
0.99585 1.2272
0.886879 1.17292
0.970582 1.21174
0.742281 1.09179
1.10477 1.3276
1.07712 1.32894
0.971336 1.30131
0.883808 1.33995
0.709587 1.33537
0.638164 1.29354
0.484124 1.22057
0.50902 1.22479
0.621559 1.175
0.630669 1.09021
0.540177 1.06989
0.462126 1.10945
0.420035 1.13612
