1
1000 1
0.451794 0.915917
0.497253 0.877618
0.555792 0.832232
0.507738 0.856907
0.616247 0.788919
0.547193 0.820883
0.800185 0.67061
0.651454 0.755871
0.578819 0.79597
0.689101 0.72325
0.707281 0.714869
0.817334 0.65101
0.746116 0.686154
0.648753 0.73263
0.512964 0.826009
0.484765 0.863038
0.492506 0.83954
0.460995 0.863981
0.607024 0.736693
0.574117 0.754565
0.505789 0.812631
0.478543 0.833242
0.500121 0.788184
0.494472 0.807249
0.525013 0.763369
0.510035 0.787423
0.531935 0.761124
0.57743 0.745841
0.567528 0.739232
0.634687 0.711762
0.705875 0.677086
0.661106 0.693182
0.609712 0.715736
0.58217 0.723625
0.571923 0.729422
0.531455 0.74657
0.59777 0.711483
0.590905 0.712923
0.519665 0.747144
0.58537 0.71324
0.530825 0.725194
0.558821 0.678794
0.570943 0.669285
0.576422 0.676959
0.609887 0.695721
0.76294 0.658353
0.789253 0.646585
0.856103 0.628756
0.773383 0.646275
0.655907 0.676471
0.61244 0.684819
0.773597 0.640511
0.834781 0.627861
0.620074 0.663241
0.755569 0.633929
0.708444 0.645771
0.782801 0.629839
0.864559 0.610383
0.839314 0.613205
0.713766 0.632596
0.756551 0.625019
0.775016 0.619561
0.828444 0.608392
0.889487 0.581371
0.718454 0.622206
0.795041 0.603654
0.894914 0.579315
0.940181 0.560565
0.614501 0.645453
0.631459 0.596445
0.585964 0.620189
0.637776 0.560762
0.640108 0.585613
0.639556 0.622598
0.644635 0.60967
0.644694 0.599118
0.653724 0.588404
0.655931 0.629929
0.692023 0.615799
0.692048 0.613382
0.668857 0.577943
0.672609 0.569216
0.696322 0.57582
0.670687 0.548892
0.671305 0.538459
0.685277 0.528478
0.711981 0.51251
0.697972 0.532638
0.684649 0.546151
0.699536 0.548147
0.710141 0.525659
0.719014 0.521434
0.696998 0.562212
0.699787 0.571416
0.734136 0.576567
0.735366 0.55976
0.724529 0.524157
0.743528 0.513435
0.742074 0.508807
0.746522 0.511101
0.765849 0.49557
0.846103 0.496307
0.825137 0.500589
0.801543 0.529476
0.788175 0.542513
0.772119 0.558282
0.839939 0.508614
0.884105 0.482355
0.978296 0.461356
0.986666 0.461845
0.967224 0.466063
0.926281 0.480622
0.832288 0.524944
0.859775 0.516735
0.857526 0.522735
0.917608 0.499629
0.992078 0.483191
0.975186 0.489383
0.99837 0.491131
0.945258 0.499055
0.996645 0.499324
0.887712 0.516116
0.949191 0.512659
0.921862 0.530356
0.894716 0.531143
0.890273 0.524251
0.748396 0.583428
0.874879 0.541848
0.874571 0.546489
0.8165 0.567381
0.746769 0.59054
0.756157 0.588966
0.805798 0.576337
0.987519 0.530087
0.790552 0.582616
0.778882 0.601019
0.995204 0.532217
1.03569 0.478006
1.02047 0.503875
0.972352 0.573497
1.04967 0.472086
1.07755 0.491367
1.09248 0.488368
1.05707 0.521958
0.963992 0.624475
1.0038 0.575883
0.973384 0.579386
0.905055 0.680887
0.930429 0.661957
0.962741 0.628791
1.07175 0.515348
1.00504 0.619945
1.1011 0.501233
1.10309 0.526043
1.03263 0.589746
0.995163 0.635536
0.92598 0.695327
0.932243 0.689347
1.01379 0.595011
0.945091 0.668105
0.86012 0.755706
0.850065 0.78279
0.869482 0.766245
0.985397 0.665106
0.920407 0.709017
1.06946 0.585286
1.0197 0.626923
1.04745 0.610146
0.985801 0.683633
0.955968 0.706633
0.824252 0.82673
0.896497 0.771069
0.827013 0.827654
0.841247 0.820703
0.916968 0.758546
0.796849 0.869443
0.807756 0.877026
0.786973 0.908866
0.837183 0.865738
0.84593 0.853511
0.863243 0.826616
0.899154 0.786454
0.910449 0.809282
0.812102 0.910444
0.8437 0.893615
0.885446 0.863671
0.936582 0.809166
0.93701 0.78884
0.950037 0.779757
0.972434 0.753933
1.00326 0.693276
1.02751 0.64433
1.04377 0.621318
1.15039 0.516216
1.14238 0.54103
1.08559 0.600582
1.08897 0.601612
1.10302 0.594434
1.05762 0.63128
1.01585 0.670968
1.07615 0.621668
1.06323 0.639574
1.01179 0.694678
1.00311 0.705315
1.12284 0.59406
1.15055 0.565557
1.03775 0.688741
1.04401 0.687813
1.15831 0.566962
1.00549 0.738125
0.972685 0.768981
0.970706 0.779633
0.963578 0.788189
0.872529 0.893084
0.960078 0.802653
1.05909 0.68875
1.2115 0.532217
1.05532 0.709132
0.94561 0.83667
0.963786 0.827344
0.972854 0.81403
0.976567 0.817167
0.95289 0.845004
0.927121 0.856559
0.958136 0.853858
0.95571 0.858585
1.04446 0.754368
1.03532 0.761839
1.03839 0.758475
1.07084 0.723664
1.09598 0.690646
1.19212 0.559613
1.12677 0.657844
1.09103 0.701391
1.19278 0.642804
1.19891 0.638881
1.19366 0.630995
1.16712 0.640217
1.12922 0.658811
1.17253 0.629367
1.18724 0.623546
1.18071 0.6149
1.18308 0.604502
1.19637 0.592879
1.22989 0.556179
1.26173 0.564154
1.23471 0.571313
1.22937 0.618197
1.22473 0.642251
1.15926 0.683932
1.17934 0.673946
1.1526 0.690388
1.17598 0.677051
1.08764 0.736675
1.13101 0.747669
1.1599 0.702278
1.17075 0.684133
1.17964 0.679319
1.19474 0.672711
1.26666 0.631087
1.20495 0.667516
1.2173 0.667891
1.28287 0.645272
1.24761 0.692603
1.24312 0.697356
1.25314 0.690025
1.2998 0.667688
1.31394 0.64837
1.31904 0.639057
1.32818 0.635218
1.33224 0.629868
1.31997 0.654978
1.3138 0.660397
1.30697 0.666046
1.17292 0.738868
1.21141 0.721109
1.24643 0.708012
1.32918 0.668736
1.3225 0.685843
1.33978 0.686699
1.24233 0.728528
1.26692 0.725669
1.3207 0.720896
1.36323 0.707801
1.3453 0.717273
1.33159 0.724413
1.17343 0.758317
1.35573 0.722026
1.39786 0.72771
1.33413 0.742197
1.17812 0.758524
1.23444 0.760226
1.31414 0.757734
1.29159 0.764403
1.28666 0.766846
1.21776 0.774447
1.19485 0.776166
1.2503 0.781574
1.19007 0.781286
1.1959 0.796596
1.12534 0.795917
1.17119 0.782017
1.17154 0.774063
1.1736 0.77173
1.14291 0.770818
1.06994 0.77332
1.04278 0.774276
1.11394 0.794868
1.10357 0.815471
1.08707 0.829153
1.0666 0.826646
1.03069 0.783595
1.01821 0.833535
1.01579 0.829757
1.00049 0.856035
0.963023 0.867229
0.869048 0.89538
1.01372 0.85464
1.17155 0.806864
1.29167 0.771826
1.39714 0.743599
1.39064 0.745617
0.917576 0.884605
1.1746 0.814777
1.33272 0.770348
1.13171 0.827208
1.3989 0.756031
1.12132 0.832293
1.24939 0.799432
1.15457 0.827643
0.921547 0.88483
0.944718 0.882566
0.875035 0.909071
0.942943 0.902857
0.950745 0.901887
1.00128 0.881663
0.943457 0.893158
1.06913 0.864949
1.09459 0.857893
0.958763 0.901563
1.16491 0.841648
1.25993 0.808456
1.27071 0.804059
1.18732 0.83303
1.27459 0.802641
1.40852 0.776685
1.3603 0.788068
1.32207 0.795961
1.26942 0.80791
1.31001 0.808014
1.30126 0.843795
1.31328 0.831382
1.32018 0.842536
1.35302 0.841764
1.33583 0.835322
1.32142 0.82372
1.33589 0.819061
1.33731 0.80498
1.34002 0.800513
1.42498 0.817447
1.39329 0.847079
1.39518 0.85827
1.39645 0.872447
1.38822 0.866903
1.35343 0.876763
1.36196 0.853393
1.32454 0.865104
1.33323 0.866299
1.34345 0.869425
1.29709 0.874372
1.33736 0.880296
1.32573 0.89087
1.34371 0.905909
1.35229 0.94087
1.35925 0.924796
1.38657 0.923358
1.41609 0.907765
1.42149 0.894949
1.42295 0.880618
1.44398 0.882175
1.40361 0.955555
1.40911 0.956157
1.40124 0.976695
1.43488 0.908428
1.41261 0.967167
1.41901 0.963128
1.449 0.959691
1.41073 0.99323
1.40958 1.00149
1.43069 1.01132
1.42081 1.03872
1.41748 1.03593
1.40551 1.03117
1.40403 1.0487
1.4045 1.05239
1.41273 1.05506
1.42764 1.05027
1.40782 1.09667
1.41004 1.07029
1.39315 1.06808
1.36827 0.982193
1.35598 0.965193
1.35633 0.97581
1.33822 0.93646
1.35025 0.970114
1.32623 0.918719
1.35746 0.992162
1.35822 1.01127
1.37346 1.0822
1.35655 1.02391
1.35636 1.02753
1.34808 0.985873
1.34922 1.02724
1.3413 0.995312
1.3243 0.938735
1.31411 0.935517
1.31506 0.959204
1.32267 0.994861
1.30827 1.03963
1.30132 0.949858
1.29614 1.01617
1.28015 1.00948
1.28908 0.958578
1.27501 0.966752
1.27766 0.936225
1.27853 0.87721
1.18116 0.901291
1.21378 0.883657
1.19926 0.895406
1.24508 0.86556
1.26637 0.824818
1.24514 0.847715
1.17544 0.856786
1.14816 0.869866
1.14446 0.872565
1.13068 0.889396
1.1704 0.876271
1.21021 0.87621
1.22098 0.874041
1.11814 0.905293
1.12759 0.917607
1.19009 0.908982
1.23935 0.925211
1.15212 0.923776
1.22607 0.938116
1.13192 0.920874
1.10094 0.903382
1.07053 0.884419
1.15904 0.944962
1.06133 0.88794
1.2279 0.99067
1.30212 1.04331
1.36481 1.08384
1.29294 1.03286
1.3912 1.1015
1.3924 1.10807
1.35206 1.08248
1.34397 1.07289
1.34094 1.06954
1.28703 1.0442
1.11499 0.934762
1.10108 0.925952
1.3009 1.05682
1.18312 0.985474
1.0756 0.924958
1.07179 0.924529
1.26445 1.04346
1.13282 0.977456
1.21654 1.02564
1.25735 1.04668
1.24639 1.0513
1.36047 1.12642
1.33505 1.10661
1.38548 1.14239
1.40316 1.12613
1.39823 1.15053
1.09766 0.962336
1.23666 1.05372
1.01191 0.9161
0.978163 0.90633
1.13773 0.998809
1.22389 1.05251
1.39358 1.15315
1.36791 1.13998
1.38953 1.15717
1.35568 1.13601
1.27194 1.0879
1.29632 1.10283
1.35491 1.13772
1.31967 1.11763
1.39005 1.16125
1.26249 1.08665
1.04351 0.952491
0.977501 0.917718
1.06208 0.969678
1.07264 0.977562
1.04179 0.963945
1.1458 1.01965
1.16404 1.03545
1.21846 1.06244
1.28254 1.1043
1.29016 1.10831
1.38566 1.16632
1.34345 1.14428
1.37136 1.16744
1.33645 1.15539
1.33288 1.15821
1.22112 1.08859
1.10391 1.01152
1.13757 1.03463
1.01187 0.952339
1.1375 1.04068
0.98091 0.933645
1.10401 1.03327
1.21434 1.09242
1.20304 1.09153
1.17555 1.0766
1.34218 1.17186
1.36652 1.19064
1.37299 1.20333
1.32626 1.17599
1.27494 1.14194
1.17846 1.08262
1.10061 1.03682
0.959135 0.957587
1.087 1.03792
1.26526 1.14295
0.912498 0.947586
0.969788 0.986001
1.00968 1.00412
1.18147 1.09764
1.17079 1.09447
1.03978 1.02464
0.853138 0.923728
1.00851 1.01155
0.881426 0.95351
0.8954 1.00374
0.937812 1.03541
0.976078 1.01446
1.01638 1.02271
1.06783 1.05113
1.09146 1.06519
1.12281 1.0781
0.896133 1.03452
0.929148 1.05166
0.953973 1.05319
1.01781 1.07621
1.16571 1.11215
1.00862 1.07983
1.0832 1.10838
1.1172 1.11868
1.218 1.12913
1.14273 1.12417
1.19493 1.13746
1.15338 1.13141
1.1055 1.11946
0.953217 1.08426
1.26746 1.16335
1.29923 1.17063
1.27998 1.20572
1.27102 1.21686
1.26677 1.22599
1.29851 1.21065
1.36609 1.20789
1.36984 1.20711
1.30881 1.22458
1.30174 1.24663
1.31112 1.22852
1.32937 1.24378
1.36845 1.2139
1.30148 1.2992
1.2647 1.32386
1.23761 1.35524
1.23865 1.29557
1.28799 1.24204
1.23071 1.27732
1.24168 1.21557
1.2428 1.19243
1.2219 1.29355
1.20216 1.34514
1.1805 1.334
1.20347 1.25341
1.22821 1.18239
1.21776 1.20466
1.20008 1.23516
1.11324 1.39706
1.12778 1.35281
1.17522 1.26711
1.19083 1.24033
1.09716 1.37773
1.0893 1.36764
1.20686 1.20766
1.07836 1.35771
1.23097 1.17614
1.16849 1.15229
1.12866 1.1403
1.17928 1.15861
1.12225 1.1391
1.11321 1.13892
1.13582 1.15669
1.15544 1.17635
1.19876 1.20638
1.11855 1.17064
1.15942 1.18971
1.15589 1.20088
1.12249 1.19549
1.16644 1.21595
1.08757 1.25562
1.17117 1.22876
1.18258 1.22448
1.09529 1.28472
1.0888 1.30137
1.13596 1.27863
1.05631 1.38041
1.10179 1.1631
1.08953 1.20486
1.1053 1.12941
1.09295 1.1826
1.05048 1.33789
1.05449 1.31907
1.04803 1.32878
1.09342 1.16137
1.04907 1.28285
1.05359 1.26213
1.05418 1.21778
1.04515 1.22649
1.08271 1.13347
1.03757 1.18146
1.03417 1.23622
1.04189 1.29522
1.03966 1.28211
1.03672 1.28133
1.02905 1.31967
1.02679 1.28706
1.02241 1.30483
1.01916 1.32185
1.016 1.30775
1.0234 1.22307
0.99091 1.20223
0.999087 1.16729
1.00802 1.15836
1.03013 1.13994
1.02211 1.11762
0.988664 1.17274
0.989118 1.11312
0.987261 1.10847
0.963207 1.09896
0.97071 1.11844
0.960815 1.12805
0.962788 1.1478
0.944378 1.12885
0.974214 1.18619
0.967089 1.19467
0.957011 1.17917
0.942236 1.14099
0.91704 1.08854
0.900629 1.06108
0.881283 1.0285
0.877909 1.00065
0.8549 0.939592
0.840838 0.926448
0.854507 0.981201
0.817926 0.951284
0.826955 0.972918
0.845192 1.00522
0.813695 0.957309
0.797896 0.951101
0.854847 1.04412
0.81908 1.00327
0.819232 1.00001
0.801384 0.98194
0.890178 1.09943
0.791324 0.977822
0.903355 1.13522
0.883427 1.10426
0.899557 1.1241
0.954975 1.20076
0.949689 1.19527
0.892273 1.134
0.902284 1.15647
0.961898 1.21235
0.963749 1.23397
0.994387 1.29085
0.986241 1.28828
0.903286 1.16271
0.828933 1.07478
0.858228 1.12006
0.973787 1.27535
0.821123 1.07158
0.831371 1.10084
0.845437 1.11333
0.831996 1.12516
0.863199 1.15953
0.930303 1.23346
0.864425 1.1857
0.961772 1.29451
0.924768 1.25961
0.923932 1.26303
0.901547 1.24146
0.954402 1.31038
0.974964 1.33181
0.990676 1.34396
1.00077 1.34081
1.0066 1.34934
0.997126 1.36102
1.02014 1.36108
1.01171 1.39166
1.00713 1.39366
0.989726 1.37041
1.01426 1.4099
0.970242 1.35558
0.942284 1.30876
0.969808 1.36401
0.881435 1.21975
0.889226 1.25073
0.937289 1.32617
0.996339 1.42955
0.928845 1.33439
0.97538 1.43472
0.896407 1.26652
0.895777 1.26695
0.8911 1.25893
0.881993 1.27204
0.870466 1.25889
0.872137 1.27165
0.970158 1.43856
0.9494 1.4338
0.904584 1.42178
0.899041 1.436
0.906438 1.37611
0.901068 1.34668
0.89891 1.32793
0.876715 1.31049
0.870902 1.32455
0.862566 1.35089
0.859917 1.36093
0.851116 1.43685
0.852804 1.36386
0.823846 1.38325
0.830514 1.35178
0.791014 1.41461
0.830454 1.32857
0.783453 1.38203
0.7802 1.38401
0.761948 1.39467
0.862741 1.25581
0.871602 1.23563
0.846383 1.23499
0.834359 1.23454
0.851769 1.22287
0.86588 1.21772
0.864411 1.20097
0.793293 1.14703
0.786835 1.15244
0.730486 1.15193
0.752344 1.15534
0.761351 1.15579
0.718215 1.16302
0.756539 1.16891
0.696251 1.17797
0.721073 1.15276
0.702343 1.16452
0.679567 1.17293
0.676531 1.17123
0.653526 1.17256
0.64547 1.21526
0.717515 1.19396
0.732561 1.1868
0.767435 1.18561
0.686606 1.21662
0.695249 1.21897
0.756516 1.21114
0.717511 1.22634
0.690152 1.22393
0.678453 1.22776
0.668399 1.25259
0.691221 1.26915
0.69019 1.27619
0.712475 1.31322
0.713111 1.2763
0.715989 1.28974
0.748943 1.28664
0.79279 1.25972
0.761003 1.27237
0.755944 1.27397
0.758532 1.26369
0.759744 1.26129
0.794446 1.24266
0.80412 1.25356
0.752575 1.30384
0.733475 1.31848
0.78715 1.28929
0.791765 1.3178
0.798492 1.33881
0.789833 1.32578
0.773047 1.31381
0.765265 1.3179
0.769345 1.37493
0.767105 1.36794
0.76353 1.35993
0.754055 1.31784
0.757525 1.37738
0.750377 1.39765
0.738635 1.33544
0.74031 1.39638
0.716902 1.35829
0.62015 1.20445
0.635999 1.23524
0.590798 1.17064
0.705799 1.34777
0.601319 1.19525
0.609874 1.24291
0.638101 1.27519
0.681115 1.33866
0.671427 1.33138
0.676712 1.33927
0.684008 1.35211
0.599633 1.25039
0.598502 1.24503
0.587875 1.19358
0.580773 1.17064
0.578913 1.2052
0.569293 1.17188
0.556275 1.17025
0.583017 1.23269
0.689346 1.36425
0.615371 1.28894
0.660472 1.33784
0.665181 1.34534
0.628097 1.31511
0.528211 1.21654
0.560727 1.2439
0.554316 1.22964
0.543976 1.21576
0.528809 1.1703
0.492488 1.13125
0.520254 1.14458
0.52294 1.11289
0.522957 1.1118
0.53529 1.12559
0.538187 1.1138
0.540482 1.11134
0.544886 1.10257
0.598363 1.12422
0.603542 1.11183
0.57179 1.08474
0.596209 1.09374
0.621476 1.11364
0.630699 1.1202
0.598914 1.13544
0.643355 1.14824
0.708507 1.14916
0.681873 1.13745
0.637454 1.12008
0.691654 1.11981
0.648084 1.10797
0.705298 1.11924
0.81598 1.13922
0.663498 1.10126
0.690284 1.10721
0.79487 1.12881
0.676849 1.09826
0.698765 1.08386
0.716041 1.09031
0.761635 1.10482
0.760896 1.10705
0.77795 1.11539
0.790293 1.12313
0.814177 1.12412
0.834221 1.14257
0.817013 1.11315
0.765318 1.07505
0.740467 1.04457
0.814829 1.0901
0.768499 1.01323
0.759232 0.974942
0.753488 0.959287
0.694809 1.05723
0.683176 1.06613
0.678031 1.07354
0.677689 1.08049
0.660554 1.05648
0.646343 1.0739
0.631976 1.05992
0.580174 1.06808
0.647387 1.04904
0.633109 1.04523
0.651717 1.04731
0.632042 1.03925
0.676442 1.03392
0.703244 0.987742
0.685381 0.995929
0.641862 1.01789
0.563903 1.05791
0.700661 0.979911
0.743484 0.953831
0.723329 0.963951
0.59617 1.03718
0.705779 0.966875
0.632901 1.01135
0.627486 1.00084
0.647204 0.985126
0.533684 1.05507
0.476862 1.05062
0.547597 1.01272
0.512622 1.01722
0.682941 0.965742
0.727377 0.942814
0.654726 0.964752
0.610362 0.986437
0.584091 0.986618
0.561306 0.991151
0.531861 0.996975
0.675256 0.952576
0.739633 0.933408
0.687714 0.938363
0.721872 0.928358
0.706729 0.92315
0.653764 0.94356
0.608046 0.972007
0.62745 0.953689
0.607223 0.961526
0.577299 0.975352
0.556188 0.982535
0.519826 0.995822
0.499893 0.9914
0.605579 0.9567
0.506653 0.983831
0.693682 0.919277
0.674416 0.929434
0.736883 0.902779
0.633986 0.93619
0.658302 0.927124
0.557284 0.963318
0.55212 0.962592
0.760274 0.88527
0.519884 0.968123
0.529368 0.964364
0.744925 0.878594
0.686918 0.896967
0.643189 0.909331
0.629051 0.916224
0.63288 0.92061
0.501538 0.97457
0.527031 0.958145
0.683858 0.884138
0.57245 0.932392
0.453826 0.988336
0.579484 0.920683
0.635199 0.891412
0.730372 0.836679
0.685408 0.859292
0.655491 0.870227
0.586978 0.907691
0.653484 0.868403
0.575411 0.911658
0.773602 0.799339
0.829772 0.753726
0.805725 0.777687
0.874233 0.720928
0.92727 0.643339
0.910417 0.651842
0.85224 0.702703
0.771716 0.776899
0.95549 0.596448
0.860921 0.681862
0.769872 0.765142
0.962542 0.579282
0.878359 0.657854
0.893003 0.641385
0.837668 0.696456
0.733611 0.765484
0.700568 0.793834
0.680806 0.828505
0.678475 0.838773
0.681434 0.843077
0.577806 0.900434
0.621987 0.871798
0.557259 0.911102
0.724375 0.765782
0.525496 0.924906
0.547744 0.902546
0.453285 0.98054
0.575805 0.87836
0.720359 0.762425
0.634812 0.829981
0.52131 0.917528
0.612406 0.841686
0.492876 0.92973
0.470528 0.936661
0.712644 0.757329
0.54777 0.866288
0.520849 0.877124
0.517633 0.873857
0.624812 0.799535
0.795449 0.688879
0.810971 0.670193
0.53043 0.86417
0.932333 0.584269
0.744733 0.711893
