1
100 1
0.009074 0.625237
0.075583 0.598862
0.0615 0.540034
0.399873 0.411172
0.400468 0.399113
0.169094 0.454969
0.272288 0.417589
0.322068 0.393665
0.05235 0.404835
0.467891 0.321307
0.760018 0.234839
0.652116 0.219525
0.546839 0.234074
0.276731 0.320994
0.051105 0.316803
0.03127 0.313639
0.068177 0.275447
0.331678 0.240351
0.30819 0.230855
0.452578 0.212628
0.187978 0.20259
0.122662 0.1751
0.388196 0.198276
0.511872 0.182315
0.609685 0.132506
0.355184 0.121546
0.076264 0.090521
0.031446 0.067273
0.146453 0.076874
0.343654 0.080549
0.733383 0.079812
0.130119 0.022055
0.113732 0.001579
0.706976 0.02322
0.666698 0.005032
0.858849 0.027233
0.886198 0.157893
0.87884 0.172448
0.739462 0.187306
0.779972 0.189431
0.875675 0.189979
0.927881 0.165844
0.863053 0.243798
0.895992 0.349792
0.93853 0.618457
0.955468 0.533692
0.932351 0.251154
0.976268 0.178496
0.98267 0.261828
0.962482 0.572066
0.994449 0.49081
0.953158 0.671857
0.985148 0.77734
0.915863 0.815467
0.893868 0.822158
0.815971 0.94038
0.8901 0.613725
0.780221 0.842124
0.708342 0.565373
0.643891 0.51139
0.64731 0.592097
0.708129 0.904442
0.653579 0.856273
0.632994 0.774058
0.597739 0.580098
0.561997 0.64991
0.569952 0.740004
0.6074 0.880421
0.350194 0.918638
0.424343 0.931886
0.333535 0.947629
0.27736 0.949539
0.140408 0.948113
0.146267 0.899442
0.031234 0.845985
0.13077 0.870879
0.140398 0.844119
0.461258 0.70722
0.197808 0.79463
0.265193 0.716174
0.044779 0.816059
0.370355 0.663454
0.12296 0.721426
0.164877 0.676369
0.278374 0.631639
0.368978 0.64678
0.425013 0.624121
0.362672 0.593648
0.313633 0.592619
0.408899 0.534108
0.537619 0.568119
0.740675 0.340582
0.811215 0.263671
0.734551 0.321938
0.756313 0.276334
0.406077 0.480147
0.285386 0.555488
0.244507 0.578858
0.234332 0.589345
0.162667 0.577112
