1
1000 1
-0.349556 0.196465
-0.276989 0.194174
-0.272675 0.189132
-0.244985 0.17034
-0.324236 0.171339
-0.100557 0.160321
-0.348478 0.129404
-0.283346 0.129335
-0.16693 0.137084
-0.218303 0.115839
-0.343981 0.091283
-0.309501 0.095241
-0.216657 0.070544
-0.200246 0.052722
-0.187433 0.108777
-0.19884 0.048912
-0.19045 0.044994
-0.1834 0.044704
-0.156171 0.077844
-0.074477 0.104836
-0.125398 0.091902
-0.110836 0.109355
-0.153479 0.109887
-0.05114 0.153988
-0.084744 0.124785
-0.039965 0.138335
-0.080212 0.123353
-0.057519 0.124987
-0.063484 0.121412
0.023563 0.150834
0.072232 0.153682
-0.01168 0.122299
-0.122501 0.085845
0.097669 0.155457
0.091888 0.149313
-0.058303 0.104996
-0.037604 0.101437
-0.123422 0.08137
-0.15335 0.059438
0.037189 0.116405
-0.14272 0.022486
-0.083812 0.049418
-0.00079 0.092521
-0.142057 0.006842
-0.125603 0.006339
0.074486 0.12383
0.132229 0.157235
0.109793 0.14054
0.099244 0.129808
0.022252 0.081586
0.13742 0.126726
0.124872 0.112217
0.103134 0.101517
0.063443 0.08393
0.075414 0.087435
-0.085761 0.006829
-0.074645 0.014368
-0.116376 -0.001305
-0.08523 0.002887
-0.10562 -0.004812
-0.059487 -0.011093
-0.066297 -0.017988
-0.02122 -0.034815
-0.031827 -0.024893
-0.04856 -0.011599
-0.018321 0.014043
0.013452 0.038735
0.079642 0.071152
-0.001941 0.008314
0.01459 0.006563
0.059421 0.024016
0.140616 0.084273
0.211772 0.126112
0.120449 0.054686
0.222642 0.122095
0.071381 0.021595
0.080425 0.027184
0.12348 0.0471
0.125217 0.04007
0.236974 0.126702
0.179006 0.090795
0.167168 0.083281
0.264642 0.146757
0.260402 0.090516
0.234727 0.068296
0.237165 0.030148
0.233652 0.006045
0.196482 0.068713
0.199766 0.068428
0.195581 0.077119
0.18573 0.079096
0.086821 -0.019964
0.130259 -0.002881
0.173542 0.000648
0.176789 0.021995
0.190845 0.052727
0.2167 -0.009893
0.200086 -0.020062
0.178813 -0.099481
0.169537 -0.095029
0.165189 -0.095338
0.079558 -0.086707
0.130467 -0.052375
0.136628 -0.037321
0.112499 -0.036595
0.042607 -0.040743
0.040459 -0.046517
0.064241 -0.053706
0.091095 -0.052002
0.042558 -0.07013
0.06209 -0.069537
0.066261 -0.082027
0.181441 -0.13636
0.141872 -0.133247
0.068528 -0.116832
0.095293 -0.124958
-0.028007 -0.098464
-0.04617 -0.059161
-0.016449 -0.062655
-0.070959 -0.046848
-0.051041 -0.045058
-0.067543 -0.040569
-0.071017 -0.038573
-0.08861 -0.021082
-0.083841 -0.066376
-0.100432 -0.037474
-0.089063 -0.06126
-0.12516 -0.023922
-0.143032 -0.033777
-0.099463 -0.071106
-0.150571 -0.042347
-0.135279 -0.070769
-0.13368 -0.082162
-0.12839 -0.126158
-0.126546 -0.126018
-0.032615 -0.101687
-0.055005 -0.126035
-0.051922 -0.110189
-0.063754 -0.134734
-0.006923 -0.132899
0.00496 -0.110375
0.002603 -0.119376
0.026542 -0.133581
0.112658 -0.145671
0.03203 -0.149882
-0.007999 -0.159727
0.057355 -0.159203
0.071451 -0.175666
0.001862 -0.164318
0.054455 -0.195257
0.003176 -0.188472
-0.09618 -0.146009
-0.025358 -0.179276
-0.020618 -0.181253
-0.033466 -0.180771
-0.009275 -0.194532
-0.118365 -0.139229
-0.020482 -0.218913
-0.09692 -0.175385
-0.061324 -0.208337
-0.125075 -0.164324
-0.13166 -0.172413
-0.051664 -0.22276
-0.1202 -0.199945
-0.055196 -0.225934
-0.085649 -0.218729
-0.077927 -0.224269
-0.092905 -0.228907
-0.05673 -0.240891
-0.10009 -0.240546
-0.120683 -0.268999
-0.135754 -0.231264
-0.131869 -0.205526
-0.138282 -0.203041
-0.172202 -0.029014
-0.153074 -0.131632
-0.168795 -0.074923
-0.161627 -0.112107
-0.153471 -0.149688
-0.164752 -0.114151
-0.178777 -0.087344
-0.208812 0.013177
-0.208498 -0.002943
-0.223769 0.031413
-0.252321 0.016249
-0.205929 -0.037771
-0.212807 -0.047834
-0.243133 -0.026184
-0.288555 0.010657
-0.280303 -0.003918
-0.292063 0.005277
-0.225257 -0.060177
-0.283948 -0.020285
-0.156247 -0.15002
-0.152923 -0.207858
-0.283831 -0.021837
-0.311931 0.01594
-0.3162 0.012644
-0.33539 0.030091
-0.328562 -0.015749
-0.323736 -0.038388
-0.269827 -0.044298
-0.308192 -0.054436
-0.329973 -0.056503
-0.330186 -0.057287
-0.206504 -0.154955
-0.234599 -0.142318
-0.247229 -0.138499
-0.141048 -0.256533
-0.28863 -0.107916
-0.339584 -0.075589
-0.28073 -0.141323
-0.26667 -0.153159
-0.165348 -0.255797
-0.178673 -0.277472
-0.169287 -0.292368
-0.242753 -0.227476
-0.235039 -0.216318
-0.347931 -0.121684
-0.327702 -0.155151
-0.330966 -0.153188
-0.335618 -0.164142
-0.31208 -0.186456
-0.187543 -0.298503
-0.272461 -0.24043
-0.319057 -0.212053
-0.333883 -0.227225
-0.340325 -0.276116
-0.308609 -0.299673
-0.341791 -0.319904
-0.348181 -0.321253
-0.18706 -0.304056
-0.176139 -0.330896
-0.16556 -0.338984
-0.01593 -0.346235
0.073084 -0.341209
0.45295 -0.349357
0.636589 -0.345009
0.420006 -0.328586
0.369889 -0.340389
0.211465 -0.341124
0.196166 -0.335214
0.127998 -0.331801
0.273492 -0.325712
0.265592 -0.329389
0.359938 -0.324745
0.291042 -0.324297
-0.036521 -0.310243
0.024358 -0.310562
0.300735 -0.31754
-0.051318 -0.30478
0.253677 -0.31373
0.282592 -0.314809
-0.036121 -0.300555
0.047836 -0.298219
0.050782 -0.297674
-0.12192 -0.28676
-0.037705 -0.290926
0.020106 -0.294739
-0.058827 -0.274349
0.153052 -0.304459
0.224097 -0.307931
0.260924 -0.309863
0.365728 -0.316132
0.615453 -0.335369
0.259445 -0.303076
0.337444 -0.308296
0.363725 -0.308013
0.077948 -0.284393
0.052246 -0.278027
0.009936 -0.264162
0.000321 -0.261487
-0.029933 -0.250465
0.033391 -0.258194
0.085414 -0.262611
0.117463 -0.266883
0.117541 -0.27617
0.296115 -0.288215
0.284845 -0.296968
0.333792 -0.29639
0.492721 -0.313068
0.523549 -0.314428
0.566668 -0.318714
0.569734 -0.317537
0.553035 -0.313161
0.587726 -0.309305
0.525708 -0.304803
0.241133 -0.272323
0.616017 -0.306773
0.483383 -0.291048
0.229457 -0.262722
0.499531 -0.292168
0.197896 -0.259006
0.190485 -0.260473
0.050247 -0.249
-0.025105 -0.24221
0.190727 -0.247798
0.063387 -0.230909
0.039142 -0.209873
0.062723 -0.212722
0.047192 -0.200688
0.071581 -0.20945
0.106879 -0.217568
0.117332 -0.194928
0.112024 -0.171778
0.148425 -0.174047
0.148759 -0.190741
0.201574 -0.14657
0.247628 -0.181372
0.215664 -0.196342
0.213602 -0.21286
0.198382 -0.235593
0.252839 -0.191761
0.244392 -0.205141
0.225437 -0.234958
0.286598 -0.172084
0.28725 -0.177657
0.232785 -0.245301
0.276384 -0.237929
0.387419 -0.2563
0.296811 -0.220238
0.484183 -0.274405
0.490887 -0.273463
0.508935 -0.268835
0.404118 -0.233909
0.368467 -0.20629
0.321105 -0.183328
0.225309 -0.138499
0.190409 -0.107992
0.193556 -0.100714
0.241588 -0.114076
0.304566 -0.159022
0.325313 -0.157169
0.28736 -0.110222
0.248574 -0.085972
0.230335 -0.068526
0.236418 -0.046584
0.247481 -0.043332
0.246162 -0.052975
0.368719 -0.18611
0.348634 -0.157331
0.247308 -0.017871
0.250128 -0.019352
0.39269 -0.193171
0.367731 -0.156819
0.392044 -0.184851
0.41576 -0.205537
0.396342 -0.179669
0.372416 -0.152721
0.454758 -0.234415
0.356165 -0.133113
0.254476 -0.012691
0.28563 -0.041811
0.286904 -0.034611
0.374642 -0.140946
0.379862 -0.137621
0.386132 -0.144223
0.271188 0.004497
0.262193 0.015578
0.287396 -0.002191
0.36893 -0.087097
0.399294 -0.121583
0.370005 -0.114322
0.451398 -0.217737
0.462323 -0.208594
0.514283 -0.239971
0.527878 -0.256479
0.509167 -0.226612
0.499923 -0.207848
0.492634 -0.180189
0.363133 -0.0698
0.304867 -0.010842
0.468423 -0.143431
0.481931 -0.162157
0.558307 -0.270371
0.575117 -0.257207
0.596009 -0.269454
0.633969 -0.304065
0.621331 -0.289319
0.636987 -0.301153
0.490388 -0.158014
0.412131 -0.094765
0.313726 -0.01412
0.302532 -0.003106
0.297199 0.005845
0.411719 -0.085964
0.450057 -0.108192
0.305144 0.010948
0.386578 -0.053748
0.454614 -0.1104
0.441471 -0.089098
0.441842 -0.08235
0.495039 -0.107238
0.458198 -0.075256
0.532479 -0.118021
0.476272 -0.10877
0.468899 -0.107313
0.478577 -0.125099
0.499686 -0.149192
0.500868 -0.150012
0.534527 -0.172084
0.526612 -0.176598
0.551505 -0.184996
0.58698 -0.180086
0.576275 -0.184075
0.590898 -0.212054
0.635464 -0.26178
0.648766 -0.245607
0.648976 -0.182209
0.628504 -0.161603
0.596297 -0.156856
0.614469 -0.147899
0.339578 0.000668
0.4881 -0.073491
0.610549 -0.132412
0.475373 -0.062446
0.288127 0.0322
0.334843 0.030412
0.384009 0.029221
0.387731 0.0352
0.340164 0.049671
0.289783 0.042447
0.268031 0.07236
0.282317 0.071325
0.293957 0.07004
0.356838 0.050207
0.390573 0.036717
0.441751 0.021966
0.459477 -0.003152
0.378443 0.001299
0.387467 0.01865
0.318459 0.027384
0.36281 0.002302
0.455755 -0.04223
0.497689 -0.071322
0.608898 -0.127718
0.558481 -0.091734
0.533131 -0.07025
0.536655 -0.055106
0.615654 -0.106097
0.583172 -0.073195
0.4924 -0.014633
0.629603 -0.095829
0.644534 -0.1037
0.463731 0.013148
0.588815 -0.057463
0.632971 -0.066007
0.646618 -0.056683
0.604682 -0.037955
0.527403 -0.002086
0.554549 0.065617
0.570356 0.01087
0.614935 0.009337
0.644743 0.035818
0.635632 0.059474
0.573774 0.064826
0.571684 0.031725
0.559322 0.062842
0.557629 0.07859
0.568923 0.101579
0.587664 0.105593
0.593501 0.132884
0.603136 0.177188
0.599027 0.127755
0.610564 0.217682
0.597812 0.23548
0.615159 0.243376
0.610992 0.24818
0.605493 0.250304
0.620713 0.261368
0.603541 0.122754
0.615959 0.185976
0.631181 0.239812
0.615523 0.169492
0.633129 0.174147
0.645749 0.190237
0.644697 0.242433
0.647399 0.268561
0.644935 0.394573
0.576087 0.209119
0.59415 0.242698
0.569651 0.179689
0.512674 0.023733
0.512414 0.034573
0.524345 0.065148
0.525037 0.061715
0.531642 0.08695
0.559254 0.188568
0.562182 0.207277
0.580916 0.278562
0.589324 0.317868
0.574338 0.305844
0.525265 0.25067
0.528502 0.217822
0.529901 0.203994
0.551307 0.191025
0.528588 0.170718
0.511007 0.124693
0.485971 0.040398
0.466964 0.075224
0.497533 0.143078
0.44365 0.060353
0.417271 0.044902
0.441995 0.122011
0.464435 0.16416
0.50951 0.187592
0.490263 0.189863
0.49873 0.202485
0.462861 0.168611
0.470391 0.184772
0.451942 0.160404
0.480181 0.22791
0.4951 0.297224
0.499281 0.294814
0.49479 0.230996
0.525691 0.314122
0.546487 0.328401
0.51177 0.259915
0.584215 0.346829
0.574919 0.35088
0.593507 0.379191
0.595754 0.319151
0.596936 0.301708
0.605015 0.310443
0.625782 0.362231
0.640779 0.418738
0.622603 0.405663
0.64156 0.467388
0.648328 0.465983
0.641672 0.562407
0.616518 0.56299
0.620349 0.417164
0.606475 0.515689
0.610972 0.63768
0.595671 0.605745
0.590345 0.545929
0.604015 0.600951
0.601514 0.531482
0.599367 0.564831
0.590881 0.494885
0.600477 0.403687
0.535731 0.371516
0.567198 0.406103
0.569608 0.429799
0.564269 0.461693
0.534611 0.401608
0.558409 0.494284
0.525197 0.409208
0.526894 0.432963
0.517538 0.40668
0.517698 0.409697
0.459664 0.213937
0.433127 0.163643
0.418123 0.124307
0.439802 0.208212
0.453544 0.24947
0.470451 0.305682
0.418669 0.164243
0.417896 0.158941
0.40646 0.129488
0.376291 0.077091
0.382218 0.09228
0.380909 0.122505
0.415598 0.206863
0.406876 0.190066
0.450634 0.373367
0.424035 0.312548
0.425343 0.306861
0.390502 0.2571
0.387694 0.20399
0.382575 0.25605
0.379238 0.249653
0.379486 0.153475
0.339309 0.117711
0.372874 0.22974
0.367127 0.215237
0.337089 0.14679
0.341577 0.177988
0.298881 0.102905
0.3325 0.176272
0.381358 0.298013
0.431835 0.422039
0.33227 0.188086
0.451038 0.481923
0.397789 0.364031
0.335955 0.229735
0.426603 0.432171
0.481734 0.557848
0.486045 0.55552
0.477865 0.511438
0.464782 0.465972
0.470072 0.4888
0.459962 0.466725
0.459088 0.464634
0.388028 0.295239
0.376712 0.269743
0.409056 0.31878
0.439268 0.366493
0.482796 0.491955
0.50092 0.571603
0.492301 0.514006
0.470143 0.387036
0.484308 0.420228
0.460561 0.337328
0.491546 0.416402
0.495881 0.421993
0.502287 0.410576
0.568038 0.531657
0.525697 0.519711
0.518337 0.52738
0.523926 0.569215
0.519262 0.61034
0.536717 0.614494
0.560938 0.566642
0.576058 0.616841
0.580446 0.629175
0.553702 0.640418
0.519596 0.614776
0.495077 0.59171
0.402067 0.524956
0.420775 0.557208
0.304694 0.526157
0.347709 0.546032
0.370749 0.560609
0.334729 0.567245
0.277642 0.541735
0.242299 0.562581
0.212013 0.579156
0.220876 0.549868
0.20614 0.555663
0.167272 0.605743
0.221206 0.59773
0.305551 0.587118
0.402779 0.579675
0.371594 0.606097
0.37205 0.6165
0.416349 0.578833
0.480028 0.612297
0.487395 0.593928
0.514713 0.638983
0.501125 0.639203
0.417089 0.632034
0.380049 0.623801
0.367053 0.633967
0.273142 0.598582
0.222534 0.604702
0.190563 0.618758
0.180064 0.621952
0.190321 0.622713
0.165239 0.625656
0.172253 0.629719
0.254066 0.60698
0.218237 0.63454
0.271029 0.60969
0.259542 0.63793
0.258599 0.638966
0.304005 0.643278
0.299863 0.64807
0.281163 0.645307
0.139572 0.648857
0.116881 0.645523
0.118713 0.641939
0.0988 0.642287
-0.006471 0.649278
0.0193 0.637907
0.02837 0.637684
0.11714 0.625081
0.098835 0.624505
0.07706 0.625657
0.035607 0.627661
0.113565 0.596526
0.035406 0.615338
0.088201 0.584349
0.108902 0.557161
0.123849 0.558609
0.1299 0.577886
0.153785 0.575141
0.167154 0.567118
0.14218 0.616177
0.210057 0.540781
0.217892 0.517437
0.303584 0.513264
0.261461 0.47164
0.28174 0.48299
0.299906 0.486475
0.298057 0.460714
0.298759 0.440922
0.308432 0.479048
0.323983 0.444185
0.352338 0.450441
0.359336 0.456521
0.344899 0.457307
0.327696 0.447261
0.354928 0.481768
0.363738 0.481543
0.350721 0.488711
0.395943 0.479325
0.377443 0.443379
0.42631 0.490354
0.434933 0.491749
0.423839 0.434539
0.411194 0.427948
0.409749 0.44965
0.383132 0.426523
0.333758 0.416187
0.348865 0.411181
0.400352 0.411453
0.34539 0.395248
0.317591 0.412694
0.218751 0.473958
0.331784 0.383303
0.205852 0.474462
0.22974 0.451975
0.208098 0.462456
0.369067 0.331982
0.33814 0.343036
0.267353 0.394508
0.249937 0.401159
0.246239 0.402442
0.176288 0.477522
0.154706 0.491956
0.097471 0.544471
-0.014842 0.648187
0.039575 0.59561
0.070048 0.549925
0.163619 0.475448
0.002778 0.59227
0.011824 0.580837
0.067827 0.535805
0.038999 0.554234
-0.053699 0.623908
-0.092418 0.628044
-0.026579 0.583813
-0.00774 0.568586
0.044072 0.541312
0.077734 0.517494
0.142912 0.468406
0.065581 0.518473
0.171903 0.447822
0.127145 0.459505
0.220678 0.411168
0.22803 0.4019
0.219388 0.399579
0.249483 0.389933
0.155827 0.411154
0.120877 0.432345
0.055874 0.462878
0.146267 0.407854
0.075973 0.443318
0.091132 0.424276
0.020673 0.456099
-0.005006 0.460584
-0.086198 0.496493
-0.078713 0.505792
-0.066388 0.525208
-0.052588 0.500983
0.005151 0.496114
-0.018818 0.512267
0.008941 0.528123
0.013336 0.542434
-0.012194 0.559718
-0.009529 0.565696
-0.045579 0.583233
-0.050839 0.575335
-0.057602 0.561933
-0.061197 0.551135
-0.090736 0.615768
-0.094123 0.613314
-0.075091 0.559612
-0.05901 0.526345
-0.102217 0.608215
-0.10681 0.555736
-0.109768 0.497722
-0.122989 0.496407
-0.114203 0.539341
-0.126258 0.515833
-0.13833 0.511842
-0.156339 0.563534
-0.149754 0.53124
-0.156374 0.549361
-0.161418 0.564203
-0.162449 0.621903
-0.192045 0.614512
-0.193064 0.60412
-0.192363 0.589281
-0.19668 0.561914
-0.232963 0.546989
-0.239714 0.558942
-0.247071 0.56718
-0.250361 0.590531
-0.26537 0.627759
-0.252736 0.569036
-0.284399 0.648135
-0.323726 0.610127
-0.311345 0.608929
-0.283553 0.565311
-0.303928 0.57047
-0.26101 0.55356
-0.132231 0.495508
-0.095685 0.478883
-0.002876 0.449473
0.309419 0.347188
0.239825 0.369141
0.254796 0.361486
-0.012469 0.444191
-0.039003 0.45345
-0.122041 0.484522
0.009267 0.430582
0.002659 0.433057
-0.173715 0.500949
-0.226562 0.495279
-0.294755 0.510053
-0.250799 0.516731
-0.176049 0.507409
-0.228027 0.520847
-0.278402 0.543771
-0.313896 0.55602
-0.320408 0.550051
-0.333277 0.520903
-0.272971 0.51601
-0.304198 0.511585
-0.265222 0.465867
-0.266163 0.429216
-0.277351 0.436278
-0.271174 0.403738
-0.295007 0.393917
-0.28994 0.35953
-0.304267 0.325379
-0.331606 0.464411
-0.321493 0.377143
-0.329081 0.3753
-0.327342 0.311496
-0.343793 0.3133
-0.306022 0.303633
-0.261176 0.403026
-0.255188 0.322056
-0.218604 0.292265
-0.202235 0.29516
-0.193864 0.303291
-0.197031 0.310466
-0.242582 0.345393
-0.233455 0.353773
-0.213174 0.352994
-0.229038 0.378243
-0.161906 0.317067
-0.18142 0.35033
-0.203157 0.397744
-0.213911 0.411627
-0.228319 0.407298
-0.233121 0.429343
-0.218521 0.439645
-0.193901 0.406382
-0.170997 0.344049
-0.172681 0.369212
-0.160844 0.37483
-0.127297 0.278368
-0.124329 0.270435
-0.048698 0.243806
-0.099343 0.282285
-0.084248 0.288862
-0.100141 0.306646
-0.101541 0.297563
-0.123969 0.305247
-0.142124 0.367372
-0.099313 0.331153
-0.075845 0.306814
-0.011953 0.236482
-0.00224 0.233525
-0.034938 0.272701
-0.050567 0.28679
-0.061011 0.30593
0.001871 0.24593
0.051143 0.223147
0.058714 0.232213
0.087605 0.219488
-0.072648 0.3285
0.00099 0.284531
0.040074 0.258456
-0.111973 0.367834
-0.139534 0.394334
-0.147325 0.403922
-0.158065 0.420682
-0.183485 0.438
-0.191382 0.440588
-0.250336 0.487788
-0.170543 0.434659
-0.146617 0.426052
-0.120857 0.411617
-0.171811 0.453943
-0.160035 0.45184
-0.133693 0.427143
-0.125485 0.447502
-0.111502 0.431006
-0.054212 0.381038
-0.028742 0.325276
-0.061777 0.36106
-0.017641 0.306585
-0.052615 0.382298
-0.052778 0.384206
-0.010943 0.311299
0.043004 0.278326
-0.029756 0.367974
-0.063854 0.405361
-0.072833 0.424253
-0.019057 0.417519
-0.008854 0.358845
0.053966 0.278604
0.047637 0.314307
0.03954 0.353019
0.036602 0.418091
0.042168 0.417102
0.070344 0.296345
0.064139 0.337957
0.061183 0.360991
0.093216 0.334573
0.053085 0.408368
0.100193 0.379999
0.111258 0.39818
0.121241 0.321887
0.165137 0.346199
0.220064 0.361337
0.240701 0.353405
0.275922 0.348317
0.161234 0.305028
0.065187 0.254438
0.125199 0.273067
0.249843 0.313817
0.32793 0.340218
0.284613 0.320312
0.263248 0.307281
0.288496 0.314611
0.268198 0.30024
0.193899 0.247837
0.152117 0.251797
0.118438 0.248644
0.173923 0.243659
0.170908 0.237856
0.185868 0.217737
0.226306 0.190607
0.278221 0.283116
0.256581 0.211811
0.30329 0.235577
0.312436 0.321395
0.328477 0.308403
0.344653 0.322177
0.354728 0.320481
0.338304 0.260287
0.335066 0.230464
0.309653 0.210341
0.306074 0.192243
0.227458 0.18326
0.145806 0.208372
0.246673 0.175352
0.250786 0.173094
0.199574 0.185053
0.153475 0.194732
-0.131893 0.261249
-0.124056 0.2505
-0.171327 0.262193
-0.102401 0.242412
-0.118687 0.242868
-0.080501 0.228091
0.279297 0.159756
0.040597 0.203585
-0.016145 0.21301
0.233013 0.159177
0.196334 0.163806
0.039792 0.189388
-0.054607 0.169523
-0.202855 0.171123
-0.144164 0.191404
-0.136195 0.191888
-0.076644 0.205344
-0.097534 0.2146
-0.116959 0.219701
-0.14506 0.212268
-0.186551 0.214371
-0.181604 0.241159
-0.209243 0.185747
-0.203662 0.216139
-0.213803 0.205937
-0.190832 0.24049
-0.210113 0.251253
-0.191099 0.270167
-0.219536 0.264297
-0.326021 0.296435
-0.283741 0.276971
-0.314814 0.28374
-0.265634 0.265975
-0.2926 0.268391
-0.257365 0.250295
-0.272054 0.242745
-0.312071 0.266835
-0.275294 0.224061
-0.284965 0.228893
-0.327021 0.265225
-0.309556 0.246489
-0.317004 0.229809
-0.323798 0.228025
-0.343895 0.20751
