1
1000 1
-0.449431 -0.108499
-0.336516 -0.062007
-0.35355 -0.072961
-0.357929 -0.076652
-0.417841 -0.105538
-0.366076 -0.083234
-0.352883 -0.083866
-0.444547 -0.14036
-0.342901 -0.081505
-0.425777 -0.145381
-0.255293 -0.026841
-0.345324 -0.098522
-0.311279 -0.076017
-0.251726 -0.02934
-0.253522 -0.049159
-0.290145 -0.073777
-0.401401 -0.142725
-0.285114 -0.107372
-0.253324 -0.089952
-0.293651 -0.094682
-0.233972 -0.064768
-0.1826 -0.071092
-0.053636 -0.060963
-0.109869 -0.055344
-0.191 -0.053955
-0.030247 -0.048557
-0.109838 -0.047953
-0.131872 -0.044035
-0.008266 -0.036183
-0.12573 -0.036107
-0.136304 -0.042457
-0.19859 -0.035894
-0.125377 -0.018916
-0.091776 -0.010305
-0.19225 -0.028085
-0.148363 -0.015405
-0.151949 0.035166
-0.143366 0.036572
-0.138603 0.031249
-0.131092 -0.000525
-0.106504 0.025169
-0.06711 0.017242
0.089099 -0.041999
-0.049776 -0.002478
0.01305 -0.033332
0.07472 -0.048099
0.0916 -0.046045
-0.081744 -0.078883
-0.225399 -0.105772
-0.199528 -0.102084
-0.058836 -0.084112
0.002983 -0.081785
-0.010789 -0.087313
0.134633 -0.082255
0.037866 -0.107645
-0.072617 -0.123953
0.029539 -0.115543
-0.009386 -0.12523
0.115126 -0.104667
0.060797 -0.127791
0.052613 -0.133736
-0.056022 -0.174601
-0.104233 -0.142894
-0.166725 -0.162352
-0.187178 -0.164362
-0.221318 -0.15093
-0.267516 -0.168273
-0.290144 -0.169571
-0.265675 -0.150033
-0.408203 -0.170687
-0.405273 -0.179604
-0.399395 -0.206341
-0.327151 -0.208467
-0.334517 -0.171837
-0.18488 -0.179251
-0.268579 -0.208231
-0.299832 -0.211015
-0.430989 -0.224304
-0.153966 -0.205922
-0.433888 -0.228346
-0.349395 -0.222936
-0.370831 -0.227826
-0.285802 -0.235618
-0.310925 -0.239235
-0.437583 -0.251746
-0.296331 -0.241175
-0.323783 -0.248095
-0.376467 -0.274367
-0.377484 -0.274975
-0.366885 -0.275145
-0.216465 -0.239057
-0.445596 -0.31376
-0.31899 -0.276007
-0.257915 -0.25757
-0.43139 -0.315151
-0.364672 -0.300668
-0.400607 -0.326128
-0.4001 -0.336141
-0.374728 -0.311301
-0.409661 -0.348221
-0.293594 -0.288431
-0.335909 -0.319578
-0.321609 -0.312876
-0.19003 -0.252483
-0.430195 -0.364692
-0.369685 -0.343313
-0.255448 -0.298499
-0.19038 -0.283502
-0.095715 -0.284575
-0.232195 -0.309346
-0.270631 -0.332179
-0.240413 -0.331868
-0.116839 -0.290688
-0.095225 -0.289792
-0.157675 -0.319587
-0.121181 -0.316574
-0.163461 -0.326454
-0.176336 -0.351101
-0.249444 -0.387239
-0.27127 -0.396176
-0.256252 -0.367913
-0.194412 -0.342873
-0.239747 -0.351838
-0.272315 -0.361583
-0.280983 -0.423826
-0.293355 -0.367193
-0.294755 -0.352468
-0.311589 -0.400331
-0.330493 -0.429417
-0.36132 -0.414539
-0.313306 -0.355548
-0.275109 -0.309277
-0.361379 -0.403958
-0.355685 -0.386647
-0.381778 -0.372331
-0.390136 -0.380413
-0.402034 -0.425544
-0.412484 -0.410285
-0.444207 -0.408949
-0.407154 -0.431379
-0.405311 -0.431297
-0.386461 -0.434602
-0.28269 -0.437361
-0.233935 -0.449519
-0.252417 -0.420491
-0.190121 -0.443442
-0.1206 -0.449257
-0.220533 -0.424092
-0.138502 -0.43298
-0.21016 -0.408731
-0.11568 -0.43125
-0.084052 -0.43264
-0.194274 -0.406365
-0.103394 -0.423605
0.022804 -0.44855
0.059488 -0.444828
0.120491 -0.442139
0.16019 -0.43435
0.139844 -0.430994
-0.009255 -0.423924
0.028672 -0.433033
-0.092211 -0.422346
0.050448 -0.405935
0.042585 -0.382457
0.075268 -0.405039
0.073259 -0.40326
0.085388 -0.38492
0.068126 -0.375537
-0.186763 -0.402835
-0.074866 -0.385704
-0.061484 -0.380989
-0.056282 -0.37877
-0.006241 -0.374362
-0.185612 -0.385393
-0.168291 -0.379924
-0.1485 -0.379131
-0.081399 -0.374778
-0.159237 -0.374898
-0.092177 -0.37275
-0.015215 -0.366367
-0.04323 -0.363428
-0.048199 -0.35963
-0.015288 -0.349595
-0.182931 -0.374791
-0.140841 -0.356313
-0.12272 -0.335796
-0.078076 -0.31099
-0.112875 -0.343434
-0.003709 -0.34181
-0.024897 -0.324807
-0.068398 -0.306007
0.015497 -0.335845
-0.029405 -0.309638
0.031184 -0.340447
0.129598 -0.399714
0.204788 -0.436164
0.24842 -0.447732
0.234852 -0.441648
0.364903 -0.430515
0.344791 -0.426158
0.412788 -0.41947
0.374768 -0.416008
0.376109 -0.374628
0.341089 -0.379299
0.317156 -0.395931
0.27121 -0.407961
0.225644 -0.423385
0.172029 -0.38471
0.16825 -0.382093
0.194663 -0.402961
0.118148 -0.36786
-0.006798 -0.294044
0.208146 -0.426335
0.13418 -0.391251
0.058199 -0.341896
-0.098875 -0.264094
-0.012604 -0.29102
0.030708 -0.311816
0.152821 -0.340399
0.124699 -0.340259
0.12527 -0.348166
0.181095 -0.355573
0.150602 -0.367682
0.248272 -0.383442
0.247641 -0.380508
0.238106 -0.373905
0.199729 -0.357881
0.271952 -0.373328
0.260597 -0.367013
0.15369 -0.308191
0.169612 -0.30832
0.287352 -0.356909
0.193404 -0.314915
0.355805 -0.340321
0.175262 -0.307659
0.276627 -0.298837
0.302541 -0.327636
0.358425 -0.306999
0.313129 -0.299443
0.362616 -0.292722
0.367402 -0.273408
0.298968 -0.278808
0.251225 -0.28604
0.213633 -0.284181
0.333506 -0.267454
0.347485 -0.254718
0.320777 -0.266295
0.34353 -0.246477
0.354228 -0.226957
0.333512 -0.206852
0.273172 -0.21852
0.233769 -0.22094
0.200481 -0.224156
0.177519 -0.236861
0.223412 -0.231051
0.224967 -0.235594
0.211542 -0.25923
0.179735 -0.263878
0.204114 -0.270548
0.223336 -0.274545
0.171544 -0.278113
0.118581 -0.267958
0.117577 -0.265166
0.115394 -0.264601
0.05577 -0.253915
0.122148 -0.253733
0.127489 -0.248254
0.13778 -0.243599
0.171788 -0.219799
0.090092 -0.237256
0.011803 -0.249868
0.107007 -0.291651
0.093387 -0.289403
-0.066255 -0.261667
0.035218 -0.269997
-0.077211 -0.258966
0.016031 -0.173867
-0.063236 -0.233275
-0.074961 -0.229297
-0.0084 -0.183145
-0.056081 -0.214896
-0.076937 -0.228672
-0.138562 -0.238619
-0.07544 -0.208634
0.030557 -0.159517
0.056497 -0.141553
0.045269 -0.154657
0.038982 -0.176527
0.040846 -0.175435
0.008062 -0.236881
0.008485 -0.241993
0.064728 -0.161668
0.082729 -0.136049
0.154967 -0.09358
0.240477 -0.075556
0.312899 -0.07515
0.290366 -0.107106
0.164452 -0.105314
0.13996 -0.116236
0.158389 -0.127426
0.159573 -0.130473
0.193572 -0.116698
0.214241 -0.121999
0.234516 -0.120055
0.277857 -0.115363
0.329693 -0.10794
0.327969 -0.156734
0.280555 -0.162255
0.252363 -0.15343
0.230785 -0.129824
0.213736 -0.134169
0.142245 -0.150434
0.072395 -0.171709
0.096635 -0.166312
0.178243 -0.148665
0.151882 -0.170649
0.159787 -0.180923
0.154784 -0.183095
0.075383 -0.200799
0.109815 -0.202605
0.099261 -0.207771
0.155444 -0.183546
0.072552 -0.225233
0.164713 -0.196898
0.08218 -0.223972
0.223523 -0.185864
0.279428 -0.171589
0.101524 -0.22568
0.156753 -0.211363
0.307877 -0.166491
0.355185 -0.1746
0.361074 -0.180675
0.388073 -0.290238
0.429354 -0.449577
0.361739 -0.1751
0.380319 -0.242505
0.412123 -0.368119
0.407767 -0.34004
0.375958 -0.197901
0.426518 -0.388842
0.409656 -0.318859
0.397573 -0.265824
0.353256 -0.090516
0.384829 -0.114951
0.39106 -0.182549
0.402229 -0.231964
0.405889 -0.214709
0.421857 -0.241199
0.411793 -0.269691
0.414993 -0.314039
0.433583 -0.317407
0.435337 -0.328415
0.449135 -0.346289
0.438698 -0.386058
0.447711 -0.379387
0.460212 -0.424016
0.459084 -0.368575
0.484354 -0.420784
0.456483 -0.351873
0.490146 -0.403341
0.501343 -0.430374
0.496602 -0.405787
0.526748 -0.445649
0.497404 -0.375027
0.530875 -0.33944
0.531367 -0.405551
0.534481 -0.340235
0.530747 -0.279495
0.548495 -0.262653
0.531146 -0.252539
0.549323 -0.190233
0.519974 -0.280056
0.492186 -0.309954
0.525118 -0.244988
0.475916 -0.329721
0.529457 -0.220572
0.520583 -0.152249
0.531793 -0.120761
0.529533 -0.099521
0.526955 -0.10201
0.466146 -0.291011
0.467053 -0.287731
0.471448 -0.264619
0.484367 -0.216637
0.459617 -0.300403
0.464311 -0.26679
0.482085 -0.202109
0.483526 -0.181661
0.471142 -0.224668
0.455709 -0.208244
0.457475 -0.184857
0.47124 -0.161061
0.447278 -0.160435
0.434568 -0.2088
0.437401 -0.140791
0.419027 -0.131906
0.472531 -0.108793
0.455112 -0.098463
0.425144 -0.104778
0.420701 -0.116131
0.396839 -0.087579
0.446643 -0.080699
0.398106 -0.075642
0.436697 -0.059334
0.527996 -0.056484
0.505037 -0.055061
0.496197 -0.045582
0.492985 -0.041809
0.397689 -0.051525
0.340328 -0.045628
0.352647 -0.05249
0.242316 -0.027817
0.20453 -0.026109
0.206789 -0.013875
0.269355 -0.020865
0.076348 0.018852
0.20303 -0.004969
0.080151 0.021179
-0.009478 0.054037
-0.054436 0.068233
0.175459 0.005032
0.130367 0.01787
0.090831 0.030194
0.115844 0.0248
-0.005448 0.057141
-0.059525 0.071402
-0.189139 0.115813
0.133332 0.025576
0.267976 -0.01081
0.400234 -0.047572
-0.16214 0.111384
0.396402 -0.042151
0.115899 0.037325
0.36058 -0.02984
0.427551 -0.042287
0.143561 0.034037
-0.111508 0.106154
-0.180846 0.119919
-0.216263 0.135617
-0.087933 0.100037
0.030198 0.06759
-0.14764 0.11762
-0.004173 0.08273
0.027569 0.072888
-0.18603 0.143963
-0.118804 0.124432
-0.00714 0.086761
-0.069363 0.108622
-0.140283 0.137966
-0.018128 0.106074
-0.006074 0.10454
0.036106 0.081052
0.082076 0.062736
0.188212 0.027417
0.100452 0.060475
0.086936 0.066642
0.217568 0.028307
0.327518 -3.5e-05
0.264959 0.013401
0.429408 -0.038439
0.467178 -0.038608
0.108659 0.072276
0.333948 0.004647
0.386368 -0.008279
0.160301 0.067021
-0.103281 0.141241
-0.019107 0.136441
0.270096 0.043067
0.232712 0.05823
0.141922 0.101305
0.275583 0.046728
0.270023 0.061618
0.266586 0.072377
0.277692 0.089618
0.296953 0.061849
0.317638 0.05144
0.317118 0.030938
0.348107 0.040472
0.335595 0.050701
0.335972 0.05945
0.355929 0.059699
0.401269 0.046345
0.421595 0.043571
0.402013 0.042549
0.372917 0.021709
0.402274 -0.001517
0.437546 0.030366
0.42112 -0.002407
0.408956 -0.012611
0.431047 -0.021626
0.442562 -0.018859
0.45967 0.047805
0.49237 -0.024844
0.479402 -0.027674
0.491213 -0.036395
0.507148 -0.012289
0.505927 -0.018008
0.516125 -0.007948
0.520331 -0.036561
0.524844 0.025727
0.548488 -0.019052
0.542332 0.03536
0.537239 0.039493
0.527353 0.049246
0.354854 0.081683
0.180077 0.116093
0.443187 0.077075
0.471378 0.079575
0.440915 0.081977
0.437659 0.085035
0.450865 0.086044
0.536164 0.084887
0.45815 0.103438
0.443864 0.104517
0.417455 0.097138
0.370783 0.107837
0.301129 0.110942
0.288399 0.11244
0.128584 0.124979
0.343818 0.111286
0.215505 0.122753
0.221585 0.123426
0.273185 0.123381
0.451984 0.116601
0.485536 0.114914
0.49887 0.128271
0.256224 0.138997
0.311994 0.130683
0.287956 0.130417
0.227283 0.1418
0.148837 0.14564
0.080007 0.141678
-0.226876 0.159078
0.034032 0.147353
-0.096429 0.155859
-0.237636 0.161933
-0.262481 0.170468
-0.153006 0.165693
-0.254308 0.183611
-0.236021 0.192577
-0.14774 0.184728
-0.17749 0.193004
-0.196791 0.200365
-0.014759 0.187011
-0.084354 0.19017
0.007923 0.183819
0.16175 0.172235
0.101613 0.173533
-0.124984 0.184459
0.010519 0.170099
-0.050669 0.171663
0.148362 0.15777
0.24885 0.150604
0.306856 0.150908
0.297257 0.172039
0.355115 0.158263
0.319589 0.15115
0.436978 0.159608
0.444586 0.162893
0.376616 0.171291
0.431978 0.16568
0.259974 0.187424
0.101257 0.199466
0.101742 0.202338
-0.088737 0.202752
0.070787 0.206638
-0.253939 0.206433
-0.093909 0.215502
-0.066747 0.217204
-0.0889 0.226359
0.074951 0.211997
-0.115399 0.240222
-0.1108 0.244857
-0.187624 0.259982
0.206732 0.19768
0.233818 0.199011
-0.07536 0.245682
-0.009331 0.23836
0.057772 0.229165
0.199146 0.207825
0.096133 0.223536
0.031164 0.233942
0.133098 0.222455
0.236432 0.204322
0.23302 0.20565
0.303877 0.198763
0.312479 0.199283
0.223939 0.214488
0.232613 0.213163
0.126765 0.238446
0.11302 0.233435
-0.163869 0.276265
-0.197751 0.281014
-0.180182 0.286318
-0.193258 0.311825
-0.139786 0.303613
-0.164883 0.291593
-0.137737 0.30223
-0.127954 0.295971
-0.106941 0.293998
-0.061038 0.278635
-0.002155 0.272053
0.137974 0.250382
0.140007 0.250473
0.108717 0.256796
0.161554 0.248283
-0.010819 0.279349
-0.002867 0.281144
-0.049085 0.29802
0.077503 0.270571
0.126141 0.262062
0.178154 0.249858
0.443272 0.177196
0.47986 0.175488
0.386076 0.203025
0.291041 0.225352
0.49256 0.181865
0.179661 0.251343
0.380819 0.210758
0.066469 0.279496
0.276797 0.238288
0.516375 0.187575
0.080835 0.287967
0.405972 0.214422
0.145314 0.276007
0.47001 0.21173
0.325078 0.24316
0.001261 0.307494
0.434009 0.224777
0.525889 0.210769
0.387167 0.237032
0.416075 0.241856
0.300537 0.253255
0.232116 0.272388
0.144442 0.28949
0.039221 0.312027
-0.017827 0.327581
-0.03795 0.316553
-0.08652 0.354474
0.073505 0.31934
0.194634 0.293008
0.128959 0.308372
0.294519 0.27042
0.502762 0.226429
0.419279 0.248302
-0.104618 0.363839
0.000862 0.349231
0.132838 0.35422
0.120334 0.352702
0.022508 0.348321
0.047649 0.342315
0.053924 0.340632
0.262886 0.342943
0.140932 0.331807
0.28894 0.342892
0.268222 0.335491
0.249081 0.324646
0.314993 0.326762
0.316541 0.325057
0.205187 0.303862
0.314722 0.293165
0.370669 0.289844
0.398488 0.286177
0.378462 0.270199
0.378592 0.262927
0.403239 0.264388
0.403919 0.258715
0.510227 0.231694
0.458435 0.249448
0.465221 0.255337
0.437009 0.279842
0.469216 0.265062
0.52065 0.245022
0.532579 0.227905
0.528763 0.258441
0.473996 0.285009
0.531938 0.270219
0.542377 0.269509
0.378455 0.328006
0.476993 0.300734
0.343054 0.347797
0.547394 0.284625
0.471996 0.310979
0.436173 0.334344
0.490188 0.32582
0.489519 0.330719
0.520486 0.328911
0.422698 0.342047
0.380434 0.34557
0.32006 0.349555
0.446991 0.342041
0.419404 0.349432
0.401249 0.346287
0.302073 0.355436
0.285194 0.356778
0.119028 0.36672
0.389088 0.353984
0.415016 0.354256
0.520918 0.355038
0.470438 0.364303
0.405084 0.365564
0.231858 0.366465
0.304743 0.366848
0.455311 0.369675
0.199932 0.368706
0.11695 0.36967
0.208835 0.373704
0.23446 0.382862
0.272576 0.38719
0.543803 0.374086
0.542095 0.387399
0.522267 0.406747
0.511178 0.394745
0.477156 0.400918
0.478548 0.409202
0.483017 0.418094
0.422651 0.407466
0.34722 0.403102
0.377968 0.39238
0.358924 0.391253
0.280495 0.397053
0.24521 0.394497
0.042683 0.36937
0.018744 0.37113
0.115397 0.378614
0.263501 0.398429
0.451545 0.416489
0.464253 0.419769
0.04972 0.380572
0.283617 0.403751
0.51763 0.427349
-0.08559 0.373636
-0.019874 0.383259
0.026298 0.398491
-0.020647 0.396192
-0.046684 0.392975
0.055682 0.415718
0.071211 0.419294
0.058343 0.410621
0.090769 0.396687
0.129151 0.397762
0.202239 0.418087
0.183048 0.41921
0.291172 0.446653
0.28902 0.440827
0.298888 0.441883
0.244918 0.42453
0.383165 0.425934
0.408992 0.438981
0.364461 0.456056
0.402333 0.463957
0.541091 0.461694
0.527881 0.474327
0.454517 0.491385
0.196228 0.429074
0.430703 0.488663
0.370264 0.475979
0.167183 0.43156
0.121845 0.425648
0.409832 0.48724
0.523839 0.511953
0.51546 0.5203
0.540068 0.527355
0.501188 0.520195
0.522505 0.532131
0.306356 0.469364
0.322974 0.479705
0.201575 0.448029
0.529825 0.540682
0.422492 0.515199
0.114216 0.427231
0.29577 0.490977
0.288191 0.483109
0.290894 0.481864
0.298202 0.49169
0.280423 0.497029
0.383119 0.515184
0.216234 0.500152
0.185869 0.490112
0.143124 0.499712
0.209942 0.507719
0.26889 0.516811
0.407274 0.527672
0.481536 0.543144
0.312979 0.536907
0.419048 0.548017
0.271972 0.535932
0.375785 0.533889
0.183833 0.527706
0.187836 0.530671
0.192652 0.535714
0.319205 0.543338
0.273212 0.54808
0.292949 0.543498
0.214118 0.543526
0.159779 0.545625
0.110056 0.547571
0.088094 0.537805
0.113729 0.517985
0.043049 0.514538
0.022135 0.531069
-0.021595 0.547091
-0.022803 0.536385
-0.039698 0.508578
-0.037174 0.499669
0.049423 0.489433
-0.05085 0.493415
-0.04258 0.491944
0.089452 0.476367
0.055225 0.471654
0.188901 0.466213
0.141004 0.460399
0.106396 0.456067
0.081784 0.45007
0.069855 0.465555
0.040831 0.468183
-0.100089 0.448932
-0.075535 0.422675
-0.13402 0.406181
-0.134637 0.404035
-0.121277 0.394054
-0.113699 0.39097
-0.15416 0.378633
-0.160734 0.369014
-0.157412 0.412276
-0.149547 0.41301
-0.148698 0.41699
-0.143616 0.425843
-0.126408 0.44475
-0.129548 0.436442
-0.087955 0.498265
-0.121194 0.507424
-0.149538 0.463771
-0.185106 0.370449
-0.201665 0.32322
-0.18062 0.463365
-0.203963 0.382995
-0.192149 0.465638
-0.200462 0.46693
-0.197419 0.474619
-0.161948 0.539477
-0.230489 0.522236
-0.15795 0.548341
-0.228516 0.541301
-0.232778 0.524425
-0.235446 0.499927
-0.246178 0.458216
-0.227521 0.350956
-0.224683 0.338775
-0.22945 0.336657
-0.227993 0.324401
-0.24343 0.233815
-0.267546 0.316465
-0.241993 0.378684
-0.251355 0.405239
-0.264455 0.339791
-0.260054 0.383311
-0.262935 0.365481
-0.265417 0.352648
-0.26669 0.42613
-0.25928 0.433498
-0.270444 0.45095
-0.27351 0.394067
-0.267699 0.335751
-0.272089 0.31471
-0.275026 0.335575
-0.278382 0.356976
-0.295163 0.25694
-0.310018 0.314563
-0.297513 0.374545
-0.293861 0.404395
-0.276912 0.473454
-0.275256 0.504492
-0.30396 0.415204
-0.318605 0.473485
-0.280264 0.511515
-0.298616 0.530921
-0.30775 0.533863
-0.309656 0.51349
-0.311076 0.490514
-0.341089 0.51297
-0.343765 0.43947
-0.375964 0.411716
-0.34239 0.509901
-0.350781 0.501633
-0.355662 0.494955
-0.375474 0.427719
-0.388228 0.493596
-0.390334 0.491446
-0.386277 0.466718
-0.401519 0.521721
-0.395142 0.493118
-0.428707 0.53917
-0.401306 0.496543
-0.406216 0.45747
-0.391743 0.430511
-0.407437 0.429882
-0.404761 0.385337
-0.39489 0.390113
-0.322644 0.279083
-0.298035 0.224326
-0.325217 0.224092
-0.335103 0.241692
-0.33139 0.226324
-0.353037 0.249779
-0.354608 0.250602
-0.387253 0.32307
-0.384119 0.253189
-0.379943 0.227818
-0.391175 0.242235
-0.427784 0.25809
-0.432981 0.311064
-0.422674 0.364422
-0.424193 0.36241
-0.427323 0.365922
-0.424251 0.401061
-0.430401 0.38663
-0.434352 0.32509
-0.434358 0.342537
-0.429716 0.434137
-0.438826 0.457908
-0.441827 0.389141
-0.437614 0.365002
-0.444841 0.354242
-0.447874 0.338871
-0.447877 0.22971
-0.366074 0.21791
-0.367244 0.205547
-0.349764 0.18094
-0.37765 0.192687
-0.339396 0.172159
-0.318219 0.160765
-0.304504 0.151564
-0.140823 0.092498
-0.341023 0.162623
-0.204952 0.113732
0.14579 -0.012658
-0.346054 0.159815
-0.111906 0.074434
-0.155684 0.087542
-0.074889 0.055139
-0.409184 0.172651
-0.324728 0.132515
-0.410658 0.155893
0.137772 -0.014441
0.246827 -0.06025
0.253491 -0.062593
0.184328 -0.067717
0.176417 -0.067053
0.161689 -0.052449
0.109789 -0.039412
0.120065 -0.034965
0.096575 -0.027652
0.025982 -0.008466
0.142813 -0.029533
-0.040202 0.018111
-0.001782 0.008454
-0.059908 0.030667
0.00985 0.009329
-0.058805 0.040095
-0.144646 0.065816
-0.088968 0.042828
-0.203199 0.084605
-0.253712 0.088651
-0.401051 0.141463
-0.365401 0.126317
-0.370859 0.103834
-0.254942 0.08106
-0.215419 0.073026
-0.167817 0.034877
-0.18906 0.017304
-0.183491 0.009441
-0.226469 0.01435
-0.224569 -0.017709
-0.244143 0.016889
-0.273883 -0.012558
-0.291221 0.010872
-0.278192 0.037863
-0.296871 0.080235
-0.345465 0.05786
-0.415605 0.143261
-0.366908 0.045965
-0.414732 0.089092
-0.419419 0.092584
-0.395075 0.063909
-0.437431 0.080213
-0.397494 0.049947
-0.414442 0.063944
-0.365537 0.024889
-0.42427 0.042861
-0.344895 0.013063
-0.448736 0.005578
-0.352736 -0.022377
-0.357857 -0.029825
-0.336297 -0.029975
-0.439852 -0.068516
-0.323816 -0.042251
-0.371413 -0.047218
-0.253357 -0.024111
-0.441089 -0.085556
