1
1000 1
0.0003 0.546296
0.001163 0.526009
0.029814 0.533949
0.033874 0.577419
0.048816 0.530002
0.053865 0.667151
0.053785 0.74753
0.057812 0.664169
0.05915 0.690318
0.077665 0.519477
0.060089 0.513177
0.051255 0.424353
0.102035 0.483272
0.026334 0.365647
0.028199 0.409743
0.026744 0.423444
0.024546 0.491606
0.024076 0.429583
0.009446 0.415842
0.022152 0.404584
0.018077 0.342863
0.011557 0.286335
0.038785 0.345843
0.033582 0.296623
0.029899 0.229084
0.047362 0.263607
0.045391 0.269877
0.046965 0.314334
0.072412 0.27773
0.078372 0.327488
0.088397 0.359199
0.095377 0.376231
0.069382 0.365077
0.043793 0.370369
0.064974 0.375066
0.059787 0.37523
0.080416 0.414726
0.086934 0.440504
0.098408 0.395337
0.103606 0.441075
0.123827 0.394609
0.116303 0.356812
0.11929 0.308438
0.114104 0.272034
0.078477 0.230326
0.067255 0.208716
0.142025 0.303665
0.11513 0.232066
0.036175 0.159384
0.016491 0.140148
0.01143 0.104229
0.018492 0.083543
0.004889 0.044148
0.014455 0.060568
0.025363 0.004567
0.024814 0.082757
0.035457 0.076283
0.044817 0.097078
0.05242 0.027051
0.053003 0.036924
0.063441 0.043796
0.081842 0.009485
0.085991 0.014709
0.065626 0.063814
0.085038 0.053508
0.130163 0.007066
0.11748 0.053904
0.108328 0.076184
0.059596 0.109755
0.048757 0.110487
0.062629 0.114345
0.050367 0.147077
0.079646 0.169477
0.070519 0.128947
0.084196 0.123493
0.108096 0.094318
0.110087 0.10161
0.118641 0.124727
0.131485 0.104658
0.132632 0.11436
0.148664 0.091976
0.099556 0.176136
0.112212 0.15707
0.109563 0.193347
0.150944 0.13725
0.144548 0.235621
0.173781 0.050337
0.150576 0.226591
0.194272 0.00129
0.232212 0.014313
0.204406 0.066499
0.186186 0.059024
0.207304 0.084957
0.201965 0.143233
0.207233 0.131356
0.212985 0.137379
0.180554 0.238069
0.143795 0.36282
0.12939 0.446177
0.124527 0.442777
0.125112 0.459928
0.115019 0.508434
0.122696 0.491937
0.143412 0.40168
0.178831 0.276567
0.20366 0.20708
0.152662 0.374698
0.159246 0.367578
0.161287 0.361511
0.148567 0.429664
0.128233 0.510846
0.137745 0.511801
0.139136 0.49277
0.171493 0.533257
0.189322 0.55769
0.195113 0.517035
0.193469 0.475806
0.133607 0.490158
0.182191 0.382303
0.193201 0.268088
0.205264 0.273336
0.211688 0.243746
0.208324 0.325647
0.234864 0.12384
0.239181 0.095939
0.216985 0.293916
0.206868 0.426685
0.217217 0.418683
0.209014 0.4398
0.205012 0.524058
0.21804 0.568496
0.223919 0.56463
0.22434 0.502055
0.240774 0.559403
0.248664 0.560105
0.233937 0.438523
0.237909 0.417413
0.25395 0.441477
0.233237 0.397484
0.2218 0.347027
0.230562 0.221257
0.232235 0.251244
0.237065 0.362724
0.240448 0.33419
0.248201 0.375633
0.252426 0.380483
0.26777 0.391699
0.276114 0.431131
0.289181 0.433867
0.29045 0.441008
0.290057 0.5025
0.291692 0.519333
0.309802 0.486369
0.320821 0.521502
0.317643 0.532008
0.311438 0.553825
0.313169 0.555039
0.345538 0.533191
0.27033 0.349132
0.259572 0.258162
0.277771 0.311577
0.260891 0.255855
0.294515 0.353695
0.300575 0.371701
0.292315 0.319973
0.282789 0.238143
0.265492 0.219557
0.244201 0.20212
0.263146 0.176811
0.261283 0.14764
0.249423 0.064713
0.35459 0.544743
0.289985 0.241083
0.323265 0.384761
0.260992 0.107913
0.25854 0.050779
0.263601 0.023399
0.270966 0.035979
0.284928 0.163275
0.300336 0.282072
0.288695 0.153605
0.285787 0.069905
0.305639 0.031472
0.314018 0.055866
0.303186 0.098991
0.307121 0.279327
0.328687 0.111138
0.320524 0.049618
0.337446 0.060443
0.330214 0.239546
0.334225 0.203136
0.344762 0.145198
0.351983 0.173073
0.35545 0.18869
0.346606 0.310486
0.342868 0.412942
0.369755 0.3926
0.368401 0.394135
0.352249 0.419963
0.355622 0.467056
0.365623 0.501558
0.377212 0.432114
0.372949 0.596794
0.401861 0.547493
0.398028 0.46732
0.411108 0.591166
0.416644 0.613962
0.399398 0.463394
0.404088 0.477528
0.410689 0.512423
0.422073 0.528252
0.407476 0.440456
0.39833 0.420329
0.398758 0.40993
0.397357 0.396253
0.385999 0.397957
0.383337 0.312072
0.374846 0.323857
0.375409 0.343373
0.369663 0.356091
0.367254 0.246628
0.359703 0.206081
0.356298 0.20401
0.362616 0.171596
0.410823 0.423935
0.358842 0.106112
0.399429 0.330696
0.392917 0.195761
0.36591 0.074033
0.35491 0.033028
0.377769 0.014609
0.382468 0.064804
0.400845 0.108967
0.41329 0.216448
0.421371 0.325049
0.410898 0.398338
0.42478 0.480515
0.431983 0.527542
0.415481 0.201823
0.422141 0.210643
0.432569 0.357301
0.428806 0.127439
0.417219 0.142195
0.41814 0.072679
0.424457 0.031329
0.425857 0.016858
0.431702 0.033973
0.436537 0.036475
0.438534 0.076949
0.438572 0.33547
0.441447 0.301693
0.44949 0.015899
0.449533 0.152514
0.452385 0.088344
0.457097 0.003673
0.462493 0.025777
0.449329 0.249217
0.461055 0.259551
0.461477 0.313902
0.465696 0.176319
0.464225 0.068202
0.467655 0.069627
0.467491 0.088057
0.475471 0.021295
0.478793 0.031678
0.481234 0.044524
0.500197 0.117474
0.471794 0.162458
0.48469 0.145032
0.47472 0.175576
0.489784 0.221304
0.486728 0.292251
0.484833 0.311953
0.482731 0.363866
0.474161 0.293068
0.476107 0.423174
0.460204 0.403617
0.444126 0.383209
0.438343 0.488403
0.460547 0.452373
0.453286 0.421503
0.463119 0.460773
0.447224 0.50567
0.448729 0.533606
0.452662 0.551052
0.469595 0.51742
0.438322 0.645159
0.450899 0.61354
0.488848 0.473737
0.474507 0.659295
0.479924 0.604305
0.494501 0.441089
0.521431 0.133338
0.517252 0.292145
0.503588 0.494637
0.496784 0.60829
0.519986 0.153011
0.507066 0.39908
0.503365 0.417512
0.495101 0.635308
0.508453 0.451039
0.527571 0.636866
0.51759 0.465428
0.517438 0.39049
0.5337 0.624926
0.530719 0.670292
0.535735 0.629049
0.537695 0.590458
0.52698 0.427868
0.532687 0.422262
0.530901 0.321681
0.537865 0.476085
0.53224 0.309027
0.52982 0.268364
0.531892 0.108989
0.532979 0.112642
0.538246 0.002404
0.540367 0.094053
0.539958 0.149761
0.543642 0.376268
0.546674 0.333983
0.551958 0.115613
0.5795 0.101871
0.61888 0.108677
0.606574 0.122621
0.60702 0.174506
0.627611 0.164014
0.666879 0.147988
0.6655 0.151158
0.685263 0.16658
0.691116 0.16863
0.789095 0.180981
0.711393 0.155057
0.667658 0.138933
0.743961 0.156406
0.77086 0.142264
0.769224 0.138565
0.720065 0.117492
0.649414 0.086028
0.613728 0.054858
0.597442 0.039197
0.583736 0.074113
0.593759 0.027139
0.669629 0.086003
0.66901 0.057913
0.613729 0.029962
0.590537 0.005736
0.624679 0.018945
0.668757 0.050199
0.661251 2.2e-05
0.725028 0.035439
0.735418 0.030368
0.741819 0.061602
0.767865 0.042967
0.761428 0.013547
0.80534 0.037902
0.81099 0.032454
0.80893 0.014584
0.825635 0.001884
0.861287 0.013329
0.832985 0.059762
0.843089 0.057693
0.848968 0.043399
0.877068 0.059387
0.895367 0.05656
0.91684 0.025838
0.927371 0.022616
0.97134 0.010145
0.98055 0.012822
0.968034 0.057386
0.97879 0.087924
0.965031 0.085647
0.962482 0.100163
0.944452 0.109877
0.904324 0.096418
0.868193 0.076027
0.843342 0.075181
0.847841 0.086146
0.944844 0.114086
0.886136 0.134117
0.905636 0.163764
0.881448 0.141961
0.821041 0.089807
0.872679 0.166388
0.816021 0.137114
0.774462 0.126565
0.835783 0.158362
0.844912 0.165185
0.882924 0.187727
0.927531 0.160656
0.96727 0.118989
0.9806 0.113923
0.984139 0.187076
0.907676 0.189157
0.928294 0.201037
0.930745 0.199924
0.989766 0.216135
0.985834 0.236873
0.975763 0.233664
0.966848 0.230318
0.964755 0.239998
0.984084 0.258908
0.985581 0.29171
0.938024 0.238271
0.991239 0.307056
0.964076 0.349712
0.990645 0.352133
0.999813 0.465179
0.974084 0.399093
0.982563 0.433373
0.961584 0.360593
0.926255 0.25821
0.952223 0.357473
0.984473 0.494615
0.913155 0.231524
0.912145 0.236462
0.909497 0.247528
0.943414 0.417176
0.939262 0.397125
0.919608 0.319922
0.918291 0.305734
0.908312 0.254403
0.894926 0.200526
0.875658 0.192087
0.868225 0.217582
0.874105 0.237639
0.881117 0.263746
0.877049 0.252976
0.849054 0.201526
0.851812 0.211788
0.870011 0.257037
0.94509 0.427166
0.888738 0.424171
0.89343 0.441818
0.932126 0.497119
0.910223 0.444972
0.948214 0.470016
0.968088 0.546278
0.925949 0.505389
0.871385 0.441523
0.869746 0.483061
0.944059 0.545258
0.870979 0.4937
0.824117 0.471011
0.813934 0.45423
0.804683 0.439904
0.789235 0.427961
0.905535 0.421898
0.752179 0.406744
0.839276 0.403848
0.765903 0.400977
0.831763 0.389478
0.846218 0.388561
0.900481 0.408512
0.915031 0.418053
0.916174 0.407854
0.859017 0.355534
0.894439 0.393016
0.867353 0.372951
0.841883 0.372551
0.799303 0.353454
0.90144 0.340633
0.895053 0.322527
0.851442 0.219243
0.884105 0.305977
0.894534 0.336733
0.876419 0.326978
0.840221 0.224688
0.832785 0.267739
0.84172 0.320373
0.793768 0.343522
0.800911 0.335169
0.798773 0.322329
0.813193 0.276652
0.79654 0.307593
0.811557 0.249847
0.801902 0.269793
0.806954 0.226388
0.798033 0.222898
0.781589 0.221603
0.765028 0.218616
0.79064 0.232735
0.766476 0.315579
0.777039 0.254432
0.726332 0.248351
0.71275 0.23401
0.710754 0.247553
0.718976 0.306994
0.672508 0.205751
0.680611 0.24148
0.665711 0.233193
0.616882 0.199133
0.666014 0.254755
0.665229 0.260114
0.600785 0.191125
0.552337 0.21329
0.695929 0.363673
0.717861 0.394313
0.648811 0.268961
0.658151 0.281495
0.741457 0.421535
0.737633 0.433866
0.724252 0.410224
0.665604 0.366592
0.600198 0.276412
0.633548 0.347708
0.64252 0.369599
0.63544 0.361596
0.576605 0.255013
0.620893 0.360145
0.632825 0.378138
0.599908 0.366643
0.62095 0.386223
0.672808 0.407229
0.74139 0.448136
0.813306 0.494009
0.736574 0.452843
0.754133 0.469353
0.62655 0.398358
0.60546 0.396185
0.788781 0.503649
0.759312 0.512235
0.737029 0.538172
0.735671 0.513527
0.729714 0.507991
0.668701 0.467559
0.715925 0.525709
0.666275 0.482474
0.65904 0.463347
0.61916 0.424074
0.610031 0.40976
0.623122 0.416494
0.567249 0.359416
0.55834 0.383281
0.59778 0.430911
0.572195 0.409416
0.603856 0.440113
0.652812 0.478603
0.594635 0.44169
0.602824 0.458093
0.693776 0.513564
0.692975 0.515587
0.664691 0.510004
0.688683 0.528801
0.63743 0.50103
0.673086 0.540221
0.649951 0.549667
0.629855 0.53889
0.603406 0.507703
0.578179 0.467464
0.564982 0.467441
0.560235 0.465791
0.546561 0.486856
0.548162 0.527403
0.554475 0.528996
0.551487 0.572649
0.564451 0.511088
0.562944 0.552542
0.559428 0.580797
0.586029 0.526955
0.598188 0.564712
0.61215 0.592184
0.587652 0.585081
0.607107 0.594195
0.578175 0.611588
0.644962 0.598353
0.677609 0.575678
0.726393 0.548787
0.728087 0.552065
0.772557 0.530885
0.670109 0.596502
0.736061 0.567859
0.724669 0.576736
0.781417 0.560432
0.835379 0.54607
0.916112 0.538324
0.904096 0.542325
0.837281 0.576605
0.830017 0.584483
0.76851 0.607863
0.741595 0.585162
0.732368 0.582942
0.671855 0.606641
0.675941 0.630064
0.647647 0.620917
0.613769 0.626359
0.595694 0.628129
0.598441 0.655639
0.655988 0.641659
0.605143 0.664903
0.644312 0.648738
0.624946 0.662759
0.658734 0.655885
0.797728 0.611604
0.862984 0.589582
0.824311 0.606823
0.833248 0.604036
0.930051 0.58349
0.81381 0.61902
0.711041 0.648576
0.562772 0.67691
0.6695 0.659059
0.633716 0.667201
0.559068 0.677781
0.543765 0.693158
0.561606 0.698991
0.568901 0.698346
0.575529 0.696305
0.593759 0.705762
0.662036 0.673614
0.758518 0.652482
0.913215 0.614286
0.747909 0.66322
0.552332 0.726135
0.577399 0.727844
0.70245 0.688221
0.800746 0.655767
0.704972 0.685565
0.798999 0.654632
0.985833 0.596795
0.82345 0.744917
0.898022 0.68484
0.806705 0.785359
0.966683 0.636501
0.78856 0.810785
0.959407 0.648327
0.938466 0.715412
0.93481 0.719155
0.951003 0.707221
0.984937 0.688539
0.990943 0.705515
0.990522 0.706455
0.968276 0.726914
0.95766 0.731256
0.908581 0.755122
0.881684 0.744197
0.83748 0.766525
0.809432 0.794785
0.810623 0.801219
0.958383 0.76452
0.978359 0.731174
0.98237 0.749477
0.980015 0.756554
0.866484 0.811166
0.947929 0.778158
0.932914 0.801536
0.991797 0.775636
0.981054 0.790629
0.993376 0.791045
0.98137 0.834292
0.94429 0.827482
0.918017 0.82585
0.845325 0.815905
0.86901 0.827111
0.865213 0.833521
0.904845 0.849953
0.951098 0.843379
0.997718 0.840943
0.963179 0.847194
0.958209 0.869198
0.914625 0.876297
0.940092 0.875828
0.92065 0.877653
0.902635 0.909182
0.950523 0.894482
0.941409 0.950141
0.961585 0.931365
0.979853 0.931054
0.992488 0.929361
0.999274 0.964699
0.959147 0.979262
0.94661 0.967885
0.903057 0.938003
0.798901 0.818107
0.790331 0.811527
0.799343 0.832721
0.907867 0.953058
0.845684 0.898476
0.797405 0.859912
0.849363 0.914071
0.781976 0.850371
0.824431 0.902023
0.9127 0.963767
0.848439 0.919806
0.885097 0.946201
0.893071 0.957013
0.879453 0.966086
0.880741 0.971097
0.882046 0.976814
0.897727 0.998453
0.758029 0.867754
0.800313 0.912963
0.880947 0.994125
0.853589 0.973543
0.785852 0.907344
0.773099 0.894624
0.767057 0.910499
0.804827 0.957563
0.819823 0.963009
0.847408 0.983108
0.813458 0.979101
0.767926 0.947948
0.762141 0.951617
0.706805 0.974383
0.674953 0.966106
0.720265 0.958261
0.740144 0.937302
0.701036 0.91601
0.689179 0.916001
0.683736 0.938709
0.630534 0.969467
0.663161 0.938778
0.712238 0.852837
0.750118 0.811416
0.86033 0.687285
0.894461 0.64961
0.874918 0.667269
0.812224 0.714143
0.803868 0.723168
0.773101 0.762675
0.655613 0.912264
0.575262 0.997489
0.632769 0.929077
0.661258 0.896492
0.704244 0.838148
0.805729 0.713527
0.837318 0.67281
0.843051 0.660392
0.841641 0.648025
0.813647 0.686929
0.765155 0.740794
0.781267 0.693651
0.771901 0.730987
0.800249 0.684971
0.81419 0.666685
0.798028 0.671401
0.791414 0.679554
0.737803 0.70102
0.732972 0.734131
0.726157 0.771296
0.708854 0.810966
0.72596 0.725496
0.716362 0.74143
0.706556 0.766136
0.68575 0.776987
0.651103 0.852933
0.656181 0.854362
0.595529 0.954844
0.621637 0.890816
0.585536 0.939838
0.562176 0.976394
0.56571 0.952672
0.660481 0.792919
0.687722 0.745976
0.730129 0.681635
0.651602 0.742047
0.628465 0.812442
0.605897 0.827148
0.58329 0.872414
0.598136 0.8142
0.571812 0.852149
0.563469 0.887629
0.573923 0.788833
0.595868 0.785641
0.615961 0.760437
0.618716 0.753094
0.619515 0.731012
0.574602 0.769082
0.557943 0.793331
0.55074 0.785146
0.551352 0.984165
0.544432 0.927517
0.544199 0.942231
0.542069 0.784246
0.533125 0.692153
0.51213 0.713708
0.529123 0.84076
0.503818 0.818971
0.467805 0.801726
0.462777 0.764041
0.489442 0.723819
0.410708 0.775291
0.396781 0.773083
0.445917 0.740531
0.435534 0.744344
0.473437 0.721075
0.483312 0.712227
0.533717 0.682494
0.402694 0.749235
0.493832 0.701158
0.406733 0.73871
0.510708 0.679832
0.439545 0.667386
0.398743 0.637469
0.388208 0.653584
0.384626 0.698108
0.380179 0.737688
0.357165 0.66795
0.294203 0.679477
0.337616 0.710108
0.334734 0.716927
0.264621 0.720451
0.358467 0.741434
0.34341 0.750621
0.363079 0.750418
0.36767 0.743591
0.380641 0.778157
0.402504 0.788299
0.397716 0.795761
0.39 0.794049
0.312505 0.754951
0.326071 0.757527
0.289342 0.738876
0.246163 0.716985
0.245093 0.738981
0.244811 0.746604
0.250999 0.751801
0.273692 0.73991
0.264087 0.763635
0.299068 0.753803
0.33683 0.781349
0.333072 0.789904
0.307875 0.794552
0.272241 0.792024
0.268789 0.777153
0.23397 0.786196
0.214692 0.789485
0.214939 0.796585
0.22935 0.799432
0.215214 0.803881
0.178908 0.822546
0.209478 0.837095
0.229808 0.828691
0.269944 0.859673
0.274224 0.832189
0.272499 0.82705
0.265362 0.818957
0.24039 0.799326
0.262372 0.804663
0.360545 0.841358
0.282881 0.800948
0.318328 0.803151
0.404125 0.81384
0.409295 0.809614
0.426254 0.817057
0.386001 0.820406
0.464796 0.854504
0.483391 0.863159
0.430612 0.859225
0.388409 0.851271
0.31284 0.837208
0.47651 0.87345
0.478343 0.87628
0.312053 0.842006
0.346167 0.851394
0.361059 0.861788
0.411526 0.86428
0.375392 0.865217
0.481895 0.878924
0.463632 0.882541
0.411206 0.876809
0.229731 0.864539
0.274894 0.869332
0.321436 0.873069
0.305077 0.877517
0.149611 0.876743
0.325938 0.926211
0.354531 0.929658
0.366298 0.934506
0.410679 0.949556
0.468192 0.961888
0.457683 0.94797
0.444331 0.941131
0.464477 0.945595
0.459231 0.895634
0.474415 0.911097
0.47617 0.917758
0.486077 0.900524
0.503636 0.896044
0.4986 0.903707
0.508995 0.904937
0.499519 0.923986
0.508438 0.920531
0.534678 0.895829
0.528492 0.955035
0.494922 0.954435
0.484353 0.959473
0.478482 0.958096
0.5241 0.988816
0.395797 0.965473
0.351727 0.95039
0.294898 0.925906
0.320331 0.953587
0.337809 0.991032
0.325342 0.991948
0.303004 0.985732
0.29312 0.97321
0.253096 0.967081
0.234973 0.985784
0.226973 0.988506
0.196027 0.997889
0.182732 0.986652
0.232016 0.949478
0.210114 0.953242
0.267395 0.928712
0.270676 0.927883
0.2007 0.90368
0.221869 0.908815
0.26788 0.920019
0.169 0.889707
0.154223 0.902885
0.138215 0.894346
0.161662 0.934102
0.132178 0.903818
0.116746 0.914972
0.130503 0.921939
0.124507 0.92383
0.112512 0.919599
0.108102 0.921487
0.119981 0.88187
0.129245 0.843352
0.128417 0.78482
0.132618 0.776811
0.142067 0.769031
0.15377 0.728452
0.174349 0.694467
0.177349 0.69297
0.20266 0.662054
0.182502 0.708571
0.193675 0.690004
0.1731 0.763592
0.14194 0.792143
0.161883 0.806111
0.143417 0.863073
0.152398 0.842135
0.155061 0.837971
0.273934 0.662275
0.267138 0.648214
0.185241 0.76429
0.284853 0.597123
0.277429 0.604489
0.211492 0.697367
0.211382 0.695024
0.22738 0.652024
0.177392 0.770095
0.224055 0.636668
0.231057 0.624759
0.261593 0.593374
0.228631 0.597
0.178861 0.652312
0.212321 0.569874
0.191096 0.572284
0.162404 0.585671
0.167067 0.621244
0.154029 0.649152
0.14124 0.741819
0.142717 0.625725
0.142732 0.605404
0.14539 0.57857
0.118864 0.563914
0.141898 0.592448
0.099771 0.582003
0.077562 0.591888
0.106084 0.588159
0.13469 0.621803
0.09825 0.742821
0.099576 0.636504
0.075339 0.653984
0.073309 0.654144
0.072854 0.645987
0.067965 0.652752
0.056702 0.761404
0.060465 0.754769
0.08422 0.772811
0.076039 0.767219
0.08641 0.778535
0.103069 0.752123
0.070125 0.809153
0.075182 0.824687
0.098657 0.817399
0.092486 0.890904
0.072426 0.857464
0.062259 0.968843
0.058933 0.869506
0.063474 0.832931
0.05143 0.908439
0.050063 0.927273
0.031568 0.997729
0.041332 0.865548
0.027733 0.940021
0.022698 0.994613
0.024887 0.894953
0.038458 0.72549
0.027552 0.820625
0.015907 0.735728
0.013062 0.90891
0.010232 0.574066
0.004683 0.549547
0.00605 0.727293
0.009221 0.966841
