1
100 1
-0.039469 0.667728
-0.004046 0.613654
0.096821 0.577397
0.550757 0.363098
0.818038 0.240004
0.658615 0.248135
0.549241 0.187362
0.425718 0.283445
0.499403 0.293075
0.472153 0.376711
0.2605 0.438663
0.289472 0.404602
0.18254 0.420328
0.14818 0.454054
0.104043 0.461193
0.045435 0.524152
0.039923 0.395567
-0.037696 0.37493
-0.026774 0.305886
-0.029637 0.062086
0.012082 0.033334
0.054889 0.046034
0.044592 0.124132
0.015185 0.088953
0.028676 0.19379
0.147615 0.243238
0.142183 0.319566
0.301839 0.260836
0.350509 0.274725
0.338353 0.206786
0.145551 0.136378
0.28514 0.093074
0.78722 0.226325
0.734707 0.201052
0.284863 0.062812
0.308762 0.055382
0.586691 0.121987
0.212407 -0.015703
0.379958 -0.003534
0.376927 0.015746
0.746691 0.047469
0.727663 0.019081
0.926191 0.015916
0.892581 0.102349
0.880391 0.112972
0.872214 0.176912
0.90745 0.201046
0.942691 0.585894
0.902147 0.36778
0.883832 0.372137
0.856829 0.261751
0.856931 0.305184
0.783324 0.35355
0.712955 0.349912
0.765084 0.421833
0.872995 0.625414
0.645586 0.670347
0.668146 0.532963
0.781427 0.59014
0.703439 0.476812
0.623288 0.462636
0.533113 0.58557
0.328915 0.729918
0.512364 0.700756
0.919985 0.707377
0.913034 0.741283
0.808202 0.714227
0.747937 0.774914
0.500631 0.726614
0.67026 0.77247
0.310587 0.789872
0.677769 0.811497
0.825909 0.816185
0.650929 0.832303
0.221324 0.883605
0.57554 0.87231
0.826618 0.849243
0.885008 0.872528
0.843158 0.884776
0.694208 0.888259
0.765586 0.895476
0.827231 0.916515
0.600434 0.909361
0.460487 0.901608
0.557112 0.94125
0.632555 0.944156
0.205275 0.937744
0.621885 0.947611
0.127743 0.939487
0.15794 0.771185
0.383534 0.580281
0.441294 0.512491
0.42626 0.497085
0.438668 0.462503
0.426918 0.462329
0.105477 0.723662
0.218776 0.621135
0.106379 0.65638
0.090352 0.619669
0.12368 0.595865
