1
100 1
0.45402 1.19486
0.769963 1.04605
0.910806 0.981718
0.775306 1.02637
1.02603 0.922402
1.15073 0.875969
0.965268 0.926454
0.572944 1.05803
0.4941 1.07523
0.476667 0.895612
0.563335 1.00907
0.507138 0.819756
0.463771 0.709839
0.489184 0.677314
0.518752 0.693185
0.602732 1.03673
0.576508 0.793511
0.535678 0.473165
0.668246 0.479299
0.739613 0.515623
0.800511 0.459257
0.973609 0.510594
0.615046 0.593406
0.600766 0.60323
1.12665 0.52399
0.704193 0.654177
1.00557 0.574177
0.880676 0.646242
0.717774 0.655708
0.639546 0.688201
0.763244 0.683199
0.984546 0.690555
0.876061 0.761941
0.887882 0.860273
0.768052 0.764067
0.757742 0.775281
0.724376 0.907274
0.643779 0.814895
0.744709 0.985406
0.948886 0.91284
0.956104 0.898529
1.07809 0.80382
1.16626 0.758066
1.17423 0.679077
1.34164 0.532489
1.3124 0.65083
1.2436 0.69518
1.38563 0.698713
1.31767 0.843258
1.23541 0.756736
1.28154 0.917114
1.30328 0.961258
1.44263 0.901516
1.40571 1.0046
1.41309 1.23235
1.3401 1.07238
1.31526 1.01263
1.30171 1.04822
1.38998 1.2365
1.27113 1.04669
1.35489 1.27341
1.25226 1.02497
1.25734 1.04883
1.27041 1.08514
1.24461 1.05812
1.33021 1.43686
1.25665 1.32071
1.19812 1.17578
1.22487 1.07784
1.14987 1.25465
1.19908 0.988195
1.17755 1.04307
1.06368 1.37282
1.02191 1.27542
1.06189 1.06218
1.02808 1.07043
0.990701 1.18931
1.00426 1.36508
0.988381 1.35362
0.961892 1.32953
0.860027 1.43327
0.822463 1.44101
0.915835 1.246
0.845363 1.37183
0.740245 1.35374
0.898916 1.22886
0.62364 1.42388
0.817752 1.22628
0.578884 1.34246
0.561315 1.3059
0.524911 1.30349
0.867816 1.14204
0.843404 1.14615
0.787623 1.15022
0.698348 1.17186
0.783146 1.13021
0.810182 1.09892
1.20008 0.947182
1.01732 0.972482
1.11446 0.897919
