1
100 1
-0.444033 -0.010071
-0.35153 0.021039
-0.294071 0.04946
-0.437072 -0.0318
-0.292428 0.029799
-0.224732 0.017292
-0.17493 0.007394
-0.370088 -0.193297
-0.434381 -0.27688
-0.129805 0.0128
-0.413292 -0.370432
-0.270544 -0.218941
-0.346353 -0.323836
-0.298314 -0.409487
-0.211548 -0.370051
-0.162098 -0.324035
-0.181899 -0.380568
-0.085181 -0.175554
-0.132141 -0.316404
-0.111709 -0.387305
-0.009481 -0.333654
0.012839 -0.31439
0.027144 -0.436673
0.047702 -0.446299
0.05015 -0.363523
0.056635 -0.16215
0.082042 -0.014687
0.179222 -0.350902
0.204941 -0.339376
0.241065 -0.372652
0.176559 -0.101694
0.198611 -0.164859
0.080909 0.199411
0.135896 0.041305
0.186797 -0.071712
0.137928 0.074366
0.354816 -0.409735
0.296627 -0.271678
0.287236 -0.225672
0.295926 -0.148453
0.291418 -0.1136
0.395245 -0.265091
0.42864 -0.239708
0.491526 -0.305646
0.339443 -0.09121
0.457687 -0.216803
0.388085 -0.107787
0.345475 -0.026213
0.527948 -0.176943
0.43842 -0.027912
0.492427 -0.055273
0.410093 0.028158
0.434556 0.033579
0.408333 0.064886
0.505822 0.123612
0.500044 0.152363
0.164233 0.229538
0.474026 0.226457
0.326993 0.238372
0.464378 0.239211
0.333959 0.25211
0.204052 0.253357
0.317385 0.269778
0.257577 0.266482
0.542171 0.313289
0.446469 0.32274
0.531113 0.341561
0.292935 0.302785
0.417506 0.373177
0.462302 0.401172
0.241649 0.323267
0.392129 0.402299
0.422182 0.425451
0.382149 0.424051
0.471514 0.529837
0.314491 0.436784
0.203104 0.439417
0.185293 0.441988
0.104124 0.493347
0.081503 0.36911
0.059186 0.363528
0.01196 0.529668
-0.058214 0.52538
-0.095885 0.490195
-0.027596 0.335334
-0.030644 0.315435
-0.071061 0.339434
-0.247785 0.427682
-0.401973 0.427709
-0.218874 0.353017
-0.354655 0.325042
-0.403017 0.332216
-0.314767 0.311751
-0.296356 0.307409
-0.3811 0.266584
-0.184849 0.232341
-0.246628 0.223705
-0.411473 0.210561
-0.425534 0.196844
-0.338702 0.057742
