1
2000 1
0.450891 0.974175
0.456105 1.00751
0.481004 1.01198
0.493113 0.988615
0.475764 0.971339
0.464578 0.972183
0.451081 0.968458
0.463911 0.94625
0.451522 0.929404
0.472187 0.932679
0.485312 0.918629
0.505333 0.974762
0.516654 0.929335
0.513342 0.97254
0.515035 1.02889
0.508218 1.0613
0.5074 1.06839
0.505739 1.10752
0.534366 1.06598
0.531749 1.06455
0.515958 1.08231
0.516259 1.07697
0.527946 1.04275
0.542635 1.05029
0.546363 0.989051
0.567376 0.990535
0.547925 0.983342
0.567517 0.983761
0.555015 0.97034
0.534637 0.935305
0.581278 0.942168
0.523596 0.924483
0.512886 0.909702
0.456019 0.891283
0.490499 0.895241
0.504617 0.893342
0.48919 0.882561
0.478731 0.877356
0.482478 0.855098
0.479276 0.832686
0.4838 0.812644
0.488069 0.81594
0.508698 0.857551
0.539162 0.875762
0.541589 0.900648
0.531905 0.918538
0.582195 0.926805
0.581697 0.915839
0.562442 0.879729
0.553119 0.873395
0.56885 0.875996
0.568446 0.88034
0.56626 0.879821
0.572718 0.885592
0.594375 0.896683
0.569328 0.867978
0.548601 0.854167
0.583343 0.870544
0.590262 0.867501
0.60328 0.871432
0.60116 0.848912
0.603611 0.822178
0.587477 0.824247
0.576231 0.831413
0.583093 0.824469
0.528238 0.827375
0.551396 0.822383
0.591188 0.813177
0.547679 0.816249
0.535488 0.816587
0.539514 0.815312
0.599714 0.80241
0.601964 0.79635
0.591502 0.797057
0.594071 0.762229
0.587193 0.752166
0.586191 0.76728
0.589225 0.780785
0.574743 0.739823
0.553817 0.741193
0.556867 0.773816
0.557822 0.795354
0.553311 0.739141
0.551096 0.739548
0.517004 0.809752
0.511445 0.810657
0.519697 0.796082
0.525994 0.782869
0.516052 0.779715
0.476344 0.791089
0.485229 0.781848
0.516169 0.778163
0.501919 0.765081
0.530173 0.755702
0.506999 0.761165
0.524866 0.750671
0.527084 0.734499
0.52422 0.732359
0.528794 0.726009
0.52596 0.725114
0.55722 0.682858
0.552771 0.661501
0.569394 0.67403
0.591927 0.655823
0.594613 0.655214
0.583048 0.678933
0.584142 0.726921
0.618235 0.739738
0.611005 0.714625
0.598446 0.692106
0.631205 0.725077
0.638373 0.687893
0.621223 0.712656
0.59323 0.677967
0.635248 0.685849
0.592493 0.666835
0.640111 0.657814
0.643753 0.64998
0.614541 0.646132
0.593496 0.645045
0.590344 0.645188
0.549135 0.652424
0.590478 0.636738
0.622833 0.643184
0.611467 0.631754
0.607316 0.629703
0.58469 0.626045
0.597522 0.614621
0.604592 0.611792
0.627235 0.59744
0.647077 0.592142
0.653975 0.568295
0.658952 0.543467
0.649998 0.629451
0.646529 0.650312
0.60955 0.844994
0.665356 0.55293
0.664246 0.568736
0.661718 0.596959
0.646926 0.668368
0.622603 0.788243
0.665808 0.589497
0.668131 0.594474
0.666646 0.629348
0.649819 0.744801
0.653386 0.665598
0.654403 0.647201
0.633724 0.747735
0.627798 0.770986
0.647579 0.758084
0.649429 0.757653
0.656968 0.766223
0.634475 0.857926
0.63202 0.837309
0.619541 0.867758
0.62734 0.829868
0.6166 0.844704
0.615795 0.846354
0.607169 0.888327
0.596376 0.935049
0.59126 0.960949
0.609826 0.890314
0.614237 0.871192
0.612567 0.908777
0.612511 0.920209
0.64665 0.859438
0.649315 0.860567
0.643829 0.877844
0.631708 0.889143
0.590757 0.985747
0.620261 0.935741
0.583421 1.01983
0.629226 0.939195
0.63307 0.937084
0.646521 0.909887
0.650152 0.861954
0.66718 0.637187
0.66834 0.627587
0.657943 0.806842
0.677603 0.703568
0.682789 0.668485
0.699497 0.58988
0.681635 0.660771
0.668125 0.714462
0.664721 0.729231
0.66632 0.717838
0.673454 0.673982
0.67161 0.673842
0.668531 0.646403
0.674925 0.635676
0.679317 0.531001
0.701866 0.519734
0.708738 0.535866
0.69991 0.559454
0.687204 0.550357
0.704056 0.570606
0.672821 0.765591
0.67484 0.776078
0.667888 0.843172
0.662112 0.9071
0.679064 0.798404
0.674397 0.806339
0.686248 0.746789
0.698393 0.63427
0.707095 0.571093
0.717027 0.532903
0.711849 0.576329
0.719492 0.543439
0.714351 0.581271
0.706839 0.643163
0.70382 0.653991
0.703027 0.674191
0.722073 0.575731
0.716598 0.626463
0.700537 0.728894
0.695983 0.705028
0.69858 0.680178
0.692321 0.72794
0.683624 0.798695
0.674602 0.891902
0.677499 0.885845
0.676578 0.88137
0.71271 0.86468
0.71477 0.802887
0.714239 0.806829
0.711377 0.845246
0.702488 0.811101
0.71139 0.778918
0.716159 0.733624
0.725509 0.710361
0.710937 0.73874
0.699568 0.762526
0.702278 0.74234
0.718781 0.662446
0.730062 0.643272
0.738676 0.591663
0.741173 0.525651
0.74327 0.559109
0.743307 0.563198
0.744804 0.574066
0.736246 0.665266
0.745251 0.616889
0.748336 0.57724
0.75321 0.52566
0.753437 0.524508
0.763479 0.489757
0.762295 0.509074
0.763879 0.499445
0.729041 0.753152
0.726412 0.770901
0.739911 0.688712
0.769976 0.5004
0.728983 0.761427
0.716188 0.849418
0.76328 0.549925
0.744995 0.673965
0.735363 0.738191
0.732457 0.759431
0.728835 0.784426
0.725355 0.814368
0.726747 0.830698
0.731111 0.791643
0.728989 0.840382
0.734054 0.82493
0.733703 0.782012
0.748078 0.689811
0.736538 0.78325
0.740513 0.788907
0.744617 0.74535
0.770067 0.549535
0.752424 0.707009
0.763175 0.614481
0.772584 0.550372
0.774895 0.55779
0.770767 0.599702
0.766534 0.619229
0.748959 0.754942
0.748505 0.759226
0.774642 0.620724
0.75144 0.788401
0.767385 0.698313
0.763696 0.734137
0.75975 0.806914
0.769718 0.699871
0.765091 0.809655
0.767542 0.802803
0.766622 0.784795
0.768173 0.775107
0.774459 0.817007
0.771131 0.762288
0.77517 0.677592
0.771993 0.701536
0.768829 0.740362
0.772091 0.689189
0.779518 0.581087
0.780577 0.544732
0.779382 0.618747
0.781659 0.53465
0.78334 0.577702
0.77878 0.765185
0.782577 0.747455
0.783551 0.737345
0.785664 0.694031
0.78609 0.591614
0.790179 0.530072
0.790725 0.605468
0.792001 0.640273
0.799185 0.571251
0.791488 0.669693
0.787152 0.724848
0.793077 0.667101
0.801862 0.635682
0.802405 0.56564
0.802271 0.555881
0.811911 0.494594
0.817028 0.470202
0.82161 0.475854
0.826778 0.466242
0.824358 0.489438
0.820106 0.505261
0.815196 0.520919
0.830937 0.484175
0.832454 0.47523
0.835212 0.502431
0.825825 0.571512
0.802603 0.680624
0.810667 0.647877
0.802044 0.694445
0.762396 0.901437
0.767723 0.881178
0.781679 0.814043
0.765434 0.90051
0.760035 0.938335
0.778575 0.836342
0.80496 0.689625
0.827501 0.565776
0.833391 0.541806
0.847836 0.501781
0.873084 0.458791
0.862009 0.511727
0.855154 0.518901
0.858699 0.533596
0.852246 0.521973
0.843922 0.552733
0.850247 0.551
0.847192 0.599312
0.846094 0.610633
0.82795 0.701752
0.839142 0.590127
0.832302 0.649128
0.835875 0.604477
0.83203 0.650118
0.809483 0.764994
0.826542 0.666419
0.832182 0.604737
0.798059 0.808314
0.799099 0.792513
0.81703 0.656514
0.828998 0.594116
0.82194 0.61065
0.793694 0.776824
0.784871 0.827838
0.760933 0.998164
0.767143 0.977736
0.832807 0.912245
0.863443 0.88393
0.837189 0.916405
0.856261 0.893481
0.875414 0.887435
0.843918 0.931316
0.788814 0.9808
0.786162 0.984927
0.770336 0.999625
0.770763 1.0011
0.772803 1.00434
0.840274 0.937915
0.862048 0.920942
0.803855 0.985143
0.762926 1.02603
0.804728 0.99698
0.788047 1.03648
0.749433 1.08679
0.765062 1.0727
0.79776 1.03353
0.756407 1.11627
0.825745 1.00388
0.766834 1.10528
0.755911 1.12765
0.83058 1.00674
0.839792 0.989388
0.840962 0.972743
0.863658 0.934313
0.872947 0.921572
0.894076 0.876966
0.874486 0.92383
0.894461 0.895807
0.817688 1.03993
0.838784 1.00307
0.853898 0.973861
0.840597 1.00358
0.872232 0.953682
0.81464 1.04724
0.838986 1.03587
0.80099 1.08453
0.801097 1.12038
0.806407 1.13065
0.823991 1.0911
0.836973 1.06495
0.840074 1.05846
0.887016 0.928929
0.858714 1.03221
0.865636 1.02658
0.853966 1.0786
0.83622 1.07732
0.847637 1.11431
0.83464 1.12403
0.814348 1.14863
0.789057 1.1113
0.782359 1.10658
0.779405 1.11147
0.774021 1.11742
0.771258 1.12528
0.799453 1.14594
0.791146 1.15884
0.759057 1.14941
0.770244 1.16797
0.745788 1.18104
0.747222 1.18421
0.747385 1.1823
0.754927 1.17997
0.777362 1.17643
0.741171 1.23256
0.763594 1.22009
0.761123 1.23344
0.742689 1.26917
0.760997 1.25345
0.79146 1.18557
0.814039 1.15867
0.78854 1.19948
0.835457 1.15345
0.811631 1.20285
0.795719 1.22768
0.809143 1.22721
0.802659 1.23306
0.787531 1.24419
0.79582 1.23844
0.809267 1.23058
0.836602 1.21809
0.848349 1.15629
0.840609 1.21425
0.878718 0.993714
0.840237 1.21714
0.861152 1.12595
0.842168 1.2171
0.84405 1.21577
0.861183 1.16099
0.861774 1.15051
0.864139 1.13796
0.8664 1.07624
0.867557 1.10034
0.870344 1.09634
0.875442 1.14481
0.886017 1.18448
0.875889 1.09214
0.875203 1.08767
0.874038 1.0458
0.875652 1.0561
0.879178 1.07441
0.888104 1.15735
0.889473 1.17401
0.894208 1.17776
0.87663 1.03257
0.888891 0.95345
0.891888 0.949313
0.899034 0.898034
0.887605 1.01949
0.882841 1.08116
0.886091 1.0583
0.886888 1.06102
0.891146 1.13136
0.893191 1.11018
0.894355 1.14233
0.898288 1.02591
0.897669 0.955457
0.899244 0.929808
0.903134 0.901517
0.904974 0.949681
0.911225 1.13801
0.908662 1.05512
0.913426 1.08224
0.904293 0.913493
0.921142 1.15095
0.921241 1.12189
0.918438 1.04864
0.928326 1.14221
0.927011 1.11833
0.919779 1.04482
0.920044 1.03731
0.913338 0.980299
0.909793 0.94054
0.909262 0.899462
0.909503 0.893895
0.913884 0.886888
0.923145 0.880119
0.917722 1.00756
0.925316 1.01317
0.924872 0.912217
0.93188 0.938437
0.932229 0.957235
0.926166 0.979177
0.927387 1.00827
0.92725 1.01886
0.933031 1.137
0.952117 1.0518
0.94089 1.03659
0.947823 1.00726
0.945806 1.00837
0.940604 0.975524
0.935178 0.96694
0.93363 0.953706
0.93742 0.926726
0.946881 0.925542
0.947911 0.939567
0.953475 0.994732
0.963355 0.961933
0.95256 0.928641
0.973117 0.941823
0.976181 0.927224
0.970521 0.916305
0.959717 0.916215
0.948295 0.914058
0.940616 0.884273
0.93563 0.878884
0.940113 0.867824
0.967168 0.883281
0.969491 0.853419
0.968209 0.849312
0.995228 0.840687
0.984358 0.862612
0.974152 0.888245
0.979006 0.890795
0.98573 0.879096
0.994961 0.893441
0.995581 0.877119
0.996482 0.868713
0.999766 0.868428
1.00738 0.893607
1.00609 0.907281
0.982688 0.994327
0.970908 1.03786
0.950386 1.11793
0.961234 1.10503
0.972016 1.06287
1.00492 0.924551
0.996334 0.963806
1.01989 0.8677
0.998485 0.965043
1.01882 0.89406
1.01177 0.926112
0.999574 0.985053
1.01651 0.92389
1.02264 0.922095
1.02948 0.886859
1.03076 0.870138
1.0344 0.851091
1.03473 0.868296
1.03506 0.920876
1.03717 0.830148
1.04772 0.855016
1.04644 0.821614
1.05039 0.865488
1.05614 0.819226
1.06498 0.847961
1.06175 0.874296
1.05966 0.89082
1.03301 0.959177
1.03545 0.935667
1.03697 0.926702
1.0362 0.927438
0.993899 1.04784
1.01156 1.00671
0.995791 1.05453
1.02421 1.0273
1.03465 1.02689
1.06685 0.99809
1.05672 0.999306
1.09769 0.961003
1.0793 0.959756
1.05079 0.973094
1.09888 0.902905
1.06901 0.938875
1.06464 0.946757
1.09304 0.886078
1.09396 0.87004
1.09565 0.858736
1.04955 0.969612
1.04667 0.975352
1.10749 0.805401
1.10514 0.810948
1.08232 0.871325
1.05412 0.947303
1.02865 1.00768
1.0217 1.02426
1.02631 0.990607
1.08978 0.842447
1.08813 0.8322
1.05464 0.919145
1.02746 0.98326
1.0256 0.987427
1.0604 0.890516
1.06803 0.87236
1.0972 0.805845
1.10253 0.796894
1.10596 0.798979
1.11373 0.78588
1.12743 0.755827
1.13306 0.708107
1.10487 0.789158
1.0874 0.797809
1.0869 0.765389
1.09211 0.756392
1.10344 0.741933
1.08563 0.758189
1.05013 0.780648
1.04731 0.782129
1.05448 0.787309
1.06219 0.815578
1.04877 0.79937
1.01656 0.825208
0.986363 0.839197
0.98981 0.832815
1.03365 0.806045
1.02857 0.808503
0.999271 0.825549
1.02235 0.796422
1.03694 0.768678
1.04748 0.756668
1.0219 0.783223
1.0167 0.790107
0.976789 0.821995
1.00826 0.805012
0.95454 0.837471
0.924358 0.857532
0.988693 0.7972
0.973542 0.800648
1.01286 0.772878
1.00009 0.779938
1.01994 0.745434
1.03034 0.731474
1.03382 0.732263
1.04857 0.714028
1.05677 0.702214
1.03642 0.753416
1.03606 0.755872
1.04616 0.747025
1.05365 0.740708
1.05527 0.742658
1.06805 0.735084
1.12531 0.642831
1.08366 0.692563
1.10687 0.646834
1.10457 0.640978
1.12111 0.616672
1.0866 0.627916
1.08725 0.622343
1.07573 0.646143
1.04158 0.687107
1.04159 0.685924
1.03744 0.685708
1.05858 0.65162
1.03741 0.671845
1.00951 0.711262
1.04286 0.673838
1.00731 0.717684
0.945883 0.771638
0.930259 0.797119
1.00056 0.729392
0.969226 0.761438
0.960285 0.785189
1.02547 0.709813
1.01518 0.725006
1.01729 0.730754
0.987991 0.780865
0.961857 0.810778
0.92348 0.8471
0.920449 0.854686
0.879642 0.871152
0.915221 0.841816
0.930491 0.825127
0.902519 0.848924
0.924999 0.827586
0.880086 0.86836
0.896466 0.838348
0.879029 0.861618
0.864478 0.873957
0.862275 0.866815
0.907144 0.813577
0.864497 0.861453
0.833222 0.896431
0.904525 0.809681
0.835678 0.891812
0.801018 0.911395
0.78832 0.922299
0.864034 0.842961
0.880425 0.827184
0.822252 0.881586
0.903307 0.803138
0.896046 0.803728
0.911572 0.786636
0.871381 0.821595
0.859421 0.824016
0.840538 0.849474
0.785321 0.902478
0.808184 0.848208
0.797318 0.878644
0.813452 0.838735
0.848667 0.813766
0.868494 0.801009
0.936628 0.762679
0.966563 0.741185
0.952817 0.739775
0.912499 0.763405
0.958769 0.726336
0.953825 0.729851
0.930467 0.747625
0.947079 0.728071
0.886821 0.780036
0.835403 0.819995
0.969537 0.704971
0.823066 0.812354
0.81459 0.806563
0.951572 0.71473
0.962452 0.708792
0.965189 0.704662
0.83788 0.785647
0.891095 0.747998
0.807494 0.803512
0.938814 0.712184
0.88492 0.738987
0.835507 0.772625
0.864241 0.746294
0.843232 0.758724
0.842607 0.759257
0.840459 0.753483
0.866182 0.740382
0.880611 0.713906
0.86209 0.730463
0.842558 0.72987
0.879558 0.713293
0.868528 0.683168
0.866261 0.717973
0.863437 0.715249
0.854755 0.670571
0.838022 0.70278
0.829857 0.702926
0.851871 0.650096
0.853692 0.64629
0.857355 0.640797
0.866577 0.656031
0.881103 0.660078
0.883222 0.663678
0.895293 0.675042
0.905593 0.688885
0.906566 0.670124
0.928681 0.68334
0.921435 0.667814
0.920669 0.670651
0.912658 0.654329
0.932565 0.679764
0.950128 0.678226
0.898091 0.633195
0.923761 0.6542
0.941872 0.666753
0.912024 0.628222
0.920289 0.628116
0.946464 0.617671
0.948759 0.609259
0.949661 0.605333
0.966378 0.616611
0.996357 0.617466
0.987326 0.633908
0.981852 0.644802
0.955897 0.628659
0.960328 0.636753
0.948425 0.625953
0.981441 0.66364
0.97746 0.674791
0.98031 0.682728
0.980782 0.691955
0.978813 0.700519
0.993556 0.699286
0.990409 0.692008
1.00157 0.65343
1.00741 0.684204
1.02531 0.661501
1.03076 0.644544
1.03589 0.627121
1.0319 0.625957
1.03276 0.617354
1.01566 0.603658
1.04763 0.618628
1.06325 0.623248
1.05284 0.608239
1.03888 0.594438
1.04439 0.594859
1.05869 0.597149
1.06797 0.588302
1.01754 0.575363
1.00347 0.580423
0.998382 0.564407
0.990727 0.552202
0.984704 0.570942
0.945502 0.603702
0.949105 0.585952
0.914432 0.570854
0.919426 0.578475
0.935181 0.593073
0.926686 0.591754
0.917332 0.605072
0.906879 0.582432
0.871451 0.624334
0.882984 0.588004
0.855784 0.608096
0.871581 0.59055
0.865156 0.582053
0.892452 0.572025
0.863387 0.569091
0.905825 0.559947
0.946358 0.530885
0.940039 0.532215
0.917463 0.533117
0.903697 0.545955
0.877442 0.541088
0.888301 0.524734
0.907272 0.519503
0.87948 0.520511
0.903894 0.508616
0.892639 0.493378
0.953 0.518385
0.949221 0.505916
0.990485 0.539527
1.02544 0.565042
0.997896 0.540994
1.04305 0.562161
0.9489 0.503908
0.94817 0.496446
0.985367 0.524551
1.0012 0.534185
1.0016 0.5354
1.03279 0.554699
1.01004 0.537831
0.981675 0.517413
1.02848 0.549489
0.953052 0.495541
0.948002 0.481898
0.924872 0.452779
0.952817 0.476083
0.980571 0.477106
0.98462 0.486138
1.02946 0.537278
1.03146 0.536686
1.04277 0.540421
0.970553 0.459439
0.996166 0.464786
1.00443 0.465727
0.969927 0.452235
1.02144 0.462975
1.01147 0.458876
1.05855 0.470705
1.06559 0.470611
1.07349 0.474288
1.09104 0.475703
1.10074 0.48246
1.14385 0.490519
1.13744 0.491704
1.08259 0.485191
1.08657 0.488175
1.09611 0.511785
1.08485 0.503032
1.086 0.5187
1.05944 0.496924
1.07559 0.48957
1.06915 0.487969
1.05368 0.48627
1.0566 0.487811
1.03666 0.494437
1.0241 0.492069
1.03976 0.502039
1.08065 0.524215
1.05247 0.511044
1.06337 0.519796
1.05607 0.517937
1.04113 0.527677
1.08253 0.555762
1.08327 0.55745
1.09347 0.582763
1.08932 0.566558
1.09681 0.579762
1.11066 0.549345
1.12456 0.550899
1.12491 0.540985
1.13256 0.504017
1.12145 0.493182
1.15153 0.499263
1.13379 0.50361
1.15592 0.519825
1.18742 0.5437
1.21722 0.568282
1.23946 0.577617
1.23118 0.571305
1.19676 0.519019
1.24292 0.574605
1.25476 0.565585
1.2514 0.582263
1.26661 0.605665
1.29232 0.595138
1.31772 0.61319
1.32661 0.623402
1.32585 0.632278
1.32081 0.623724
1.29372 0.607687
1.29263 0.619811
1.29342 0.622882
1.29423 0.630121
1.27709 0.623671
1.29039 0.641986
1.28193 0.637843
1.25008 0.609364
1.24014 0.590916
1.20849 0.565024
1.21559 0.576556
1.20412 0.566091
1.16554 0.533004
1.1664 0.537104
1.15812 0.55977
1.15562 0.554745
1.1535 0.571266
1.16847 0.59371
1.19269 0.606829
1.19204 0.615149
1.16872 0.61389
1.19507 0.625365
1.22724 0.633235
1.26842 0.656569
1.26613 0.644796
1.29636 0.650073
1.30087 0.649988
1.31964 0.661543
1.33813 0.671177
1.34075 0.673101
1.33248 0.681979
1.18834 0.64196
1.17944 0.644586
1.17127 0.64105
1.16773 0.643181
1.17242 0.647279
1.14863 0.642669
1.2465 0.666852
1.19848 0.655788
1.18613 0.655777
1.22023 0.664439
1.14089 0.651365
1.17986 0.662379
1.22151 0.678748
1.15672 0.666151
1.19929 0.678417
1.15617 0.666887
1.1552 0.66864
1.16388 0.685148
1.17 0.685678
1.17151 0.689809
1.21691 0.679919
1.17783 0.693228
1.19853 0.691947
1.16893 0.712903
1.18252 0.710222
1.1944 0.706054
1.21213 0.705235
1.23392 0.701396
1.25006 0.691808
1.2689 0.692687
1.25461 0.6896
1.27858 0.674901
1.27858 0.685652
1.27627 0.69123
1.30024 0.677706
1.32745 0.691086
1.29308 0.696715
1.21361 0.712493
1.24031 0.708212
1.24147 0.710902
1.21172 0.714036
1.20164 0.736576
1.2047 0.717266
1.17356 0.716106
1.19082 0.738766
1.18658 0.746252
1.16313 0.7302
1.16039 0.736376
1.13644 0.727264
1.1357 0.746294
1.13267 0.760034
1.12673 0.773794
1.13958 0.800668
1.18104 0.758832
1.13786 0.814956
1.15712 0.79296
1.13484 0.830412
1.14219 0.818766
1.20666 0.735748
1.12783 0.84513
1.13522 0.839366
1.11757 0.870945
1.13413 0.857654
1.14016 0.849671
1.14297 0.84529
1.14995 0.827127
1.16536 0.797166
1.17848 0.795877
1.17728 0.798112
1.12597 0.87962
1.16309 0.828369
1.17844 0.801299
1.18747 0.81865
1.15684 0.850207
1.18401 0.829221
1.14259 0.874891
1.1578 0.859513
1.13616 0.896273
1.1466 0.895928
1.18773 0.8352
1.19057 0.836717
1.13931 0.917711
1.17629 0.877091
1.18377 0.857448
1.19442 0.85259
1.19627 0.786825
1.19568 0.761694
1.20632 0.777341
1.20716 0.751256
1.22408 0.723082
1.21568 0.756387
1.21538 0.762433
1.24184 0.71765
1.23645 0.774106
1.23418 0.744948
1.21195 0.833755
1.21184 0.836983
1.2582 0.724744
1.26851 0.728327
1.27534 0.719324
1.2881 0.726509
1.29769 0.728678
1.27246 0.744148
1.27537 0.737554
1.25575 0.75777
1.26704 0.752776
1.25643 0.773734
1.2432 0.806087
1.3135 0.731497
1.20956 0.848396
1.15304 0.907513
1.0982 0.967398
1.05658 1.01181
1.12709 0.941087
1.21131 0.849421
1.25948 0.796848
1.0982 0.975325
1.21727 0.844902
1.18222 0.89228
1.02974 1.0554
0.952419 1.13744
1.10118 0.980103
0.947651 1.1428
0.955673 1.13589
1.10157 0.98216
1.02959 1.07057
0.93368 1.16216
0.965137 1.1462
1.05126 1.05185
1.13709 0.94679
1.12263 0.965758
1.24175 0.821966
1.02656 1.08262
1.01055 1.10624
1.21179 0.861713
1.29026 0.766984
1.2965 0.759449
1.20223 0.875445
1.10607 0.992243
1.01065 1.10803
1.03778 1.07538
1.24431 0.825132
1.07105 1.03532
1.12358 0.973829
0.992314 1.1312
1.00165 1.12399
1.13647 0.958992
1.04719 1.07232
1.06323 1.05848
1.18167 0.90662
0.992393 1.15899
1.16644 0.931909
1.02378 1.11918
1.24886 0.824548
1.10965 1.01034
1.07186 1.06218
1.00864 1.14546
1.01089 1.15013
1.13227 0.988086
1.18091 0.922505
1.03269 1.12524
1.14158 0.977988
1.06391 1.08659
1.26373 0.813148
1.083 1.06591
1.00192 1.1782
1.04984 1.11382
1.01623 1.16116
1.06049 1.10042
1.02006 1.16134
1.03815 1.15143
1.05676 1.11245
1.06325 1.10728
1.0682 1.10024
1.07822 1.08312
1.14346 0.992843
1.14263 0.995158
1.2924 0.785367
1.33313 0.72975
1.36713 0.691713
1.24365 0.860353
1.11311 1.0451
1.17949 0.953475
1.23375 0.881128
1.35767 0.706358
1.3534 0.712843
1.27202 0.832302
1.13596 1.02974
1.13507 1.03046
1.08196 1.09632
1.07709 1.11503
1.03166 1.16258
1.02515 1.17562
1.01722 1.19141
1.02087 1.18979
1.03982 1.16914
1.0595 1.14071
1.03596 1.17773
1.20646 0.929488
1.09694 1.09492
1.0548 1.16149
1.25024 0.869128
1.14599 1.02912
1.0885 1.11461
1.08461 1.12031
1.0986 1.10488
1.15352 1.0206
1.04948 1.18993
1.22989 0.905173
1.07592 1.14832
1.21812 0.924307
1.16713 1.01524
1.04994 1.20116
1.06735 1.19451
1.11244 1.12139
1.16013 1.03793
1.21001 0.950803
1.22387 0.925694
1.23156 0.918671
1.29481 0.810398
1.3332 0.74517
1.30658 0.793809
1.35848 0.708266
1.18769 1.00399
1.17718 1.01754
1.17287 1.02974
1.32552 0.766745
1.23426 0.92786
1.2179 0.958941
1.26696 0.875224
1.28597 0.840398
1.21867 0.964243
1.17311 1.04097
1.15829 1.06314
1.10268 1.14305
1.12848 1.1084
1.15564 1.07332
1.12666 1.118
1.10942 1.14719
1.12631 1.13035
1.20688 0.990066
1.29737 0.823361
1.23434 0.947593
1.21961 0.982994
1.34867 0.749952
1.31267 0.823733
1.29609 0.856441
1.3274 0.797914
1.31241 0.834573
1.26258 0.917514
1.31512 0.842732
1.3314 0.820161
1.17924 1.04965
1.12793 1.14022
1.18257 1.05605
1.2156 1.00686
1.2084 1.01831
1.25194 0.960404
1.17671 1.06974
1.1905 1.0571
1.19728 1.04728
1.15389 1.11638
1.13814 1.14304
1.14465 1.12218
1.12229 1.15424
1.10063 1.19976
1.09338 1.21604
1.10797 1.20158
1.12928 1.18581
1.13178 1.1833
1.14663 1.15645
1.11759 1.21269
1.13726 1.17728
1.18136 1.09801
1.22896 1.00845
1.2962 0.888217
1.27126 0.938733
1.22545 1.02534
1.18963 1.0903
1.18803 1.09524
1.12634 1.22049
1.2398 1.00821
1.28696 0.92266
1.35536 0.796671
1.26286 0.968611
1.21057 1.07023
1.30188 0.897972
1.13376 1.21619
1.14539 1.19525
1.1636 1.1688
1.15172 1.20815
1.14887 1.21118
1.13088 1.22377
1.17744 1.24338
1.13108 1.22375
1.18116 1.24246
1.18313 1.22652
1.18098 1.22491
1.19845 1.2225
1.20035 1.21145
1.18838 1.21101
1.20138 1.20698
1.19779 1.16403
1.19392 1.18004
1.1871 1.17364
1.19376 1.14939
1.20906 1.11878
1.21357 1.11061
1.203 1.10323
1.21313 1.08957
1.20856 1.07896
1.22383 1.06109
1.22393 1.06407
1.22403 1.11255
1.22534 1.10686
1.22632 1.0471
1.24396 1.02875
1.24651 1.03961
1.27467 0.964073
1.25517 1.02125
1.25966 1.01394
1.24917 1.06257
1.25354 1.04947
1.25383 1.07228
1.24721 1.09927
1.28223 1.00094
1.31101 0.924693
1.29753 0.943078
1.29499 0.934892
1.32504 0.861715
1.32435 0.865148
1.34582 0.828622
1.3189 0.914037
1.29026 0.989863
1.26951 1.04841
1.28018 1.02791
1.23396 1.15507
1.21119 1.22795
1.21597 1.22199
1.20975 1.24965
1.21632 1.2598
1.22384 1.23454
1.23751 1.18909
1.27116 1.0664
1.28761 1.02203
1.24892 1.15405
1.2266 1.23217
1.23184 1.22204
1.28081 1.0623
1.29873 1.00249
1.26056 1.13733
1.25063 1.17337
1.22819 1.26973
1.23915 1.24884
1.29503 1.02579
1.29479 1.031
1.33367 0.878254
1.33423 0.877386
1.30951 0.987592
1.33164 0.88695
1.29415 1.03967
1.29572 1.04422
1.28827 1.08411
1.30488 1.04924
1.2951 1.09722
1.33347 0.969253
1.32859 0.970718
1.32388 0.977866
1.33206 0.932356
1.34168 0.891319
1.35037 0.871492
1.35455 0.865617
1.37299 0.755646
1.3758 0.771642
1.37892 0.743336
1.38317 0.726805
1.38881 0.742537
1.40468 0.762045
1.41225 0.775273
1.39527 0.797623
1.39359 0.799915
1.38837 0.7997
1.38418 0.855329
1.37494 0.777316
1.35684 0.863074
1.3689 0.811959
1.37203 0.800883
1.35932 0.862842
1.35763 0.87859
1.37036 0.81087
1.3509 0.916818
1.37168 0.831725
1.37377 0.864826
1.3741 0.885923
1.3809 0.945802
1.3935 0.932884
1.38623 0.923188
1.38766 0.905593
1.42015 0.781658
1.41494 0.809337
1.40833 0.838655
1.40823 0.856274
1.41554 0.819878
1.42086 0.796988
1.41995 0.841659
1.42631 0.861861
1.43563 0.859474
1.44065 0.860572
1.43505 0.878328
1.44198 0.893084
1.40354 0.922754
1.40583 0.921851
1.39903 0.927755
1.40421 0.926761
1.43295 0.913662
1.43475 0.933386
1.44335 0.952074
1.43511 0.963608
1.42718 0.966425
1.41892 0.943737
1.41552 0.969492
1.36571 0.965132
1.35837 0.962142
1.36965 0.979689
1.35131 0.991025
1.35925 0.988568
1.37536 0.985717
1.37715 0.986162
1.37609 1.00912
1.37696 1.02865
1.38101 0.997941
1.37434 1.10584
1.38092 1.07856
1.3854 1.09963
1.39781 1.03548
1.41056 1.01768
1.41833 0.996564
1.41596 0.985976
1.43313 0.974147
1.40549 1.0503
1.41099 1.04818
1.41516 1.04338
1.44575 0.990237
1.44288 1.01111
1.44104 1.02046
1.42572 1.09245
1.40325 1.14741
1.41857 1.08349
1.43118 1.03981
1.42071 1.06137
1.40501 1.11044
1.41738 1.06855
1.43017 1.03772
1.43462 1.02597
1.42583 1.04435
1.39694 1.10171
1.39575 1.11915
1.39351 1.17919
1.38835 1.16542
1.38879 1.11647
1.38421 1.14683
1.37401 1.18789
1.3697 1.20101
1.37767 1.16193
1.37492 1.15088
1.36696 1.18718
1.35975 1.10018
1.35915 1.10125
1.34649 1.1284
1.35223 1.17006
1.33567 1.1347
1.33468 1.1402
1.33573 1.17152
1.33461 1.20161
1.3239 1.1951
1.31754 1.20668
1.3177 1.2097
1.33194 1.21409
1.32689 1.23296
1.30775 1.23893
1.3077 1.2289
1.31391 1.20553
1.2828 1.29195
1.28339 1.28997
1.32346 1.14517
1.32304 1.15249
1.32854 1.13437
1.31477 1.18353
1.3452 1.08469
1.35816 1.02076
1.35203 1.03085
1.3307 1.11619
1.34802 1.03585
1.32569 1.11412
1.31642 1.14075
1.31452 1.13941
1.33166 1.04704
1.3302 1.03594
1.32934 1.03842
1.32737 1.03184
1.32526 1.05067
1.3281 1.04839
1.29588 1.22199
1.30366 1.20294
1.30203 1.21303
1.2854 1.27679
1.29798 1.1971
1.32437 1.02076
1.29155 1.2164
1.29324 1.18651
1.31328 1.05276
1.3103 1.06731
1.30307 1.09601
1.28431 1.22023
1.2785 1.25502
1.27007 1.2888
1.2942 1.13177
1.29928 1.09481
1.29532 1.11552
1.2891 1.14393
1.27817 1.1972
1.26478 1.26597
1.25996 1.26673
1.25909 1.26463
1.27327 1.20846
1.26323 1.23215
1.25104 1.28192
1.23878 1.27055
1.27014 1.18704
1.23302 1.27744
1.23493 1.29175
1.2923 1.31401
1.27787 1.31144
1.24489 1.305
1.2367 1.29957
1.22631 1.29035
1.18081 1.2885
1.19594 1.27933
1.17812 1.25944
1.17309 1.28535
1.16677 1.2847
1.16374 1.28154
1.15934 1.25652
1.15845 1.24997
1.15234 1.25044
1.11789 1.2339
1.12398 1.24419
1.1277 1.24726
1.10977 1.24014
1.14414 1.25599
1.11943 1.24835
1.1449 1.25731
1.12156 1.25498
1.11504 1.25495
1.07518 1.23962
1.09876 1.24092
1.02068 1.21117
0.987064 1.20157
1.03127 1.2037
1.01828 1.2016
1.02803 1.2019
1.01939 1.19958
1.01204 1.1955
0.978021 1.1982
0.930318 1.1647
0.917756 1.17203
0.924241 1.17992
0.994454 1.21743
1.15493 1.28177
1.22397 1.31093
1.2289 1.31344
1.26617 1.32933
1.17142 1.29565
1.23337 1.32614
1.15072 1.28871
1.16652 1.3001
1.16917 1.30533
1.20467 1.32968
1.13287 1.29397
1.20466 1.33406
1.22077 1.35721
1.20548 1.34594
1.21775 1.36069
1.18246 1.34269
1.14169 1.31247
1.17407 1.35158
1.20278 1.37967
1.19721 1.37624
1.17544 1.3767
1.14771 1.34603
1.17075 1.36061
1.13706 1.32926
1.12376 1.33167
1.11079 1.31201
1.10358 1.31326
1.10545 1.30799
1.08665 1.29476
1.08513 1.28665
1.08174 1.28299
1.09991 1.28648
1.09058 1.28068
1.02974 1.25198
1.06146 1.27164
1.01727 1.25628
0.981955 1.2288
0.95843 1.21772
0.946267 1.20785
1.10843 1.27905
0.989823 1.22531
0.955827 1.21115
1.02287 1.23789
1.09536 1.26856
1.0369 1.2437
1.0879 1.26318
1.09806 1.26071
1.02449 1.23286
1.0273 1.2358
0.951923 1.20428
0.900193 1.18
0.91993 1.20778
0.879781 1.23544
0.875973 1.24332
0.87136 1.27424
0.910223 1.25298
0.89416 1.2563
0.902321 1.24822
0.920877 1.23235
0.914548 1.26491
0.91437 1.2777
0.87835 1.30671
0.92229 1.2981
0.908147 1.30935
0.904814 1.3253
0.870783 1.31919
0.865581 1.31847
0.867827 1.3358
0.887519 1.34352
0.923849 1.35861
0.908902 1.35716
0.9299 1.37789
0.940313 1.38463
0.990563 1.41876
0.994143 1.4207
0.9424 1.38286
0.953785 1.37514
0.976268 1.38518
0.999578 1.40516
0.983819 1.34919
0.947154 1.3055
0.941501 1.29957
0.936645 1.28577
0.930788 1.27478
0.927145 1.25951
0.938126 1.24591
0.940713 1.23731
0.942912 1.26841
0.949993 1.29477
0.946064 1.27146
0.943328 1.21492
0.954706 1.29196
0.953649 1.27058
0.963619 1.27545
0.979333 1.32685
0.97363 1.28083
0.976288 1.27752
0.947247 1.21765
0.967705 1.23144
0.980637 1.2529
0.971903 1.24782
0.983508 1.25666
0.996487 1.28975
0.999281 1.30799
1.00614 1.35566
1.00722 1.31378
1.01006 1.34078
1.00585 1.27446
1.0081 1.26246
1.02406 1.29745
1.01789 1.31744
1.03479 1.30637
1.02899 1.32252
1.03877 1.31318
1.03724 1.32056
1.0253 1.33695
1.02663 1.33969
1.02088 1.34987
1.01201 1.37916
1.02371 1.35298
1.05883 1.30781
1.04482 1.33299
1.06513 1.3055
1.05198 1.34043
1.07691 1.30791
1.10152 1.32412
1.09803 1.3364
1.07764 1.34174
1.0423 1.36258
1.02121 1.39773
1.03408 1.39194
1.01999 1.4061
1.01859 1.40907
1.06196 1.38455
1.04825 1.38992
1.08136 1.36618
1.05789 1.38269
1.09405 1.35452
1.11249 1.3477
1.12014 1.34249
1.12085 1.34083
1.13295 1.35156
1.11878 1.35909
1.09883 1.37996
1.03614 1.42063
1.07314 1.39858
1.07103 1.40969
1.10198 1.38356
1.10539 1.38067
1.10555 1.38712
1.13473 1.36725
1.14432 1.36541
1.16145 1.37685
1.1121 1.40976
1.10177 1.41365
1.09787 1.41534
1.01824 1.43454
1.03128 1.44314
0.896227 1.37066
0.888201 1.38435
0.913565 1.39653
0.901589 1.37548
0.990321 1.42271
0.923218 1.40644
0.94218 1.41618
0.965239 1.42566
0.972253 1.42972
0.891085 1.39985
0.909151 1.42214
0.918713 1.44194
0.875502 1.39623
0.898835 1.4245
0.916881 1.44552
0.859124 1.41397
0.887502 1.43199
0.87706 1.42566
0.869959 1.43136
0.84119 1.42809
0.835607 1.42766
0.824915 1.42773
0.839053 1.42088
0.835406 1.41534
0.852156 1.40331
0.853747 1.36831
0.849562 1.38043
0.839575 1.39561
0.830324 1.40268
0.820465 1.40107
0.813555 1.42042
0.808718 1.42673
0.787809 1.41357
0.800987 1.39888
0.802778 1.39227
0.811824 1.38084
0.825436 1.37341
0.813336 1.34243
0.830456 1.37827
0.838999 1.35423
0.844072 1.34131
0.83516 1.32053
0.855874 1.26288
0.860021 1.23057
0.828309 1.29645
0.808941 1.32812
0.787806 1.35972
0.805189 1.3465
0.790471 1.3657
0.79226 1.36859
0.774584 1.40258
0.754421 1.38323
0.758305 1.36978
0.783388 1.33591
0.81536 1.29745
0.746841 1.36465
0.760244 1.34594
0.781182 1.31227
0.789263 1.30745
0.797911 1.29806
0.805151 1.29611
0.822756 1.27389
0.832922 1.26931
0.84262 1.24167
0.820673 1.2561
0.820858 1.25993
0.785701 1.2923
0.784791 1.27441
0.747412 1.30098
0.738851 1.29362
0.794994 1.26058
0.798684 1.25639
0.844294 1.22679
0.850549 1.2229
0.804808 1.24744
0.759231 1.27024
0.713802 1.29649
0.702091 1.30097
0.721287 1.30579
0.673742 1.31583
0.733342 1.30981
0.706745 1.3363
0.733612 1.32521
0.743492 1.32014
0.760214 1.31872
0.738803 1.35113
0.708229 1.34753
0.724909 1.35961
0.69319 1.35574
0.684929 1.34187
0.685797 1.33934
0.694756 1.32322
0.663668 1.33638
0.650246 1.33124
0.669194 1.3524
0.62974 1.33273
0.623951 1.30741
0.622226 1.32534
0.614222 1.29
0.626285 1.30095
0.634313 1.28842
0.635591 1.27371
0.633672 1.26974
0.639965 1.25184
0.628189 1.25394
0.629457 1.23466
0.602687 1.28644
0.6163 1.24348
0.616515 1.238
0.608618 1.24059
0.602862 1.2311
0.620828 1.1999
0.627319 1.16921
0.633426 1.16794
0.630327 1.18667
0.623 1.22852
0.633661 1.20973
0.639156 1.17483
0.648666 1.12992
0.636136 1.21937
0.655592 1.12627
0.641935 1.22068
0.667811 1.0866
0.675944 1.0505
0.672152 1.07855
0.672703 1.07837
0.675671 1.07044
0.669794 1.09701
0.657046 1.15718
0.657876 1.16737
0.652675 1.20392
0.666307 1.22714
0.654516 1.21411
0.674515 1.2475
0.653383 1.22605
0.648727 1.28047
0.655887 1.30248
0.66167 1.31184
0.667769 1.29551
0.681336 1.25684
0.676674 1.28357
0.675323 1.29008
0.677959 1.28452
0.690232 1.29772
0.696844 1.29464
0.704315 1.27888
0.692377 1.29042
0.697203 1.26887
0.701226 1.25358
0.688498 1.23101
0.660466 1.19433
0.673081 1.18876
0.670842 1.14239
0.698598 1.23131
0.698825 1.21278
0.700965 1.2096
0.688027 1.16783
0.676031 1.10525
0.697017 1.19015
0.719384 1.24479
0.718541 1.23048
0.690223 1.13425
0.683234 1.06092
0.700687 1.13115
0.727167 1.22425
0.733881 1.21526
0.723329 1.20876
0.72486 1.19592
0.715599 1.16489
0.731175 1.19637
0.699859 1.10665
0.718083 1.10604
0.715752 1.08886
0.708372 1.08127
0.706255 1.07349
0.715366 1.06811
0.715571 1.04047
0.723356 1.00534
0.726284 1.02177
0.724361 1.07311
0.724155 1.10681
0.727352 1.1285
0.73712 1.17994
0.738223 1.16106
0.735509 1.12095
0.738989 1.10593
0.744503 1.00377
0.745393 0.969523
0.74886 0.953988
0.75113 0.927591
0.748041 0.910039
0.742481 0.924987
0.74881 0.897824
0.741697 0.904996
0.735438 0.987509
0.736516 0.921412
0.715607 0.965433
0.710193 0.980207
0.702466 1.0146
0.715191 0.983927
0.704229 1.03656
0.698448 1.06509
0.692705 1.06655
0.697599 1.04241
0.693187 1.05999
0.689852 1.0301
0.694395 1.00257
0.685262 1.02015
0.683041 1.0197
0.628673 1.06219
0.609076 1.08288
0.597765 1.09516
0.570595 1.11954
0.595136 1.10443
0.665805 1.04364
0.606136 1.10329
0.64609 1.06921
0.65925 1.06109
0.602969 1.11047
0.557418 1.14539
0.609512 1.13105
0.615753 1.12751
0.638094 1.11707
0.632177 1.13749
0.566545 1.15377
0.609179 1.1456
0.629003 1.14405
0.61858 1.15033
0.606099 1.20638
0.6083 1.14907
0.595866 1.14913
0.603074 1.19398
0.596843 1.19774
0.589222 1.23808
0.586089 1.21163
0.581479 1.23965
0.580653 1.20712
0.563765 1.18718
0.570962 1.17824
0.586826 1.15299
0.577308 1.15767
0.563811 1.18013
0.543464 1.16853
0.526744 1.1837
0.55341 1.20441
0.538824 1.20303
0.557391 1.22104
0.566879 1.22934
0.559716 1.23443
0.557761 1.2368
0.528826 1.20374
0.530379 1.22071
0.52319 1.19714
0.515815 1.1741
0.500713 1.16069
0.51006 1.15953
0.51887 1.15574
0.533933 1.13366
0.592643 1.08347
0.581396 1.09227
0.544812 1.12206
0.538063 1.12489
0.608901 1.07017
0.627761 1.05258
0.640761 1.04073
0.617897 1.06044
0.694513 0.984819
0.614469 1.0617
0.61288 1.06217
0.613336 1.06148
0.613442 1.05913
0.65494 1.01227
0.588482 1.07806
0.565266 1.09067
0.582715 1.07485
0.583828 1.07375
0.65233 1.01396
0.67361 0.98924
0.618396 1.04116
0.586187 1.06826
0.701237 0.960527
0.699443 0.960321
0.705601 0.954445
0.663805 0.991888
0.656845 0.994182
0.574755 1.07525
0.609168 1.04049
0.558208 1.08912
0.580464 1.0643
0.589887 1.05125
0.655836 0.991404
0.715256 0.924785
0.725523 0.904836
0.637698 0.992342
0.613449 1.01437
0.731927 0.890674
0.757053 0.828581
0.731354 0.861507
0.728409 0.875762
0.717817 0.896055
0.71631 0.884076
0.716992 0.879386
0.689164 0.909355
0.691389 0.913806
0.6731 0.942656
0.66579 0.930289
0.667941 0.937987
0.596338 1.01614
0.657372 0.953146
0.604147 1.0156
0.603276 1.01578
0.495733 1.12538
0.473979 1.09644
0.493978 1.10363
0.485186 1.08374
0.504583 1.04776
0.494696 1.05286
0.487929 1.06683
0.490444 1.04649
0.482996 1.02981
0.476202 1.02802
0.472979 1.06523
0.458258 1.02697
