1
2000 1
-0.399556 0.146465
-0.368996 0.161985
-0.240924 0.232882
-0.263813 0.218263
-0.269536 0.214297
-0.399109 0.124175
-0.398919 0.118458
-0.385422 0.122183
-0.356887 0.138615
-0.374236 0.121339
-0.386089 0.09625
-0.23712 0.212172
-0.149313 0.281153
-0.236664 0.211476
-0.344667 0.124762
-0.235531 0.211702
-0.398478 0.079404
-0.236558 0.209125
-0.232103 0.21044
-0.336658 0.12254
-0.377813 0.082679
-0.303637 0.139051
-0.173969 0.255247
-0.266579 0.169833
-0.302075 0.133342
-0.180206 0.247005
-0.364688 0.068629
-0.222239 0.202579
-0.20391 0.219207
-0.282624 0.140535
-0.253662 0.166139
-0.282483 0.133761
-0.294985 0.12034
-0.182189 0.2366
-0.359501 0.045241
-0.246724 0.165777
-0.245853 0.165602
-0.371269 0.027356
-0.326404 0.074483
-0.315363 0.085305
-0.337114 0.059702
-0.36081 0.032561
-0.345383 0.043342
-0.318095 0.068538
-0.236551 0.164371
-0.259243 0.135747
-0.367522 0.005098
-0.209239 0.190735
-0.177848 0.228547
-0.177297 0.228368
-0.396979 -0.049226
-0.19075 0.211091
-0.370724 -0.017314
-0.341302 0.007551
-0.308411 0.050648
-0.394284 -0.072358
-0.25874 0.110949
-0.37689 -0.050455
-0.361931 -0.03406
-0.268722 0.092168
-0.373656 -0.058911
-0.310838 0.025762
-0.379656 -0.087967
-0.364771 -0.068152
-0.267805 0.076805
-0.373736 -0.088388
-0.389636 -0.11699
-0.338555 -0.039343
-0.296881 0.023395
-0.268303 0.065839
-0.389584 -0.125589
-0.332996 -0.040248
-0.321762 -0.022625
-0.253624 0.085049
-0.287558 0.029729
-0.301399 0.004167
-0.184195 0.193639
-0.28374 0.029821
-0.281554 0.03034
-0.375688 -0.127092
-0.277282 0.035592
-0.348081 -0.084919
-0.212302 0.142342
-0.28115 0.025996
-0.358192 -0.104436
-0.314512 -0.033413
-0.19767 0.163956
-0.343001 -0.088835
-0.280672 0.017978
-0.310486 -0.034688
-0.174056 0.2005
-0.324006 -0.067131
-0.392907 -0.19685
-0.302321 -0.033751
-0.298604 -0.027617
-0.166766 0.210919
-0.255625 0.046683
-0.387799 -0.2028
-0.229739 0.085741
-0.237489 0.070209
-0.385618 -0.214142
-0.325134 -0.099329
-0.390173 -0.227553
-0.368611 -0.198194
-0.259738 0.017501
-0.386588 -0.23707
-0.32578 -0.117641
-0.237433 0.058777
-0.382037 -0.231585
-0.322916 -0.115501
-0.292178 -0.054646
-0.273769 -0.018587
-0.220774 0.089195
-0.193155 0.144182
-0.32404 -0.124886
-0.157295 0.216545
-0.321206 -0.123991
-0.242831 0.038327
-0.240174 0.040314
-0.356576 -0.207094
-0.374425 -0.245789
-0.21693 0.087084
-0.293133 -0.076184
-0.24672 0.021432
-0.266907 -0.025531
-0.363964 -0.243664
-0.262523 -0.025753
-0.393748 -0.319441
-0.32431 -0.164648
-0.156813 0.209987
-0.298904 -0.110452
-0.32782 -0.180788
-0.296183 -0.108807
-0.296689 -0.110859
-0.390325 -0.326116
-0.397262 -0.344861
-0.235763 0.021192
-0.398181 -0.371253
-0.356793 -0.275747
-0.318746 -0.18674
-0.151552 0.21509
-0.331436 -0.223103
-0.384359 -0.35847
-0.34005 -0.253052
-0.230459 0.017758
-0.246389 -0.027822
-0.315909 -0.203334
-0.364862 -0.327499
-0.333697 -0.251182
-0.375109 -0.361009
-0.260775 -0.069215
-0.218292 0.039143
-0.364832 -0.336197
-0.342213 -0.278396
-0.166959 0.169701
-0.234205 -0.003646
-0.192628 0.103146
-0.250286 -0.04759
-0.263809 -0.08272
-0.353266 -0.314564
-0.351155 -0.309604
-0.311517 -0.214957
-0.29278 -0.167142
-0.32447 -0.254346
-0.17639 0.13924
-0.164738 0.170148
-0.32329 -0.252875
-0.141628 0.231273
-0.248036 -0.05365
-0.300865 -0.197576
-0.360261 -0.357628
-0.333081 -0.286969
-0.262807 -0.097834
-0.160148 0.180096
-0.349062 -0.332593
-0.335282 -0.297982
-0.301232 -0.20613
-0.131917 0.256045
-0.344541 -0.325276
-0.143745 0.223489
-0.255929 -0.087771
-0.318721 -0.270484
-0.265858 -0.123079
-0.32486 -0.290832
-0.312684 -0.256445
-0.299002 -0.217827
-0.360338 -0.393482
-0.348566 -0.364559
-0.329435 -0.312245
-0.296535 -0.219138
-0.280606 -0.17597
-0.346793 -0.369496
-0.215525 0.007926
-0.346342 -0.378955
-0.312261 -0.28587
-0.292336 -0.226828
-0.22266 -0.020132
-0.122648 0.2785
-0.206171 0.027844
-0.296956 -0.248932
-0.21798 -0.012691
-0.301691 -0.274706
-0.266952 -0.171067
-0.28284 -0.224339
-0.182059 0.087987
-0.18421 0.080289
-0.297941 -0.283157
-0.281201 -0.232771
-0.134248 0.238862
-0.227397 -0.061757
-0.325329 -0.378583
-0.20335 0.009438
-0.324982 -0.396491
-0.25677 -0.172033
-0.187888 0.0571
-0.275264 -0.234974
-0.300069 -0.319378
-0.1769 0.092656
-0.251554 -0.157894
-0.200685 0.010567
-0.257507 -0.183165
-0.199848 0.011954
-0.258073 -0.194177
-0.26531 -0.223955
-0.259656 -0.204812
-0.238995 -0.135375
-0.231765 -0.110262
-0.255387 -0.194786
-0.259522 -0.213262
-0.256504 -0.204955
-0.155605 0.152567
-0.297207 -0.363818
-0.266558 -0.253357
-0.145771 0.186558
-0.292503 -0.362193
-0.228777 -0.137344
-0.286524 -0.360015
-0.125845 0.256814
-0.252478 -0.235379
-0.216276 -0.102265
-0.287262 -0.394044
-0.155487 0.134819
-0.242684 -0.220297
-0.134634 0.218106
-0.147534 0.1646
-0.245408 -0.238208
-0.235459 -0.203868
-0.238533 -0.218246
-0.175398 0.041902
-0.259224 -0.316892
-0.272266 -0.385222
-0.245642 -0.276119
-0.202421 -0.091916
-0.227167 -0.206816
-0.182112 -0.006828
-0.249022 -0.330935
-0.200181 -0.105199
-0.248194 -0.350111
-0.23521 -0.295032
-0.236371 -0.308568
-0.247649 -0.375777
-0.222765 -0.25256
-0.209889 -0.192186
-0.160836 0.059355
-0.237543 -0.348503
-0.158611 0.063806
-0.134429 0.190474
-0.148763 0.110527
-0.175603 -0.043661
-0.203471 -0.199688
-0.196614 -0.184402
-0.227267 -0.367426
-0.185279 -0.120769
-0.215348 -0.305797
-0.222573 -0.351581
-0.200002 -0.220549
-0.177179 -0.084409
-0.170936 -0.051596
-0.195597 -0.202799
-0.215343 -0.332726
-0.202923 -0.257858
-0.144399 0.104445
-0.125639 0.223113
-0.181875 -0.135538
-0.139807 0.130207
-0.216164 -0.37356
-0.209004 -0.332092
-0.21556 -0.388984
-0.196025 -0.281705
-0.17839 -0.176158
-0.188282 -0.253041
-0.18282 -0.212813
-0.181469 -0.203597
-0.183354 -0.220652
-0.172397 -0.146432
-0.202135 -0.372292
-0.134809 0.133927
-0.184192 -0.260503
-0.163752 -0.103211
-0.185754 -0.281264
-0.181869 -0.255526
-0.184644 -0.29707
-0.191616 -0.379228
-0.134393 0.115433
-0.184066 -0.321726
-0.168365 -0.189229
-0.167211 -0.181515
-0.157679 -0.12206
-0.147512 -0.038899
-0.176669 -0.362578
-0.176067 -0.360211
-0.170683 -0.318999
-0.154017 -0.144972
-0.149463 -0.121106
-0.169141 -0.349841
-0.13729 0.01468
-0.147722 -0.10766
-0.123716 0.171766
-0.138623 -0.004754
-0.162796 -0.299643
-0.15142 -0.169822
-0.13369 0.034076
-0.132183 0.046055
-0.151607 -0.21573
-0.133008 0.029386
-0.146973 -0.175809
-0.13861 -0.071082
-0.14618 -0.196009
-0.150503 -0.26012
-0.135761 -0.043171
-0.114491 0.27095
-0.13523 -0.047113
-0.143161 -0.206837
-0.145944 -0.279394
-0.148134 -0.330266
-0.142905 -0.278907
-0.147607 -0.370899
-0.145966 -0.358295
-0.141262 -0.314134
-0.138151 -0.273671
-0.133402 -0.223537
-0.131219 -0.187554
-0.13769 -0.378574
-0.124645 -0.035632
-0.123253 -0.019302
-0.121591 0.025762
-0.132973 -0.317097
-0.130508 -0.306561
-0.123588 -0.079099
-0.121011 -0.009618
-0.124491 -0.139639
-0.121165 -0.065574
-0.118073 0.040674
-0.118646 0.011507
-0.120959 -0.096848
-0.125185 -0.349505
-0.118889 -0.058357
-0.114562 0.137509
-0.119938 -0.206728
-0.117543 -0.090569
-0.115946 -0.02507
-0.113484 0.071412
-0.114637 -0.111809
-0.113462 -0.06675
-0.110089 -0.161288
-0.109487 -0.061093
-0.106693 -0.286802
-0.105196 -0.275934
-0.104749 -0.233111
-0.105383 -0.10465
-0.101051 -0.364359
-0.107519 0.074987
-0.09679 -0.32434
-0.096563 -0.325492
-0.101495 -0.090774
-0.093581 -0.373034
-0.097576 -0.142991
-0.086521 -0.360243
-0.101959 0.060039
-0.105497 0.153766
-0.10119 0.047824
-0.08672 -0.300075
-0.086825 -0.235519
-0.080024 -0.3496
-0.10114 0.103988
-0.079933 -0.300465
-0.083466 -0.230771
-0.09887 0.077591
-0.077416 -0.299628
-0.092947 -0.021419
-0.079233 -0.250298
-0.086304 -0.115863
-0.09025 -0.043086
-0.075105 -0.29221
-0.06593 -0.396235
-0.080282 -0.150129
-0.069423 -0.305268
-0.068341 -0.31535
-0.077909 -0.160811
-0.081171 -0.109638
-0.083378 -0.065205
-0.070618 -0.231253
-0.07483 -0.172408
-0.084909 -0.040345
-0.06666 -0.272298
-0.081827 -0.074893
-0.082458 -0.047197
-0.059821 -0.319928
-0.078869 -0.087712
-0.06391 -0.258386
-0.087604 0.051437
-0.040977 -0.397473
-0.064336 -0.155969
-0.050815 -0.278749
-0.084566 0.05051
-0.037428 -0.39535
-0.075541 -0.032993
-0.082277 0.031178
-0.047729 -0.294119
-0.067423 -0.102545
-0.047595 -0.28436
-0.058512 -0.180307
-0.038089 -0.355406
-0.056923 -0.182899
-0.062848 -0.125152
-0.032972 -0.379798
-0.031274 -0.394534
-0.034804 -0.329081
-0.02839 -0.374146
-0.071425 -0.013658
-0.023222 -0.383758
-0.047397 -0.169376
-0.047956 -0.155555
-0.019063 -0.365825
-0.017546 -0.37477
-0.089067 0.148164
-0.065129 -0.022162
-0.039333 -0.202123
-0.04504 -0.160375
-0.056306 -0.073176
-0.014788 -0.347569
-0.024175 -0.278488
-0.022499 -0.284224
-0.100567 0.23679
-0.02806 -0.23935
-0.03297 -0.193486
-0.082857 0.127736
-0.021002 -0.255884
-0.050901 -0.057487
-0.002164 -0.348219
-0.017818 -0.245263
-0.006078 -0.297267
-0.014125 -0.245523
0.002246 -0.328027
-0.040517 -0.085006
0.005154 -0.331099
-0.064679 0.052478
-0.087074 0.176034
-0.01797 -0.199882
-0.017698 -0.200872
0.012009 -0.338273
0.008699 -0.316404
-0.042506 -0.046488
-0.002808 -0.250688
-0.02205 -0.148248
-0.003906 -0.239367
-0.079664 0.149625
-0.020143 -0.147074
-0.079237 0.151103
-0.052682 0.028644
0.005784 -0.241904
-0.011978 -0.14722
0.015156 -0.267947
0.02948 -0.329489
-0.077197 0.154339
0.001871 -0.199904
-0.041816 -0.001792
0.003692 -0.20371
0.027442 -0.308912
0.042639 -0.356622
0.038301 -0.325266
0.004755 -0.179429
-0.007442 -0.12013
-0.026934 -0.037646
0.021451 -0.225666
-0.014493 -0.077375
-0.009541 -0.096517
-0.048982 0.061395
0.032984 -0.261996
0.053894 -0.341384
0.016577 -0.193969
-0.006768 -0.091276
0.042452 -0.277975
0.057272 -0.330497
0.074872 -0.397221
-0.01212 -0.064353
0.053697 -0.304045
-0.063838 0.134927
0.018528 -0.166832
0.055825 -0.290053
-0.061186 0.1308
0.013437 -0.134751
-0.014597 -0.030005
0.031103 -0.189922
0.033222 -0.186322
0.064432 -0.279146
0.048091 -0.216805
0.016182 -0.109618
0.098002 -0.368102
0.069426 -0.271525
0.102817 -0.373917
0.09817 -0.353554
-0.001333 -0.036234
0.030611 -0.136094
0.0989 -0.346092
0.090039 -0.317785
0.099221 -0.344084
0.067332 -0.244928
0.045293 -0.174958
0.062024 -0.221778
0.119927 -0.397765
-0.009462 -0.000526
0.096358 -0.319115
0.076686 -0.258246
0.120553 -0.390561
0.103 -0.331615
0.070289 -0.221884
0.056566 -0.179876
0.062658 -0.195671
0.085181 -0.256927
0.03492 -0.111013
0.130571 -0.372894
0.055593 -0.161115
-0.016778 0.046431
0.009421 -0.025984
0.018494 -0.048991
-0.014322 0.041812
0.13462 -0.363862
0.073761 -0.1958
0.099105 -0.264048
0.041095 -0.102002
0.071435 -0.182186
0.095502 -0.246298
0.070669 -0.179349
-0.046145 0.135143
0.131675 -0.332587
-0.017193 0.062245
0.099661 -0.244667
0.098759 -0.240741
0.154433 -0.384273
0.096464 -0.232329
0.135367 -0.325449
0.098425 -0.224047
0.014034 -0.007039
0.078681 -0.16666
-0.061953 0.186482
0.082565 -0.170236
-0.045272 0.14698
0.171435 -0.387025
0.140485 -0.310473
-0.093593 0.266267
0.105897 -0.221341
0.182436 -0.397796
0.134704 -0.279058
0.116378 -0.233389
0.151203 -0.315815
0.151599 -0.3146
0.014497 0.011453
0.012275 0.016815
0.110328 -0.213247
0.030425 -0.022816
0.16004 -0.312169
0.100128 -0.171774
0.014478 0.023957
0.006261 0.043481
0.046046 -0.046272
0.088814 -0.137816
0.18666 -0.355563
0.013443 0.03393
0.153472 -0.269577
-0.009726 0.087915
0.189762 -0.347961
-0.006082 0.081316
0.053307 -0.046862
0.061572 -0.063364
0.208551 -0.379295
0.080467 -0.102375
0.179457 -0.312722
0.203677 -0.36373
0.181459 -0.313314
0.029029 0.011618
0.131852 -0.205198
0.137326 -0.216092
0.206598 -0.362189
0.054525 -0.040319
0.178476 -0.300511
0.146357 -0.232534
0.167536 -0.274637
0.101572 -0.13527
0.097079 -0.121929
0.20247 -0.338956
0.030086 0.01836
0.057144 -0.036423
0.046466 -0.011652
0.192769 -0.309579
0.219152 -0.362031
0.12746 -0.175209
0.206072 -0.332063
0.112452 -0.141208
0.165664 -0.246342
0.086628 -0.087321
0.103825 -0.120149
0.225589 -0.36043
0.239095 -0.383781
0.13031 -0.167272
0.213371 -0.330204
0.119537 -0.145029
0.108769 -0.123664
0.193047 -0.287839
0.102817 -0.110225
0.232592 -0.364809
-0.083166 0.255283
0.241042 -0.374297
0.012048 0.070942
0.130782 -0.158045
0.236569 -0.361825
0.052519 -0.001076
-0.094089 0.277654
0.188876 -0.255562
0.095883 -0.078362
0.250735 -0.36754
0.140409 -0.157992
0.230655 -0.325785
0.194392 -0.255141
0.235998 -0.3313
0.182765 -0.232646
0.116563 -0.108815
-0.009038 0.122743
0.044076 0.026966
0.181904 -0.224043
0.246115 -0.338215
0.013658 0.084313
0.274263 -0.386321
0.065221 -0.008184
-0.024255 0.15388
0.185888 -0.222879
0.074999 -0.022414
0.022947 0.071572
0.157407 -0.165796
0.180764 -0.205456
0.20869 -0.252851
0.232533 -0.294238
0.233269 -0.29255
0.080491 -0.024873
0.27145 -0.356818
0.175309 -0.188499
0.217965 -0.261698
0.119226 -0.088562
0.301407 -0.398579
0.044461 0.045807
0.239319 -0.283442
0.110285 -0.064811
-0.010208 0.139388
-0.01942 0.156736
0.306625 -0.386202
0.282562 -0.345983
0.283792 -0.34639
0.159509 -0.138738
0.213249 -0.226752
0.293846 -0.359481
0.157312 -0.132316
0.150563 -0.120608
0.26066 -0.300655
0.049034 0.048034
0.187411 -0.178155
0.074358 0.007532
0.243473 -0.267237
0.003898 0.123861
0.329605 -0.398631
0.274908 -0.309015
0.301532 -0.350737
0.192864 -0.176162
0.208579 -0.19838
0.187436 -0.164292
0.274561 -0.299101
0.165181 -0.124994
-0.011216 0.153067
0.175466 -0.140187
0.111857 -0.039222
0.191588 -0.164076
0.191581 -0.162893
0.063884 0.036888
0.037016 0.078929
0.059503 0.043895
0.022232 0.103682
0.330394 -0.372266
0.334952 -0.379187
0.167293 -0.119246
0.30592 -0.330175
0.338342 -0.37939
0.059262 0.049462
0.225729 -0.203857
-0.032312 0.189929
0.137991 -0.069135
0.073145 0.030119
0.10454 -0.012529
0.054293 0.063493
-0.03536 0.197241
0.169944 -0.104566
0.315539 -0.316996
0.316395 -0.312896
0.138693 -0.0528
0.305618 -0.295255
0.090113 0.017824
0.183823 -0.117737
0.206773 -0.147786
0.373589 -0.385219
0.308118 -0.29023
0.370006 -0.378586
0.08563 0.028884
0.271105 -0.233328
0.126789 -0.028005
0.303503 -0.278734
0.162856 -0.077122
0.346763 -0.330981
0.256871 -0.203166
0.40295 -0.399357
0.041888 0.099313
0.038891 0.10345
0.337419 -0.3063
0.090616 0.034273
0.186418 -0.096584
0.18606 -0.094128
0.233659 -0.157437
0.118209 -0.000688
0.409946 -0.393505
0.275313 -0.207169
0.203646 -0.109292
0.171896 -0.066777
0.119491 0.003419
0.399125 -0.363179
0.205269 -0.107342
0.158265 -0.044988
0.186938 -0.081322
0.391628 -0.348341
0.424688 -0.391431
0.13981 -0.017185
0.136363 -0.010803
0.218046 -0.114916
0.047669 0.105457
0.149271 -0.024451
0.172349 -0.053578
0.318719 -0.23611
0.419851 -0.362854
0.054974 0.099681
0.358491 -0.284976
0.290886 -0.198635
0.423615 -0.364319
0.383857 -0.313211
0.433945 -0.372544
0.386245 -0.310209
0.145228 -0.009313
0.43175 -0.365927
-0.011014 0.18587
0.442376 -0.376639
0.367224 -0.281718
-0.067641 0.256585
0.197308 -0.067871
0.415962 -0.33537
0.36559 -0.273444
0.200128 -0.069352
0.34269 -0.243171
-0.075979 0.267416
0.442721 -0.363068
0.433949 -0.351596
0.178569 -0.041497
0.117168 0.033281
0.134358 0.012612
0.166558 -0.024792
0.397324 -0.302237
-0.070595 0.261469
0.465977 -0.384358
0.183652 -0.043955
0.321266 -0.20895
0.401592 -0.304368
0.381185 -0.278695
0.028718 0.143714
0.322416 -0.202721
0.306721 -0.183849
0.306165 -0.183113
0.305196 -0.18136
0.098295 0.064058
0.345067 -0.224635
0.329444 -0.205414
0.411335 -0.300903
0.198768 -0.05063
0.389461 -0.272383
0.449531 -0.342168
0.392919 -0.275395
0.124152 0.038245
0.338343 -0.20804
0.08188 0.088437
0.253439 -0.108067
0.28306 -0.141893
0.242109 -0.093608
0.417279 -0.293875
0.390141 -0.259084
0.236904 -0.084611
0.146482 0.018713
0.329862 -0.187621
0.096881 0.075542
0.457044 -0.328269
0.129006 0.040795
0.149766 0.018428
0.313882 -0.164852
0.50522 -0.371587
0.109717 0.066215
0.464255 -0.32557
0.145581 0.027119
0.196441 -0.028386
0.452149 -0.308992
0.348478 -0.194212
0.474477 -0.327718
0.286435 -0.122736
0.321514 -0.160191
0.10256 0.078641
0.377244 -0.216765
0.400082 -0.240636
0.206137 -0.030774
0.51739 -0.364357
0.008714 0.182213
0.327831 -0.156772
0.08363 0.103706
0.097911 0.089567
0.015636 0.176584
0.120521 0.066305
0.416611 -0.244335
0.082229 0.107235
0.477878 -0.306479
0.184403 0.001091
0.544454 -0.37546
0.285695 -0.103706
0.144961 0.043441
0.169894 0.0177
0.277428 -0.094173
0.063338 0.130299
0.537726 -0.359305
0.37023 -0.185561
0.459167 -0.276612
0.461725 -0.279221
0.476456 -0.293503
0.323556 -0.133894
0.442317 -0.254862
0.348535 -0.158053
0.282665 -0.089966
0.526475 -0.336757
0.495559 -0.305353
0.33252 -0.139778
0.449923 -0.257848
0.465091 -0.272702
-0.009926 0.208456
0.483035 -0.28786
0.310393 -0.113624
0.366911 -0.170081
0.513029 -0.316133
0.263726 -0.06412
0.371515 -0.171252
0.344397 -0.143946
0.427094 -0.226329
0.276729 -0.076206
0.443722 -0.242313
0.479424 -0.277663
0.18076 0.020138
0.15738 0.043607
0.585948 -0.380681
0.197723 0.005016
0.184727 0.018296
0.085178 0.11694
0.255955 -0.051021
0.126181 0.077224
0.475478 -0.265038
0.41613 -0.205204
-0.013027 0.21495
0.3965 -0.183148
0.576662 -0.357982
0.572006 -0.353231
0.465914 -0.250124
0.525117 -0.307207
0.443416 -0.227118
0.570866 -0.350436
0.076166 0.129177
0.25749 -0.044599
0.362131 -0.144765
0.214976 -0.002039
0.583969 -0.354065
0.444226 -0.219879
0.168818 0.04406
0.354699 -0.132734
0.156088 0.057281
0.200395 0.015488
0.584213 -0.34701
0.467719 -0.23681
0.363606 -0.137507
0.179477 0.036859
0.474168 -0.239732
0.238127 -0.0178
0.123117 0.091823
0.340819 -0.111234
0.02663 0.18257
0.383916 -0.148604
0.531218 -0.284816
0.470808 -0.226276
0.568711 -0.316103
0.524547 -0.273665
0.400057 -0.158192
0.090604 0.125524
0.35164 -0.113424
0.44636 -0.199927
0.491488 -0.238078
0.331038 -0.091168
0.356659 -0.114252
0.239783 -0.007553
0.390306 -0.141788
0.374084 -0.126918
0.475852 -0.217722
0.391471 -0.139098
0.528896 -0.260279
0.569389 -0.294682
0.513223 -0.244578
0.15492 0.074551
0.211749 0.024296
0.113355 0.111933
0.391842 -0.13235
0.428577 -0.164348
0.307121 -0.05704
0.540898 -0.262054
0.357162 -0.098744
0.426272 -0.15877
0.345682 -0.088306
0.56169 -0.273941
0.28786 -0.035044
0.587131 -0.29299
0.450243 -0.172294
0.469641 -0.188457
0.067722 0.157559
-0.01378 0.227315
0.598766 -0.295607
0.166511 0.07389
0.315361 -0.052834
0.024038 0.195803
0.365679 -0.093613
0.292194 -0.031234
0.245647 0.008736
0.048288 0.175911
0.582624 -0.274733
0.232317 0.021325
0.524945 -0.224841
0.209658 0.04082
0.172642 0.072095
0.408198 -0.125256
0.384181 -0.105052
0.443077 -0.153285
0.533039 -0.227946
0.365377 -0.087567
0.510856 -0.208636
0.284843 -0.019588
0.51849 -0.212847
0.328479 -0.054123
0.327275 -0.051888
0.425338 -0.130676
0.356322 -0.072659
0.346273 -0.063175
0.488132 -0.178823
0.418509 -0.121673
-0.026009 0.241097
0.299953 -0.022873
0.277827 -0.00487
0.285221 -0.010634
0.59811 -0.264071
0.490755 -0.176899
0.185064 0.070876
0.077387 0.158272
0.482479 -0.168021
0.533995 -0.207079
0.527429 -0.198992
0.477454 -0.158914
0.075316 0.163166
0.546297 -0.206856
0.186974 0.076702
0.531538 -0.193448
0.186204 0.077438
0.313091 -0.021631
0.42246 -0.105852
0.29297 -0.00471
0.53573 -0.193008
0.386447 -0.075894
0.243044 0.036078
0.593868 -0.235503
0.571328 -0.217216
0.417036 -0.097224
0.284134 0.007654
0.267568 0.020945
0.204643 0.069145
0.598976 -0.232209
0.146334 0.113806
0.025652 0.206095
0.185453 0.085667
0.584236 -0.215844
0.148485 0.115043
0.07725 0.168865
0.542545 -0.178748
0.406434 -0.076266
0.463499 -0.118503
0.517129 -0.158287
0.334009 -0.020779
0.507669 -0.143642
0.097823 0.157262
0.503405 -0.137157
0.275973 0.02962
0.483131 -0.12025
0.337731 -0.0148
0.446503 -0.090551
0.307802 0.009513
0.340573 -0.013283
0.248881 0.052905
0.553567 -0.163928
0.440263 -0.083016
0.29259 0.024891
0.563924 -0.164022
0.393197 -0.043913
0.483202 -0.10483
0.036091 0.208301
0.361948 -0.016245
0.575512 -0.163728
0.361842 -0.013017
0.132688 0.144327
0.333771 0.007448
0.070044 0.187315
0.4424 -0.064633
0.204125 0.097303
0.344418 0.00259
0.498671 -0.100048
0.391751 -0.028034
0.533172 -0.123195
0.036888 0.211024
0.219007 0.088875
0.475521 -0.083255
0.286159 0.046273
0.394313 -0.024868
0.359556 -0.001604
0.584334 -0.150278
0.413731 -0.036852
0.0164 0.226239
0.398859 -0.025452
0.361311 -0.000579
0.214642 0.096757
0.528923 -0.106664
0.296603 0.045928
0.326291 0.027091
-0.048903 0.27038
0.57453 -0.132685
0.456583 -0.056191
0.069779 0.194822
0.522985 -0.094354
0.594024 -0.136107
0.361794 0.011713
0.444808 -0.039602
0.058662 0.205118
0.477403 -0.052086
0.422023 -0.017698
0.599181 -0.126601
0.35223 0.025445
0.199546 0.119612
0.029178 0.224411
0.09089 0.186594
0.303036 0.057513
0.525802 -0.078358
0.332218 0.04228
0.175599 0.137427
0.447367 -0.026639
0.524937 -0.072684
0.176306 0.140607
0.505358 -0.053329
0.462674 -0.026267
0.435971 -0.009602
0.589893 -0.097422
0.481396 -0.029839
0.331673 0.05662
0.562249 -0.074727
0.400242 0.019128
0.462414 -0.015427
0.522033 -0.049117
0.277086 0.091087
0.383749 0.031128
0.16156 0.15671
-0.090943 0.29941
0.247692 0.111003
0.570148 -0.068342
0.53837 -0.0503
0.518898 -0.038041
0.54527 -0.052377
0.032841 0.231158
0.46512 -0.007268
0.543587 -0.050085
0.495821 -0.021378
0.446086 0.006441
0.330909 0.072505
0.248199 0.117398
0.287089 0.09679
0.025203 0.237675
0.316443 0.081909
0.570859 -0.053012
0.178645 0.157678
0.37989 0.055173
0.521684 -0.018275
0.564935 -0.040663
0.248197 0.125325
0.272628 0.115758
0.206723 0.149306
0.286469 0.108992
0.56554 -0.030122
0.025889 0.242143
0.586073 -0.037202
0.251183 0.130103
0.216846 0.14809
0.35646 0.079488
0.368123 0.074307
0.251573 0.13216
0.381559 0.068671
0.597398 -0.035742
0.446196 0.038217
0.273584 0.123829
0.373874 0.075694
0.171702 0.174259
0.506841 0.013074
0.558327 -0.011345
0.504549 0.015617
0.484234 0.027386
0.483671 0.028254
0.596618 -0.025292
0.534177 0.005329
0.500367 0.021492
0.329486 0.103475
0.384257 0.07786
0.017557 0.250345
0.206581 0.161811
0.569947 -0.008341
0.597673 -0.020908
0.174207 0.177302
0.45188 0.047972
0.412576 0.067514
0.256074 0.142243
0.558233 0.006274
0.291577 0.127988
0.184652 0.176892
0.063426 0.232244
0.491677 0.041319
-0.043593 0.280652
0.360011 0.100803
0.28227 0.138086
0.576307 0.011861
0.436964 0.07266
0.524095 0.035923
0.384337 0.097593
0.590646 0.010572
-0.002363 0.264307
0.468897 0.064037
0.122016 0.212866
0.421258 0.088733
0.293465 0.142843
0.145791 0.204532
0.292632 0.145158
0.444992 0.084892
0.259653 0.160341
0.585049 0.028328
0.500896 0.066818
0.537664 0.055593
0.482059 0.082356
-0.01536 0.274027
0.591975 0.043084
0.221046 0.185323
0.369613 0.132994
0.424671 0.114073
0.53623 0.073188
0.412861 0.118611
0.356876 0.140066
0.179736 0.205405
0.555829 0.071851
0.582951 0.063662
0.549027 0.077755
0.554212 0.076761
0.201259 0.201852
0.543501 0.082884
0.317127 0.165237
0.303521 0.170602
0.530897 0.095802
0.285066 0.180464
0.043191 0.260184
0.327179 0.167536
0.584754 0.083386
0.295985 0.179119
0.365598 0.156863
0.478588 0.120718
0.483467 0.119253
0.508372 0.112142
0.568917 0.093737
0.213234 0.20848
0.473878 0.127866
0.515706 0.115132
0.378964 0.158454
0.179591 0.220567
0.263106 0.195097
0.389802 0.158212
0.358405 0.168305
0.593345 0.102074
0.221859 0.212177
0.432233 0.150937
0.310125 0.187931
0.197189 0.222318
0.187779 0.22538
0.011152 0.275953
0.585107 0.113608
0.44873 0.152485
0.577184 0.116425
0.409664 0.163937
0.375445 0.17534
0.501307 0.141025
0.323107 0.190969
0.232998 0.215914
0.525358 0.135717
0.527151 0.136162
0.176559 0.232622
0.405165 0.171254
0.393962 0.178748
0.531014 0.147941
0.437611 0.172026
0.329238 0.199653
0.347275 0.197278
-0.050547 0.295945
0.445035 0.175788
0.568335 0.146564
0.474368 0.170758
0.396506 0.18961
0.332575 0.20605
0.376322 0.197101
0.308288 0.213143
0.213906 0.236591
0.077011 0.268331
0.508157 0.170764
0.477373 0.181836
0.444145 0.189667
0.560564 0.167682
0.592885 0.16111
0.50203 0.180847
0.419505 0.198414
0.480202 0.185935
0.305643 0.223321
0.445719 0.194218
0.479342 0.188419
0.526963 0.178653
0.373828 0.211088
0.498018 0.185853
0.100386 0.267928
0.160553 0.256241
0.591038 0.170458
0.373929 0.214074
0.454879 0.199238
0.160648 0.258033
0.041146 0.28136
0.584617 0.17597
0.399165 0.212571
0.360575 0.220226
0.48166 0.197038
0.478099 0.198391
0.547812 0.18548
0.231957 0.246319
0.463279 0.202757
0.210488 0.25042
0.475265 0.20067
0.246942 0.244925
0.014139 0.287957
0.430813 0.2123
0.580168 0.187724
0.421158 0.216401
0.358561 0.22896
0.40383 0.222282
0.575825 0.194354
0.594697 0.192433
0.4603 0.217312
-0.035652 0.298628
0.339629 0.2403
0.248598 0.254881
0.206758 0.262447
0.199843 0.263817
0.363126 0.23957
0.173784 0.269181
0.331358 0.248013
0.151647 0.273994
0.438268 0.234113
0.567382 0.218546
0.227087 0.265026
0.278477 0.258403
0.061225 0.288013
0.597399 0.218561
0.530916 0.228562
0.4952 0.234692
0.352995 0.253232
0.083031 0.286999
0.18269 0.275241
0.397207 0.249274
0.044355 0.292331
0.025442 0.294809
0.234613 0.270312
0.142314 0.281202
0.105673 0.28589
0.45307 0.246007
0.568568 0.233485
0.276658 0.268004
0.102419 0.287441
0.303891 0.26638
0.363565 0.26061
0.575719 0.242445
0.078326 0.292212
0.509754 0.250185
0.50915 0.251253
0.535399 0.249625
0.359056 0.26878
0.097651 0.292796
0.524338 0.255844
0.011774 0.300508
0.445323 0.265518
0.276305 0.280349
-0.014543 0.303454
0.480702 0.266193
0.59925 0.259979
0.538792 0.266472
0.574639 0.266068
0.209496 0.290708
0.158642 0.29546
0.071142 0.300948
0.496487 0.278401
0.444204 0.28177
0.252676 0.293047
0.478542 0.284367
0.28814 0.293036
0.485671 0.284702
-0.001651 0.306293
-0.058854 0.308845
0.160885 0.300133
0.464525 0.289408
0.466419 0.290753
0.484684 0.290202
0.188153 0.301427
-0.035961 0.308667
0.439098 0.293929
0.473456 0.295166
0.343759 0.299389
0.038104 0.307346
0.553246 0.29741
0.272291 0.304241
0.473042 0.302487
0.398922 0.304048
0.383963 0.305066
0.296631 0.306451
0.142393 0.308994
0.011183 0.310991
0.166232 0.311159
0.527668 0.31193
0.181656 0.31258
0.08368 0.312162
0.538354 0.315421
0.583516 0.317546
0.502229 0.320055
0.313602 0.318795
0.080318 0.314695
0.189825 0.319141
0.337097 0.323639
0.596717 0.338427
0.464766 0.333533
0.287265 0.32728
0.516959 0.337175
0.34392 0.330041
0.576989 0.339832
0.524014 0.337885
0.54229 0.340937
0.443243 0.336507
0.594935 0.344573
0.54315 0.343501
0.175152 0.325618
0.185956 0.32773
0.387508 0.339087
0.281784 0.333303
0.473904 0.345095
0.538687 0.350126
0.067756 0.322032
0.519696 0.351013
0.279284 0.335807
0.447982 0.347098
0.151917 0.328201
0.572603 0.355663
0.428168 0.347197
0.484611 0.351608
0.560741 0.357838
0.584057 0.360235
0.538598 0.357843
0.453661 0.352945
0.571762 0.361802
0.463912 0.355527
0.539858 0.362159
0.467538 0.35668
0.590779 0.368738
0.556784 0.365953
0.29539 0.345248
0.039473 0.324012
0.587485 0.372
0.42327 0.358458
0.481944 0.364091
0.452031 0.363026
0.351383 0.356984
0.074241 0.329916
0.17087 0.339791
0.531016 0.377362
0.250631 0.349764
0.044208 0.327758
0.557428 0.382723
0.167218 0.341414
0.519608 0.379799
0.445881 0.371993
0.257968 0.351577
0.566263 0.385543
0.338379 0.361007
0.301718 0.35815
0.457702 0.378898
0.162039 0.345501
0.365974 0.371993
0.348454 0.372496
0.56314 0.401287
0.413227 0.382145
0.267591 0.362694
0.457753 0.388934
0.169388 0.349579
0.17803 0.3519
0.361194 0.377948
0.566923 0.407929
0.33098 0.374911
0.168283 0.351602
0.181268 0.353702
0.376603 0.382171
0.333132 0.376523
0.505208 0.403271
0.373839 0.384539
0.540489 0.410418
0.276335 0.370489
0.243383 0.366039
0.128021 0.348203
0.566292 0.418464
0.036017 0.334476
0.281079 0.373748
0.280885 0.373772
0.550174 0.416838
0.137064 0.351571
0.428498 0.405016
0.38915 0.398839
0.331164 0.392461
0.267891 0.383903
0.501001 0.431464
0.409088 0.414634
0.569261 0.448686
0.101923 0.354277
0.366315 0.409801
0.506379 0.440846
0.435396 0.426786
0.308449 0.399966
0.25977 0.390139
0.38878 0.420545
0.144454 0.367426
0.378192 0.419732
0.328124 0.409442
0.505744 0.449641
0.269428 0.398354
0.556475 0.465689
0.225184 0.389622
0.294138 0.405995
0.383021 0.427439
0.43339 0.439967
0.559166 0.471948
0.432796 0.441955
0.271565 0.404977
0.566454 0.478388
0.510241 0.465701
0.265041 0.404952
0.174487 0.38286
0.139823 0.375314
0.55521 0.48241
0.06993 0.357776
0.10843 0.367719
0.57087 0.487148
0.345943 0.429325
0.177304 0.385799
0.093328 0.364922
0.37631 0.440354
0.172875 0.387893
0.475697 0.469711
0.097247 0.367649
0.518038 0.481657
0.449494 0.463301
0.501058 0.479627
0.186902 0.393696
0.386703 0.44957
0.131955 0.378802
0.427865 0.461438
0.540345 0.495929
0.394886 0.455004
0.323092 0.435349
0.330805 0.438498
0.316765 0.434701
0.50531 0.489988
0.237903 0.413181
0.566518 0.51299
0.568963 0.515264
0.245355 0.418559
0.490303 0.494902
0.117705 0.381435
0.373966 0.460933
0.378903 0.463444
0.321419 0.445647
0.17974 0.401975
0.416171 0.479325
0.457626 0.494398
0.448882 0.492306
0.316522 0.450101
0.586919 0.543
0.383371 0.476136
0.319174 0.455326
0.282872 0.443966
0.468859 0.507699
0.240578 0.430677
0.167267 0.406277
0.598565 0.559086
0.473926 0.519215
0.52158 0.536258
0.430882 0.506483
0.554015 0.550951
0.354673 0.479677
0.235134 0.436645
0.431734 0.507848
0.498596 0.533589
0.354663 0.484061
0.545671 0.555745
0.29169 0.462469
0.090713 0.387314
0.520096 0.549435
0.130637 0.402905
0.487849 0.539678
0.518249 0.551621
0.236654 0.44476
0.425118 0.519459
0.133508 0.406661
0.070877 0.382345
0.559514 0.573658
0.517252 0.557521
0.494282 0.54857
-0.072638 0.326426
0.519712 0.56005
0.491776 0.549385
0.355481 0.495936
0.255446 0.457989
0.559121 0.582114
0.260788 0.462013
0.332462 0.492688
0.514918 0.567489
0.478569 0.554248
0.480728 0.556072
0.367749 0.510687
0.570998 0.596074
0.530446 0.579175
0.490058 0.562582
0.484566 0.561947
0.287057 0.47926
0.397931 0.526683
0.088126 0.395906
0.548105 0.592814
0.538428 0.591423
0.226913 0.457908
0.324069 0.501584
0.215131 0.455504
0.27376 0.481668
0.251515 0.474125
0.297709 0.496032
0.464817 0.572401
0.503702 0.590418
0.366349 0.528833
0.208827 0.457814
-0.05854 0.335567
0.430028 0.562297
0.347215 0.52624
0.270845 0.490831
0.270145 0.492495
0.174061 0.447449
0.464713 0.588983
0.282951 0.501563
0.248026 0.486404
0.126288 0.427522
0.184785 0.456366
0.325441 0.526698
0.146487 0.439746
0.262486 0.497695
0.385668 0.560139
0.443569 0.589711
0.29432 0.515406
0.188766 0.463182
0.113619 0.425448
0.39257 0.567427
0.103649 0.420582
0.12363 0.430832
0.311454 0.526845
-0.00595 0.365766
-0.009391 0.364246
0.26878 0.509085
0.092912 0.418406
0.029781 0.385435
0.339076 0.549781
0.052321 0.398223
0.096064 0.421464
0.227642 0.491735
0.187236 0.470562
0.060223 0.40298
0.344646 0.558354
0.24405 0.504517
0.394699 0.586752
-0.009763 0.367135
0.000549 0.372904
0.178985 0.472524
0.194821 0.482993
0.149281 0.457989
0.15722 0.463779
0.345557 0.570783
-0.038369 0.352852
0.010021 0.380566
0.201981 0.490428
-0.013398 0.368091
0.370903 0.590882
0.064548 0.414907
0.080788 0.424779
0.231355 0.516179
0.255391 0.530667
0.350128 0.591218
0.248827 0.529956
0.355357 0.595075
0.04416 0.406297
0.251981 0.533565
0.175295 0.486953
0.176635 0.489688
0.340999 0.591544
-0.005706 0.37679
0.086645 0.435773
0.099993 0.444772
0.300742 0.581851
0.06437 0.427699
0.262098 0.559762
0.301529 0.586206
0.173706 0.502983
0.091501 0.449572
0.282461 0.579737
0.296056 0.589302
0.129333 0.476848
0.211962 0.534552
0.304447 0.598721
0.097154 0.455497
0.207892 0.532692
0.251767 0.563652
0.247875 0.565342
0.198251 0.539923
0.07229 0.448102
0.26581 0.593493
-0.06146 0.349479
0.133819 0.499188
0.254005 0.593278
-0.00738 0.391667
0.184081 0.541944
0.249863 0.59807
0.02136 0.424244
0.005874 0.412878
0.208599 0.588966
0.169988 0.556096
0.186138 0.570625
0.058147 0.459349
0.168585 0.559066
-0.040857 0.377205
0.149578 0.555165
0.126268 0.535178
0.181281 0.59314
0.054814 0.475298
0.103785 0.525141
0.144143 0.570702
0.140321 0.572713
0.02835 0.456713
0.0924 0.53286
0.090313 0.534629
-0.095073 0.329974
-0.017078 0.419307
-0.054281 0.377676
0.020783 0.469192
-0.029142 0.409933
0.037519 0.493521
-0.045192 0.397437
0.051589 0.525477
0.073218 0.556443
0.046227 0.520664
-0.027244 0.423889
-0.05418 0.388444
0.038201 0.534349
-0.021691 0.446445
0.059151 0.572143
0.041085 0.54985
-0.051316 0.406389
0.066881 0.595523
-0.01484 0.470528
-0.062469 0.394191
0.025502 0.546227
-0.03464 0.447448
0.003747 0.518309
0.037502 0.58199
-0.000438 0.530428
0.019959 0.581357
0.009124 0.563969
0.002156 0.553307
-0.052089 0.448058
-0.102615 0.332298
-0.086406 0.370092
-0.019544 0.528268
-0.041059 0.478123
-0.036664 0.492434
-0.065209 0.424405
-0.024564 0.523408
-0.102778 0.334206
-0.010947 0.570881
-0.00881 0.578093
-0.014594 0.565338
-0.019676 0.55268
-0.104212 0.331038
-0.064299 0.442301
-0.044811 0.496502
-0.060737 0.457452
-0.029535 0.551074
-0.025085 0.577726
-0.020524 0.598182
-0.088877 0.38344
-0.036445 0.570419
-0.047222 0.54227
-0.041282 0.576734
-0.049013 0.548876
-0.05774 0.518586
-0.066612 0.485906
-0.059529 0.515696
-0.062191 0.563566
-0.090769 0.420237
-0.056471 0.599278
-0.068554 0.571239
-0.064842 0.598187
-0.069378 0.575775
-0.075416 0.552584
-0.070336 0.588545
-0.089786 0.468719
-0.089756 0.495939
-0.091695 0.519783
-0.085432 0.594973
-0.102588 0.450983
-0.103159 0.514655
-0.107311 0.419173
-0.108829 0.382561
-0.101985 0.571187
-0.106508 0.470138
-0.111149 0.44362
-0.111197 0.501135
-0.114573 0.553644
-0.117414 0.562551
-0.116388 0.475208
-0.116658 0.459809
-0.11288 0.329944
-0.125091 0.509612
-0.116119 0.365257
-0.135542 0.586412
-0.150379 0.594095
-0.141771 0.497527
-0.122833 0.374253
-0.143255 0.486304
-0.136198 0.446493
-0.163817 0.598608
-0.167985 0.599038
-0.118825 0.346367
-0.130616 0.394788
-0.177488 0.599347
-0.15681 0.505736
-0.170703 0.551206
-0.182913 0.586796
-0.147909 0.450974
-0.155244 0.473215
-0.131459 0.380476
-0.165071 0.491869
-0.153156 0.444639
-0.126671 0.358756
-0.199386 0.587751
-0.191507 0.55398
-0.157623 0.440417
-0.180806 0.502396
-0.204081 0.560585
-0.152797 0.418874
-0.12514 0.345918
-0.201664 0.537755
-0.204068 0.542202
-0.148774 0.403585
-0.223463 0.58936
-0.208654 0.551591
-0.186332 0.48638
-0.224181 0.567601
-0.174677 0.440078
-0.211418 0.514203
-0.253336 0.595155
-0.173326 0.433574
-0.244844 0.568187
-0.244409 0.561619
-0.238905 0.551151
-0.151402 0.381311
-0.216253 0.49068
-0.231946 0.517523
-0.194113 0.452481
-0.168664 0.406842
-0.261705 0.560761
-0.250693 0.535544
-0.229018 0.499869
-0.22026 0.482734
-0.253348 0.534974
-0.269129 0.55301
-0.29943 0.588691
-0.246133 0.507173
-0.227774 0.475341
-0.249836 0.504831
-0.257657 0.512386
-0.201273 0.430467
-0.151175 0.36278
-0.298718 0.555086
-0.149035 0.359601
-0.286841 0.537255
-0.241328 0.474441
-0.215687 0.438424
-0.300361 0.540531
-0.274456 0.508934
-0.268356 0.498956
-0.293912 0.529516
-0.318251 0.542404
-0.317794 0.540642
-0.358267 0.582858
-0.214409 0.423706
-0.318264 0.536187
-0.336139 0.554999
-0.342916 0.559323
-0.360921 0.576203
-0.235778 0.439999
-0.216328 0.419736
-0.382937 0.590347
-0.273697 0.47375
-0.361345 0.558929
-0.325902 0.523146
-0.39672 0.592426
-0.382552 0.576396
-0.27585 0.471479
-0.269073 0.463612
-0.278027 0.470847
-0.247313 0.43644
-0.210035 0.40184
-0.333553 0.515311
-0.337234 0.517908
-0.3636 0.538726
-0.371052 0.542795
-0.303628 0.470465
-0.276562 0.445279
-0.339764 0.495807
-0.372377 0.521856
-0.327989 0.482838
-0.3693 0.515592
-0.363896 0.50602
-0.376168 0.513645
-0.196617 0.376052
-0.322971 0.46601
-0.311464 0.45232
-0.351825 0.48066
-0.152983 0.340152
-0.395641 0.504392
-0.220543 0.384659
-0.2337 0.393483
-0.397023 0.500183
-0.195484 0.364107
-0.233485 0.388
-0.378656 0.478774
-0.354198 0.461585
-0.393974 0.485573
-0.241382 0.390588
-0.295623 0.422143
-0.227 0.378521
-0.213864 0.369369
-0.309394 0.414882
-0.39713 0.458917
-0.247138 0.381104
-0.260778 0.388079
-0.315222 0.415867
-0.299851 0.406406
-0.268521 0.389645
-0.308814 0.407612
-0.340243 0.42233
-0.216339 0.359734
-0.189534 0.344334
-0.176919 0.338758
-0.292239 0.386798
-0.290284 0.384432
-0.283121 0.379343
-0.381606 0.414411
-0.368051 0.405045
-0.380127 0.405187
-0.263911 0.361627
-0.292609 0.371042
-0.229172 0.349902
-0.320971 0.374956
-0.269347 0.357124
-0.319621 0.370713
-0.346705 0.374314
-0.253157 0.347744
-0.246926 0.343976
-0.219673 0.336675
-0.29659 0.354407
-0.371301 0.36886
-0.381065 0.362168
-0.344491 0.352265
-0.398389 0.360132
-0.134401 0.314894
-0.32681 0.34714
-0.286235 0.337179
-0.210844 0.32483
-0.286189 0.330125
-0.323256 0.333697
-0.279038 0.328243
-0.36259 0.334842
-0.192124 0.317372
-0.222681 0.319212
-0.216574 0.317938
-0.371493 0.327143
-0.334185 0.324097
-0.379081 0.3253
-0.306536 0.318529
-0.398154 0.316614
-0.349287 0.310688
-0.272692 0.307672
-0.33113 0.305739
-0.376368 0.301954
-0.365144 0.299219
-0.192954 0.307178
-0.391816 0.29084
-0.254134 0.299133
-0.292582 0.295393
-0.2417 0.299067
-0.240821 0.295597
-0.37146 0.27646
-0.316067 0.283658
-0.384242 0.271108
-0.354267 0.275379
-0.220997 0.294049
-0.393793 0.2633
-0.311937 0.274888
-0.386576 0.257455
-0.305188 0.272056
-0.217823 0.287485
-0.344261 0.25752
-0.240488 0.281049
-0.356022 0.253633
-0.279405 0.269544
-0.234247 0.277512
-0.179158 0.292388
-0.394226 0.228293
-0.201334 0.279919
-0.334042 0.232314
-0.254864 0.254429
-0.291792 0.239116
-0.284734 0.240668
-0.194408 0.276266
-0.341782 0.211298
-0.268604 0.242265
-0.355304 0.202865
-0.359556 0.196489
-0.315634 0.215975
-0.318251 0.214546
-0.252235 0.24516
-0.391742 0.176967
-0.345417 0.197757
-0.367004 0.179809
-0.275245 0.225247
-0.257357 0.23347
-0.261518 0.228061
-0.267285 0.224851
-0.159777 0.28425
-0.266172 0.22375
