1
2000 1
-0.045756 0.434952
0.009243 0.465691
0.070918 0.510053
0.049908 0.493505
0.01497 0.46243
0.109233 0.538856
0.120186 0.544844
0.045449 0.473971
0.002184 0.441448
0.002487 0.446476
-0.02039 0.429016
-0.013284 0.425234
-0.035682 0.408186
-0.009461 0.413185
-0.033299 0.400383
-0.020199 0.40039
-0.036274 0.39777
-0.040882 0.390995
0.000682 0.400762
0.038671 0.413157
0.019936 0.395101
0.061946 0.405358
0.050919 0.414719
0.092939 0.418927
0.103746 0.415534
0.101201 0.405562
0.145538 0.412306
0.145722 0.402996
0.205465 0.408646
0.123348 0.393378
0.176582 0.397716
0.238156 0.394529
0.355001 0.386161
0.211467 0.39845
0.23156 0.398772
0.247432 0.404754
0.274409 0.399642
0.378073 0.392885
0.459554 0.384323
0.281873 0.385812
0.416722 0.384296
0.269587 0.384751
0.198939 0.381833
0.197914 0.386969
0.178257 0.382067
0.180989 0.386898
0.141274 0.385988
0.018835 0.378947
0.126679 0.379788
0.468943 0.383991
0.132664 0.379179
0.547104 0.375349
0.621483 0.370278
0.609382 0.369046
0.51915 0.36742
0.392314 0.369982
0.342583 0.370253
0.509256 0.371157
0.315848 0.372987
0.332584 0.374442
0.222271 0.376839
0.110363 0.375889
0.042567 0.373236
0.199733 0.361927
0.207178 0.362918
0.246824 0.359194
0.273131 0.361441
0.330314 0.358283
0.379339 0.356963
0.232297 0.363357
0.184532 0.369201
0.176755 0.372446
0.493711 0.361464
0.566961 0.360608
0.578056 0.36021
0.409017 0.356815
0.593703 0.359349
0.43059 0.356121
0.619342 0.357192
0.583431 0.349954
0.584677 0.352824
0.550053 0.351108
0.543994 0.35005
0.572814 0.344864
0.566812 0.344647
0.49515 0.348525
0.501103 0.344454
0.34302 0.349866
0.240883 0.356413
0.142981 0.363144
0.245202 0.355454
0.232279 0.355014
0.215861 0.355296
0.13924 0.362545
0.103558 0.366234
0.056137 0.370342
-0.00149 0.368953
0.010467 0.367778
-0.015685 0.364971
0.088593 0.359841
0.140056 0.357699
0.52315 0.34073
0.085923 0.358707
0.078087 0.358582
0.127012 0.355082
0.10437 0.353636
0.062423 0.354191
0.329247 0.343336
0.36122 0.341592
0.379937 0.342606
0.584495 0.334032
0.472353 0.336886
0.654296 0.32742
0.623387 0.32824
0.114614 0.350341
0.368003 0.33846
0.350059 0.337831
0.549974 0.328312
0.507205 0.329047
0.444324 0.331087
0.457514 0.330093
0.657683 0.31976
0.661045 0.313932
0.654585 0.310656
0.648149 0.311776
0.596086 0.311442
0.501734 0.32224
0.454436 0.326015
0.447627 0.326438
0.432958 0.324901
0.460333 0.320194
0.408448 0.320873
0.347067 0.327161
0.401308 0.327871
0.151614 0.343753
0.041561 0.349709
0.047776 0.327883
0.066716 0.303714
0.075556 0.301288
0.090692 0.306362
0.061507 0.334567
0.055394 0.341193
0.107677 0.292647
0.121023 0.281093
0.070385 0.32921
0.068485 0.331434
0.111616 0.292656
0.096262 0.333123
0.113243 0.316671
0.132673 0.314203
0.144205 0.330868
0.142152 0.324173
0.137413 0.309832
0.136525 0.290142
0.132855 0.278013
0.136111 0.269395
0.130038 0.256484
0.091788 0.176159
0.093491 0.183296
0.112443 0.226093
0.108966 0.229136
0.088895 0.193678
0.105442 0.243171
0.114721 0.255736
0.073848 0.228719
0.119911 0.270185
0.11285 0.266733
0.082765 0.260251
0.080489 0.283399
0.07921 0.287585
0.06344 0.263327
0.065975 0.258579
0.059853 0.240598
0.01241 0.335698
0.036214 0.283208
0.013006 0.324235
0.055969 0.238192
0.063151 0.218808
0.02733 0.28772
-0.002839 0.346817
-0.004735 0.348437
-0.00333 0.34424
-0.006854 0.350277
0.010255 0.314366
0.024833 0.280142
0.015782 0.279323
0.016742 0.291662
0.005113 0.287745
-0.002176 0.276035
-0.011283 0.272754
0.017467 0.244472
0.026846 0.262345
0.031582 0.24822
0.045175 0.212304
0.025117 0.219837
0.017902 0.2237
0.017284 0.207675
0.029778 0.186708
0.062246 0.139932
0.057588 0.151988
0.069931 0.155505
0.056951 0.165416
0.030754 0.195412
0.067124 0.167451
0.075437 0.158516
0.081423 0.161228
0.089664 0.143725
0.162455 0.337741
0.126807 0.239181
0.133129 0.254568
0.137584 0.254774
0.140866 0.263388
0.112116 0.179864
0.113263 0.114425
0.12086 0.123706
0.113861 0.172572
0.12399 0.126826
0.133487 0.084028
0.124914 0.142691
0.131332 0.113675
0.132758 0.143785
0.143577 0.093437
0.127417 0.195327
0.138596 0.135939
0.150398 0.105404
0.157427 0.052217
0.148764 0.070655
0.158839 0.045094
0.147423 0.15039
0.155023 0.114708
0.172248 0.076427
0.160574 0.098686
0.197306 0.022283
0.18762 0.052226
0.201299 0.026768
0.198305 0.056696
0.237089 0.004025
0.173537 0.111264
0.206736 0.064504
0.211794 0.064527
0.232284 0.029091
0.248476 0.020916
0.241802 0.031054
0.233105 0.053536
0.22166 0.070856
0.209215 0.087596
0.207238 0.087511
0.197735 0.100567
0.171038 0.130764
0.152034 0.15569
0.147335 0.173034
0.127583 0.212637
0.148117 0.189311
0.156637 0.180107
0.166299 0.151193
0.151183 0.210232
0.141202 0.262498
0.152382 0.2219
0.143188 0.259783
0.166885 0.207653
0.155432 0.27415
0.158906 0.303073
0.165106 0.258583
0.165629 0.260505
0.172534 0.31649
0.169422 0.168618
0.171765 0.188979
0.173867 0.236472
0.174093 0.183889
0.174235 0.182973
0.176202 0.308656
0.187671 0.309131
0.202051 0.329042
0.196636 0.307851
0.204276 0.306783
0.231995 0.322977
0.236079 0.320302
0.219314 0.247467
0.217416 0.242445
0.1986 0.2896
0.199037 0.273369
0.206257 0.238086
0.201542 0.227071
0.198121 0.229753
0.193184 0.201081
0.195288 0.247123
0.190874 0.259594
0.182676 0.150823
0.191893 0.150777
0.199307 0.1682
0.200427 0.165351
0.202902 0.171564
0.21689 0.210474
0.240691 0.283289
0.243353 0.271957
0.253084 0.30236
0.254891 0.329273
0.25674 0.299271
0.266485 0.228055
0.269207 0.182457
0.261029 0.210203
0.240822 0.273283
0.270705 0.170625
0.264702 0.187134
0.260371 0.173757
0.261153 0.146502
0.24169 0.25177
0.244741 0.176749
0.2417 0.215437
0.239464 0.1101
0.237623 0.160994
0.238337 0.255977
0.224649 0.159635
0.229479 0.142592
0.214542 0.142462
0.204342 0.155365
0.200244 0.117229
0.218696 0.078643
0.229469 0.082873
0.238452 0.093113
0.263413 0.096098
0.270389 0.08173
0.259047 0.092049
0.246231 0.0596
0.231683 0.057579
0.239635 0.048859
0.264641 0.01365
0.27415 0.007106
0.274414 0.064259
0.27814 0.017646
0.279564 0.046018
0.285177 -0.009124
0.295657 -0.0146
0.368246 -0.027258
0.288779 0.000551
0.346163 -0.015377
0.321843 -0.005864
0.322709 -0.002393
0.298174 0.013693
0.333153 -0.000981
0.293263 0.018218
0.294103 0.022621
0.293407 0.033901
0.352522 0.002782
0.302835 0.046126
0.351401 0.008078
0.363384 -0.013284
0.366982 -0.01537
0.385154 -0.026893
0.423575 -0.040336
0.360902 0.001485
0.419624 -0.029388
0.313384 0.042247
0.339857 0.030638
0.411221 -0.019841
0.421349 -0.020097
0.414742 -0.015785
0.330561 0.038337
0.295391 0.067747
0.322124 0.068754
0.329189 0.062524
0.349203 0.03323
0.368958 0.026526
0.388002 0.012207
0.341144 0.057076
0.432829 -0.012763
0.4009 0.013391
0.42439 0.001541
0.428598 0.003128
0.347498 0.057535
0.358107 0.051146
0.348815 0.061816
0.368626 0.056516
0.369663 0.071668
0.347297 0.104721
0.318547 0.102751
0.275194 0.128723
0.280218 0.136221
0.281336 0.134339
0.285576 0.188984
0.281682 0.223384
0.267763 0.242303
0.266936 0.264332
0.264141 0.286893
0.259547 0.329118
0.263414 0.316031
0.279532 0.32762
0.279828 0.280322
0.281444 0.259981
0.285297 0.273218
0.285628 0.327575
0.292235 0.324354
0.304389 0.320201
0.309826 0.31806
0.296945 0.243086
0.320704 0.30188
0.321859 0.302396
0.320307 0.248747
0.303956 0.19167
0.298581 0.172615
0.297323 0.159706
0.322572 0.13841
0.283725 0.128069
0.302019 0.128919
0.310867 0.126887
0.299822 0.125949
0.339807 0.126747
0.316902 0.157566
0.336936 0.159059
0.355438 0.118625
0.353795 0.135477
0.346312 0.159388
0.341145 0.166087
0.327691 0.170634
0.317768 0.179406
0.338615 0.222824
0.344807 0.173371
0.347947 0.17219
0.34051 0.232094
0.335354 0.286742
0.334505 0.305571
0.336039 0.291513
0.339952 0.29407
0.349722 0.254898
0.354063 0.254788
0.349247 0.239811
0.34794 0.229474
0.353577 0.226663
0.364568 0.219216
0.348231 0.216433
0.37887 0.12136
0.3853 0.053445
0.390272 0.032984
0.395573 0.049599
0.397787 0.036446
0.413584 0.022738
0.410994 0.03732
0.384864 0.086508
0.391352 0.101646
0.384587 0.124506
0.392349 0.110317
0.38827 0.123535
0.392606 0.111697
0.404133 0.076093
0.406377 0.072049
0.387364 0.147396
0.422435 0.034688
0.384201 0.161171
0.379158 0.192519
0.375005 0.207795
0.387651 0.235813
0.39155 0.232764
0.417349 0.260407
0.400512 0.262201
0.397166 0.268631
0.393893 0.263764
0.385389 0.255182
0.371542 0.238349
0.371439 0.232269
0.363654 0.290434
0.370763 0.290626
0.369513 0.302282
0.383417 0.298516
0.41113 0.299854
0.39929 0.293854
0.396976 0.290271
0.384987 0.289607
0.402678 0.286094
0.405419 0.280985
0.422152 0.283462
0.431744 0.285743
0.437516 0.287348
0.481679 0.304071
0.422274 0.248828
0.431256 0.232811
0.441663 0.248296
0.44288 0.260926
0.471222 0.268484
0.470703 0.279405
0.492141 0.270306
0.482718 0.263716
0.492991 0.259969
0.553084 0.288698
0.5345 0.282272
0.511761 0.28478
0.52454 0.307177
0.58169 0.297277
0.600063 0.299198
0.608091 0.278768
0.566219 0.258342
0.552434 0.252528
0.555307 0.269755
0.491086 0.232386
0.496 0.236057
0.528761 0.261938
0.531142 0.267833
0.461188 0.232703
0.439905 0.225116
0.414643 0.219145
0.40419 0.210231
0.463739 0.222329
0.481482 0.228068
0.489105 0.21401
0.446924 0.209108
0.458377 0.204822
0.42057 0.200458
0.399242 0.198993
0.385217 0.193535
0.385451 0.181089
0.413342 0.178498
0.427057 0.177271
0.393491 0.177164
0.398998 0.166816
0.415314 0.169763
0.40652 0.162498
0.423873 0.168162
0.416083 0.161503
0.454559 0.178507
0.461992 0.18598
0.454073 0.185214
0.515215 0.206501
0.499709 0.194868
0.509774 0.193916
0.490224 0.178088
0.486738 0.176178
0.499982 0.191489
0.476896 0.179089
0.496509 0.193032
0.416737 0.152914
0.399704 0.146674
0.400919 0.146731
0.460686 0.165447
0.409399 0.14743
0.407295 0.142404
0.434063 0.131152
0.3999 0.135874
0.406238 0.128729
0.43451 0.124714
0.405335 0.100369
0.423422 0.111795
0.411814 0.099537
0.419759 0.10608
0.464072 0.132692
0.439105 0.125154
0.445386 0.13141
0.474359 0.14913
0.518076 0.177668
0.533543 0.182704
0.514489 0.168959
0.532931 0.156541
0.508263 0.148956
0.478758 0.128735
0.480923 0.131184
0.413282 0.073162
0.488683 0.128202
0.459482 0.102617
0.555887 0.16387
0.418937 0.069428
0.47744 0.083948
0.453264 0.050984
0.476851 0.066181
0.441265 -0.019203
0.462635 0.013536
0.511531 0.105927
0.517153 0.113923
0.538537 0.139912
0.516002 0.099149
0.511405 0.089894
0.465992 0.01491
0.46935 0.01618
0.460526 -0.011337
0.508578 0.083862
0.46057 -0.014944
0.525875 0.093284
0.540682 0.101597
0.52388 0.072511
0.510323 0.041062
0.493251 0.007986
0.510451 0.062823
0.473392 -0.01777
0.472488 -0.03304
0.503244 -0.034206
0.509318 -0.032388
0.506333 -0.015156
0.516659 -0.037257
0.516172 -0.032599
0.528065 0.047535
0.53729 0.073641
0.528317 0.018573
0.543613 0.084688
0.546436 0.120931
0.548521 0.079438
0.542847 0.059327
0.541113 0.040169
0.532729 0.00577
0.578122 0.151545
0.578199 0.171377
0.523603 0.23204
0.532325 0.227066
0.560837 0.246678
0.549577 0.247555
0.559578 0.253968
0.584094 0.256451
0.579985 0.252486
0.574938 0.243862
0.607114 0.264142
0.605733 0.254148
0.595129 0.238711
0.581068 0.232433
0.539904 0.224156
0.56139 0.211371
0.578727 0.221298
0.580323 0.219583
0.604094 0.237314
0.605527 0.230346
0.600186 0.23223
0.5968 0.228085
0.591756 0.181828
0.55952 0.074328
0.547778 0.017729
0.559742 0.062051
0.583684 0.140161
0.531766 -0.042808
0.544346 -0.023115
0.554228 0.009021
0.547759 -0.035126
0.556356 0.013169
0.576792 0.091309
0.55825 -0.007344
0.560312 -0.031535
0.567017 0.020194
0.567569 0.002119
0.581503 0.098529
0.586787 0.106737
0.583274 0.083641
0.586572 0.097683
0.569739 0.007558
0.582319 0.055342
0.590381 0.102421
0.597478 0.105734
0.597454 0.106354
0.591462 0.168474
0.602207 0.156501
0.607969 0.149716
0.610152 0.142516
0.63391 0.281362
0.638863 0.272669
0.640023 0.275911
0.634841 0.238417
0.644578 0.286371
0.645172 0.27561
0.629279 0.204513
0.61798 0.152881
0.623347 0.173424
0.649057 0.272945
0.634555 0.199836
0.609705 0.123331
0.662793 0.260102
0.664321 0.255884
0.635562 0.181277
0.682268 0.289126
0.637502 0.176337
0.667855 0.234358
0.682546 0.261282
0.664127 0.219178
0.690753 0.252158
0.671764 0.218122
0.608293 0.11535
0.6729 0.20857
0.633553 0.136245
0.654019 0.16882
0.641138 0.145125
0.63485 0.135303
0.636696 0.131903
0.609076 0.080347
0.589284 0.031017
0.572695 -0.014322
0.570465 -0.020664
0.594825 0.026331
0.600649 -0.0018
0.597123 -0.008065
0.597334 -0.018194
0.60046 -0.009038
0.621596 0.001991
0.624269 0.012521
0.626595 0.020361
0.613575 0.036329
0.638937 0.013363
0.645217 0.012307
0.64185 0.016155
0.643731 0.025835
0.64614 0.033374
0.648279 0.037553
0.664614 0.064712
0.671792 0.063544
0.690297 0.089044
0.674119 0.096463
0.668923 0.090488
0.632015 0.052806
0.627372 0.055933
0.612427 0.05296
0.648521 0.134417
0.63066 0.09901
0.601089 0.043926
0.677051 0.204007
0.701312 0.232682
0.702348 0.207112
0.701632 0.206513
0.683394 0.192159
0.677019 0.189089
0.691837 0.188089
0.718114 0.173619
0.702329 0.172971
0.680176 0.160563
0.67882 0.169485
0.683049 0.181686
0.664762 0.156974
0.660153 0.14785
0.718876 0.160836
0.735538 0.202413
0.74086 0.211084
0.752219 0.200026
0.740897 0.196075
0.777241 0.186397
0.769869 0.182994
0.788204 0.182528
0.800635 0.180561
0.764721 0.164269
0.770681 0.162034
0.716139 0.139979
0.701169 0.110221
0.703206 0.110291
0.681491 0.060474
0.695831 0.088739
0.676619 0.046268
0.681558 0.047738
0.672439 0.031922
0.665665 0.005026
0.663803 -0.001514
0.68898 0.026334
0.691342 0.020318
0.694596 0.03951
0.697384 0.028193
0.698168 0.019643
0.737275 0.045557
0.790139 0.097848
0.802936 0.104424
0.818081 0.115914
0.82627 0.124895
0.802571 0.113761
0.827981 0.136801
0.797927 0.11973
0.746035 0.093839
0.678908 0.048532
0.692098 0.05986
0.697652 0.074541
0.732497 0.093321
0.705428 0.08908
0.742137 0.111151
0.775797 0.125484
0.762639 0.116589
0.810842 0.133577
0.819918 0.145871
0.84613 0.179939
0.822712 0.16038
0.7934 0.135315
0.798388 0.146615
0.772908 0.132288
0.809684 0.164616
0.7899 0.149358
0.755033 0.133453
0.763102 0.143711
0.796968 0.174656
0.804581 0.176878
0.801756 0.161686
0.805449 0.178481
0.828651 0.194335
0.832555 0.199546
0.828282 0.204469
0.783981 0.215192
0.756478 0.2267
0.75026 0.232558
0.790072 0.218583
0.797642 0.232495
0.812614 0.21
0.816381 0.224158
0.839829 0.219352
0.849965 0.219624
0.857219 0.235647
0.80821 0.242195
0.833895 0.263746
0.805388 0.254646
0.798716 0.264191
0.784321 0.24658
0.765564 0.257581
0.769373 0.259571
0.781237 0.26047
0.780655 0.273534
0.789138 0.288618
0.813583 0.272524
0.826523 0.269279
0.804429 0.284005
0.828593 0.275014
0.845105 0.311777
0.847773 0.251253
0.850056 0.305118
0.850258 0.321287
0.857469 0.292578
0.854583 0.253601
0.865594 0.248189
0.86368 0.26603
0.868915 0.252732
0.859388 0.318438
0.859913 0.31593
0.865522 0.294721
0.87342 0.250154
0.847756 0.205973
0.85517 0.211319
0.861876 0.195899
0.87355 0.221849
0.871874 0.196093
0.876553 0.226341
0.880206 0.247604
0.883608 0.242183
0.88798 0.251416
0.929039 0.327298
0.933979 0.34016
0.888308 0.284621
0.883479 0.306901
0.93327 0.37055
0.937546 0.372406
0.916382 0.377503
0.912151 0.369391
0.909098 0.366739
0.907402 0.367099
0.907081 0.378226
0.901512 0.374367
0.886979 0.334909
0.888833 0.340514
0.872506 0.321473
0.881681 0.343217
0.898216 0.372754
0.882639 0.346592
0.880994 0.358779
0.893915 0.369674
0.931992 0.403296
0.939938 0.412955
0.926906 0.403061
0.920299 0.401248
0.90194 0.386905
0.914554 0.411455
0.894983 0.387969
0.915006 0.415095
0.917039 0.417415
0.93832 0.439682
0.943617 0.452334
0.920903 0.425331
0.903295 0.402335
0.899386 0.442044
0.89838 0.434651
0.900036 0.413182
0.894736 0.433357
0.889468 0.422915
0.897992 0.409475
0.889463 0.421903
0.887354 0.413972
0.829664 0.343183
0.828868 0.341554
0.868132 0.372325
0.89003 0.386803
0.869503 0.367865
0.852331 0.34633
0.804271 0.311662
0.818498 0.336842
0.826158 0.345362
0.80972 0.319178
0.842752 0.370174
0.838807 0.372823
0.837885 0.373737
0.843688 0.386823
0.835326 0.386287
0.859736 0.419033
0.843316 0.404105
0.802763 0.344016
0.781501 0.308078
0.808114 0.368261
0.803222 0.374152
0.804061 0.376425
0.812522 0.393671
0.857541 0.434758
0.872342 0.441527
0.847531 0.440143
0.851248 0.452589
0.860644 0.461468
0.886957 0.459605
0.888247 0.447107
0.892954 0.447563
0.93712 0.46102
0.868037 0.493772
0.87816 0.500533
0.942365 0.493954
0.893766 0.50331
0.914886 0.507128
0.919087 0.531848
0.926664 0.543539
0.906922 0.549459
0.916898 0.572186
0.905441 0.555043
0.922455 0.589371
0.917503 0.60191
0.894335 0.556863
0.904435 0.587361
0.913706 0.633792
0.883051 0.559835
0.858974 0.509828
0.887692 0.574826
0.861898 0.517669
0.891722 0.594554
0.856461 0.514211
0.838147 0.509219
0.855163 0.531629
0.846003 0.538467
0.848677 0.547123
0.86294 0.534029
0.865155 0.536972
0.86813 0.563649
0.898518 0.625516
0.877411 0.593466
0.880556 0.614606
0.862597 0.567
0.84823 0.553596
0.813681 0.424154
0.824554 0.528259
0.808097 0.406678
0.797452 0.396817
0.790675 0.434093
0.800606 0.42926
0.803115 0.426459
0.794444 0.456607
0.792998 0.473618
0.798953 0.45199
0.803547 0.431482
0.802335 0.43976
0.804847 0.436782
0.806303 0.438514
0.818097 0.490007
0.82028 0.520995
0.799346 0.498835
0.790241 0.478668
0.796553 0.500012
0.785285 0.477597
0.782038 0.374236
0.782437 0.36457
0.775163 0.356073
0.765983 0.380692
0.778307 0.392771
0.765593 0.402348
0.758529 0.386618
0.75679 0.379171
0.744802 0.408654
0.75524 0.412824
0.770383 0.437255
0.779479 0.476798
0.784656 0.485441
0.796171 0.503336
0.794482 0.512948
0.793729 0.522084
0.82134 0.622797
0.806699 0.518754
0.814094 0.554237
0.813875 0.547692
0.833438 0.567365
0.827932 0.603442
0.841693 0.60754
0.865359 0.609589
0.886746 0.666606
0.826764 0.605316
0.881135 0.664688
0.825216 0.609873
0.833874 0.618961
0.88857 0.678424
0.854436 0.694483
0.845894 0.709264
0.83062 0.649022
0.836074 0.678633
0.818404 0.640259
0.796131 0.556496
0.783172 0.497976
0.778928 0.488204
0.769656 0.474135
0.772031 0.497424
0.784426 0.528476
0.800535 0.608908
0.843659 0.718841
0.852773 0.741442
0.837003 0.708374
0.815503 0.660965
0.813761 0.675352
0.810604 0.645829
0.8033 0.661567
0.798872 0.720529
0.78846 0.762959
0.826636 0.704186
0.819658 0.724892
0.82118 0.748495
0.833657 0.737884
0.833942 0.759962
0.835131 0.761773
0.833378 0.768286
0.80713 0.793342
0.793024 0.803808
0.781386 0.773661
0.773352 0.804492
0.764145 0.82405
0.711444 0.870606
0.701369 0.880966
0.697849 0.877592
0.708596 0.863947
0.767082 0.787718
0.773162 0.775499
0.689297 0.858559
0.690444 0.868125
0.681074 0.87639
0.655743 0.900025
0.635743 0.908997
0.679784 0.863076
0.679228 0.861219
0.749629 0.789065
0.693063 0.823724
0.674635 0.840918
0.618312 0.919003
0.611197 0.917194
0.607429 0.921096
0.630197 0.892247
0.670773 0.832741
0.695272 0.800348
0.733546 0.777315
0.764198 0.770183
0.756317 0.777174
0.781446 0.760403
0.739482 0.766117
0.751022 0.746624
0.758506 0.732657
0.776427 0.708185
0.778256 0.706333
0.78311 0.70354
0.788123 0.691932
0.77369 0.704617
0.747771 0.723194
0.783539 0.661177
0.73493 0.737475
0.717449 0.759862
0.688149 0.791479
0.686217 0.792458
0.667529 0.820259
0.653967 0.804831
0.662776 0.768834
0.664877 0.788866
0.675176 0.758601
0.681373 0.759586
0.729829 0.7243
0.724571 0.724525
0.684413 0.73245
0.671669 0.740572
0.681026 0.717452
0.690811 0.684175
0.723452 0.717366
0.697199 0.658556
0.699026 0.659984
0.710366 0.671714
0.707208 0.654249
0.725286 0.588805
0.731552 0.698039
0.733347 0.684976
0.738895 0.652265
0.733628 0.715696
0.746987 0.697703
0.756609 0.681864
0.759492 0.689191
0.768243 0.675417
0.757306 0.664569
0.759572 0.655087
0.792545 0.638372
0.771499 0.645182
0.767367 0.640873
0.766399 0.639539
0.792102 0.636
0.779627 0.613054
0.764575 0.546651
0.763336 0.524909
0.763028 0.523681
0.771609 0.543736
0.776854 0.550577
0.760271 0.492125
0.756877 0.469674
0.761203 0.548298
0.764365 0.573277
0.741613 0.51832
0.75465 0.553022
0.760946 0.567452
0.755914 0.563595
0.736598 0.57247
0.725807 0.566879
0.735163 0.527308
0.63969 0.829697
0.67586 0.712338
0.687267 0.675735
0.723359 0.563241
0.661774 0.754147
0.65911 0.758795
0.658861 0.756116
0.652047 0.774157
0.61728 0.875488
0.753096 0.469261
0.667859 0.720739
0.695047 0.63532
0.634973 0.818786
0.678562 0.683551
0.648016 0.772747
0.646714 0.776001
0.646794 0.76694
0.653067 0.735565
0.658523 0.703884
0.660794 0.69715
0.664483 0.689375
0.665382 0.684403
0.666136 0.684779
0.675191 0.662387
0.682525 0.642143
0.730992 0.512589
0.668796 0.659949
0.737839 0.459389
0.737168 0.460944
0.718261 0.505403
0.724181 0.475954
0.733955 0.435898
0.671093 0.638863
0.664659 0.656793
0.635026 0.734898
0.635098 0.745179
0.608722 0.820043
0.645434 0.744177
0.626391 0.796698
0.640563 0.777683
0.618509 0.827042
0.629093 0.833801
0.602936 0.900317
0.596479 0.910932
0.583726 0.9106
0.599866 0.873743
0.575299 0.923118
0.569578 0.923997
0.564754 0.927488
0.564193 0.920272
0.57828 0.893912
0.578782 0.854488
0.58676 0.83448
0.602891 0.78484
0.676517 0.551928
0.665279 0.592315
0.623722 0.740784
0.62503 0.74216
0.585841 0.865874
0.615437 0.785541
0.728871 0.447938
0.703136 0.517837
0.689365 0.552948
0.679301 0.593204
0.640444 0.707116
0.687528 0.550221
0.691404 0.519165
0.69379 0.511448
0.698363 0.500548
0.733084 0.419719
0.760729 0.351967
0.739221 0.388524
0.731873 0.406563
0.718687 0.43839
0.685705 0.523315
0.670117 0.55617
0.639978 0.620591
0.636553 0.618075
0.635689 0.61822
0.640463 0.602582
0.641501 0.600468
0.668881 0.544038
0.666305 0.548277
0.671945 0.522693
0.648298 0.57677
0.636766 0.601475
0.5954 0.679596
0.550347 0.772839
0.563757 0.748199
0.606338 0.678396
0.641724 0.63343
0.646211 0.634689
0.618795 0.717284
0.55207 0.919585
0.627627 0.682258
0.607095 0.743569
0.545534 0.927691
0.576872 0.821583
0.631956 0.662681
0.545707 0.908671
0.552005 0.889757
0.619676 0.687281
0.599023 0.744848
0.593333 0.75375
0.594605 0.738829
0.566559 0.828382
0.587745 0.741794
0.561709 0.803645
0.557383 0.795178
0.544922 0.790967
0.541681 0.842191
0.535043 0.895678
0.539194 0.898515
0.543275 0.9145
0.52881 0.941461
0.538609 0.808862
0.534856 0.814159
0.53 0.82101
0.526776 0.839392
0.517692 0.892159
0.51147 0.916427
0.527334 0.828987
0.523025 0.828468
0.510699 0.915953
0.505481 0.944243
0.50823 0.91827
0.506822 0.879991
0.495697 0.883003
0.499436 0.930711
0.487491 0.927548
0.478361 0.942984
0.473364 0.928321
0.471535 0.924925
0.57621 0.699587
0.54075 0.778864
0.560094 0.737516
0.563142 0.732479
0.674202 0.490469
0.627121 0.594089
0.592511 0.675893
0.617425 0.62645
0.682399 0.500864
0.727035 0.410906
0.75405 0.356283
0.624516 0.611263
0.606099 0.647701
0.610339 0.636787
0.672258 0.510097
0.718912 0.416775
0.696907 0.456861
0.722737 0.405352
0.662658 0.519525
0.772421 0.299035
0.768363 0.303307
0.749282 0.32627
0.523001 0.811998
0.527277 0.799062
0.50553 0.844932
0.504086 0.847983
0.479991 0.897841
0.561102 0.724906
0.591945 0.657715
0.557562 0.73011
0.544981 0.752225
0.682811 0.461998
0.591542 0.660787
0.663806 0.506648
0.671207 0.489872
0.752728 0.311739
0.706628 0.402438
0.667352 0.477208
0.671479 0.465928
0.635412 0.538239
0.599758 0.610862
0.562641 0.678555
0.527999 0.737683
0.646629 0.511249
0.739042 0.332044
0.655228 0.490829
0.676066 0.450756
0.602498 0.591115
0.583472 0.626502
0.619918 0.55496
0.676885 0.437344
0.618416 0.548902
0.616815 0.549041
0.552981 0.67923
0.593577 0.593492
0.505506 0.775414
0.498908 0.78936
0.540603 0.724974
0.488814 0.809184
0.542425 0.72237
0.489812 0.82121
0.461876 0.881573
0.51755 0.773103
0.520813 0.767324
0.489547 0.837481
0.523854 0.767121
0.535934 0.74403
0.544066 0.724134
0.617701 0.585576
0.566126 0.693465
0.619799 0.587034
0.620283 0.586794
0.6938 0.435452
0.623826 0.580919
0.475142 0.893331
0.477737 0.870544
0.451278 0.939211
0.457394 0.921165
0.467562 0.878041
0.449717 0.916662
0.444317 0.924496
0.459778 0.863487
0.483755 0.805062
0.49295 0.782483
0.483486 0.798385
0.566843 0.636282
0.591642 0.588759
0.579357 0.607988
0.548656 0.660151
0.572499 0.613525
0.756043 0.300216
0.754279 0.296416
0.654039 0.468351
0.651614 0.468041
0.653974 0.462265
0.600005 0.555875
0.568715 0.615578
0.562144 0.623262
0.608464 0.534011
0.657186 0.451304
0.668209 0.434848
0.746076 0.283937
0.745147 0.276376
0.746182 0.25141
0.736921 0.207747
0.721576 0.214103
0.720772 0.221967
0.726754 0.257019
0.722267 0.240484
0.713416 0.259302
0.668568 0.343896
0.689968 0.31737
0.698201 0.311551
0.650347 0.383444
0.660575 0.381769
0.658233 0.39325
0.688443 0.352503
0.723621 0.295286
0.728302 0.291048
0.711902 0.330183
0.658637 0.397973
0.6375 0.442062
0.671465 0.395758
0.653422 0.423414
0.590062 0.530935
0.652276 0.430271
0.655058 0.427299
0.584576 0.553903
0.693461 0.368113
0.572439 0.583966
0.675356 0.401013
0.669914 0.412212
0.646266 0.462643
0.548244 0.637186
0.548538 0.631208
0.550138 0.621593
0.538107 0.650235
0.448245 0.885926
0.43033 0.928679
0.454152 0.859502
0.479215 0.801172
0.414628 0.929768
0.412091 0.932348
0.480268 0.790724
0.483251 0.785008
0.509133 0.725193
0.439835 0.843184
0.493127 0.757144
0.440588 0.848792
0.408219 0.906994
0.393871 0.929817
0.397629 0.905064
0.435409 0.81993
0.472501 0.769044
0.499027 0.729237
0.50635 0.712877
0.512927 0.715516
0.53271 0.653813
0.536685 0.634313
0.568711 0.566998
0.586109 0.521964
0.567783 0.542849
0.505247 0.687365
0.529402 0.614999
0.534673 0.596623
0.554066 0.546899
0.471952 0.72696
0.474133 0.721233
0.464891 0.707583
0.460684 0.729236
0.444436 0.709666
0.461345 0.690186
0.460866 0.698014
0.46912 0.681931
0.479408 0.687477
0.509162 0.631836
0.454465 0.692892
0.489338 0.644959
0.542987 0.553611
0.503846 0.610645
0.530205 0.568092
0.521553 0.570265
0.522227 0.567528
0.515125 0.576563
0.4725 0.655141
0.502616 0.588577
0.434101 0.706718
0.424809 0.719425
0.42856 0.709725
0.481431 0.615703
0.435727 0.665338
0.431317 0.702118
0.416785 0.684312
0.393872 0.713349
0.40614 0.685421
0.431386 0.660982
0.408942 0.681252
0.420047 0.669037
0.494971 0.584293
0.486138 0.592774
0.440254 0.637666
0.441249 0.637915
0.384256 0.689241
0.380107 0.693952
0.371782 0.715599
0.347517 0.713994
0.368532 0.728018
0.36399 0.740864
0.385462 0.740841
0.411374 0.736694
0.388483 0.727543
0.41849 0.733212
0.403409 0.746336
0.416352 0.767216
0.426201 0.791549
0.431545 0.797699
0.434856 0.805748
0.366124 0.771903
0.350878 0.749718
0.330473 0.736218
0.305421 0.762445
0.30333 0.757287
0.291507 0.764863
0.292028 0.757332
0.287234 0.76563
0.348861 0.797829
0.337594 0.799427
0.374713 0.812773
0.390194 0.804577
0.431728 0.81397
0.414069 0.829848
0.400013 0.830722
0.362052 0.815246
0.348335 0.813147
0.335504 0.805959
0.345805 0.815244
0.349441 0.816998
0.348563 0.829614
0.274262 0.790299
0.264216 0.786791
0.261006 0.786486
0.258293 0.793061
0.246865 0.803469
0.26272 0.792643
0.261751 0.811092
0.268501 0.810734
0.306412 0.8097
0.275473 0.817177
0.289327 0.818446
0.338708 0.827533
0.30298 0.822648
0.388529 0.838806
0.382574 0.838714
0.401049 0.843307
0.367301 0.840529
0.320674 0.830995
0.41535 0.855225
0.385378 0.881191
0.305915 0.829108
0.345151 0.857816
0.34608 0.868167
0.358131 0.869236
0.345972 0.881181
0.349493 0.878731
0.350069 0.881821
0.377862 0.887311
0.381543 0.937125
0.367882 0.929258
0.364498 0.942184
0.361295 0.931741
0.364292 0.916393
0.359882 0.890808
0.353872 0.925171
0.337392 0.890458
0.329505 0.898956
0.325708 0.875608
0.299247 0.85205
0.298035 0.866637
0.320481 0.910405
0.321458 0.914651
0.333705 0.936134
0.294346 0.920535
0.29337 0.917748
0.294946 0.905173
0.288803 0.907071
0.287823 0.901584
0.265216 0.896619
0.235606 0.888647
0.244842 0.894296
0.283912 0.914804
0.200491 0.879702
0.21856 0.862909
0.233389 0.872681
0.246042 0.870231
0.257286 0.873185
0.256388 0.877974
0.276355 0.89171
0.281487 0.873002
0.256331 0.847968
0.223589 0.854172
0.207037 0.856142
0.243489 0.835788
0.232593 0.834116
0.244274 0.828873
0.223821 0.835623
0.227691 0.843942
0.195572 0.841806
0.207882 0.832251
0.209126 0.827452
0.207728 0.822718
0.185084 0.842526
0.192442 0.826544
0.220283 0.81449
0.220363 0.807956
0.149763 0.841885
0.168273 0.831305
0.24608 0.791269
0.250759 0.780228
0.256804 0.770692
0.255468 0.75393
0.290524 0.729698
0.157752 0.815305
0.255214 0.751546
0.234124 0.763586
0.204721 0.780731
0.279355 0.730021
0.349764 0.682184
0.348826 0.689156
0.399146 0.644809
0.389085 0.657756
0.42241 0.628583
0.323379 0.725198
0.406921 0.657286
0.347952 0.704125
0.460168 0.611393
0.478877 0.594153
0.447473 0.621221
0.4853 0.586431
0.539779 0.548041
0.468928 0.595798
0.389749 0.648382
0.314274 0.699969
0.596917 0.500324
0.415853 0.626815
0.332956 0.684266
0.490023 0.572507
0.556574 0.516958
0.589354 0.478273
0.595213 0.471929
0.60526 0.46603
0.622182 0.433251
0.555925 0.508061
0.564905 0.489895
0.498652 0.552026
0.574896 0.473857
0.577382 0.461825
0.636385 0.395157
0.471074 0.567621
0.467407 0.570446
0.448147 0.585199
0.63011 0.39971
0.594117 0.435781
0.555821 0.47265
0.452948 0.572918
0.466462 0.557299
0.420491 0.600804
0.371324 0.647185
0.406263 0.612166
0.361853 0.652042
0.458077 0.560837
0.586802 0.438075
0.575914 0.444997
0.414488 0.596257
0.403901 0.606217
0.34047 0.668442
0.334692 0.674403
0.296246 0.708013
0.332213 0.673261
0.356171 0.650108
0.343843 0.653945
0.414684 0.590576
0.465678 0.543833
0.465144 0.543742
0.527177 0.486293
0.43836 0.553997
0.477835 0.519943
0.437025 0.549427
0.508147 0.480812
0.512297 0.470524
0.519724 0.46617
0.531745 0.456694
0.554447 0.445608
0.565193 0.443225
0.571802 0.443214
0.591622 0.418246
0.576134 0.419951
0.602377 0.393912
0.566642 0.420825
0.57828 0.408711
0.612352 0.375588
0.595877 0.389838
0.566327 0.413121
0.5274 0.449129
0.570484 0.393389
0.53884 0.425333
0.515658 0.452672
0.50192 0.470273
0.49168 0.459785
0.510624 0.444892
0.528256 0.433853
0.539539 0.420322
0.528373 0.397183
0.554579 0.393134
0.562457 0.388783
0.53876 0.382687
0.551357 0.380521
0.522813 0.382128
0.506399 0.414619
0.453586 0.519132
0.430415 0.551782
0.467049 0.467399
0.456784 0.482491
0.452978 0.489753
0.385611 0.595399
0.425203 0.531547
0.361194 0.626449
0.388591 0.583262
0.432734 0.516623
0.389398 0.5815
0.497653 0.396945
0.449321 0.476291
0.472882 0.424744
0.475533 0.418036
0.484817 0.40338
0.478739 0.410406
0.459903 0.441767
0.453692 0.452605
0.394612 0.548566
0.402383 0.541855
0.375161 0.597967
0.37361 0.586378
0.450798 0.442813
0.407281 0.520821
0.424605 0.482801
0.387317 0.530176
0.367505 0.593948
0.357988 0.598879
0.333198 0.648915
0.318724 0.668717
0.313838 0.676315
0.360304 0.583196
0.368205 0.565652
0.366824 0.566239
0.368896 0.560767
0.368129 0.557259
0.351504 0.594318
0.304551 0.677564
0.306848 0.663746
0.304664 0.645853
0.32116 0.605423
0.427733 0.469312
0.481239 0.385227
0.449193 0.39217
0.425271 0.401155
0.424136 0.403733
0.420023 0.413065
0.4171 0.421314
0.424859 0.411258
0.430504 0.417683
0.410547 0.447944
0.414093 0.464912
0.403448 0.469714
0.397351 0.473921
0.396631 0.463711
0.3786 0.501953
0.375795 0.529126
0.352598 0.544906
0.363761 0.548815
0.352399 0.564316
0.343441 0.574833
0.349828 0.555834
0.342063 0.562062
0.322787 0.598592
0.315453 0.596726
0.304608 0.573607
0.296574 0.586102
0.288867 0.628102
0.281907 0.561441
0.278487 0.566917
0.276413 0.560033
0.280827 0.598121
0.270225 0.524392
0.28303 0.523101
0.296267 0.521703
0.299736 0.526073
0.310151 0.535723
0.319505 0.528438
0.340632 0.531616
0.32298 0.517655
0.39088 0.45379
0.38138 0.424156
0.379562 0.412295
0.415489 0.390809
0.369405 0.404473
0.364057 0.398064
0.353665 0.411837
0.363307 0.427998
0.366466 0.470127
0.35593 0.476932
0.349943 0.482034
0.3482 0.484654
0.323501 0.471001
0.322472 0.476234
0.322017 0.463325
0.316202 0.474523
0.298596 0.515424
0.303691 0.498777
0.3126 0.464109
0.279055 0.487239
0.290151 0.47488
0.274241 0.489854
0.28258 0.474142
0.269819 0.481603
0.287321 0.461216
0.275213 0.467689
0.30342 0.43513
0.288196 0.438921
0.258851 0.480838
0.271451 0.446598
0.293032 0.411854
0.259636 0.421256
0.263187 0.444036
0.259246 0.447758
0.257203 0.440329
0.249212 0.405431
0.249036 0.422691
0.250415 0.459281
0.24045 0.474671
0.229859 0.450778
0.237066 0.418621
0.226352 0.435483
0.213173 0.41602
0.211307 0.417607
0.214987 0.423631
0.168989 0.438049
0.189911 0.418519
0.15277 0.429198
0.157216 0.439589
0.144943 0.436035
0.188402 0.470179
0.170539 0.451129
0.181051 0.459434
0.247045 0.498663
0.253805 0.502762
0.245228 0.515402
0.255329 0.523035
0.21336 0.504484
0.183143 0.492104
0.17054 0.469383
0.141701 0.466766
0.115204 0.451718
0.105303 0.433157
0.105169 0.428583
0.078816 0.421872
0.102421 0.446839
0.187054 0.495344
0.106326 0.451326
0.207264 0.512834
0.16988 0.492664
0.103805 0.456213
0.075731 0.442337
0.067027 0.438465
0.124015 0.474358
0.117503 0.471052
0.172005 0.508057
0.227314 0.557845
0.277692 0.608869
0.2387 0.582639
0.186305 0.534592
0.234026 0.579498
0.209681 0.557818
0.181611 0.534807
0.260176 0.612097
0.221831 0.578212
0.123195 0.484579
0.133454 0.495694
0.095611 0.468632
0.256014 0.61109
0.273452 0.633469
0.29156 0.663275
0.294335 0.686316
0.261437 0.645793
0.250368 0.625089
0.217287 0.600459
0.237738 0.623935
0.147321 0.526377
0.157844 0.538129
0.279141 0.672954
0.207187 0.602524
0.184846 0.580159
0.072841 0.460248
0.051188 0.437232
0.137171 0.532114
0.133894 0.529287
0.175616 0.575128
0.168413 0.566484
0.273496 0.67531
0.236719 0.640776
0.213852 0.618872
0.204332 0.606875
0.19682 0.600009
0.031871 0.434891
0.017352 0.434834
0.043535 0.463344
0.034745 0.440657
0.049305 0.462901
0.068269 0.48742
0.065451 0.479953
0.070181 0.476068
0.119984 0.541325
0.134875 0.556977
0.203587 0.620755
0.220604 0.636565
0.250479 0.661213
0.274133 0.692027
0.256367 0.697097
0.252005 0.712002
0.260663 0.716377
0.26843 0.728326
0.267029 0.730088
0.239707 0.744859
0.195698 0.763077
0.199122 0.744458
0.164771 0.753354
0.181933 0.743443
0.218778 0.710917
0.198415 0.716492
0.164476 0.722152
0.158434 0.723124
0.147335 0.706074
0.181464 0.714828
0.192938 0.708092
0.246499 0.691735
0.219714 0.686103
0.233303 0.678525
0.208247 0.67783
0.208813 0.672056
0.228416 0.664777
0.226736 0.663508
0.208474 0.652341
0.200928 0.658864
0.18032 0.69025
0.18226 0.685967
0.155058 0.689584
0.195224 0.649575
0.163909 0.66265
0.15358 0.612575
0.144626 0.60654
0.137566 0.621911
0.140501 0.653014
0.133078 0.664511
0.128947 0.674021
0.126808 0.671792
0.137672 0.703182
0.148099 0.726244
0.136228 0.702078
0.163742 0.775995
0.1465 0.80474
0.153099 0.756799
0.1342 0.800462
0.132563 0.721084
0.127914 0.765374
0.120182 0.790536
0.113804 0.816991
0.102552 0.77583
0.110531 0.760942
0.11778 0.738648
0.120594 0.733698
0.102312 0.722577
0.103736 0.624439
0.101071 0.606611
0.074888 0.640892
0.078403 0.647037
0.080129 0.654318
0.075807 0.660746
0.06597 0.599936
0.05889 0.587429
0.076706 0.690502
0.068429 0.665843
0.064454 0.632709
0.057926 0.617234
0.040197 0.556585
0.055318 0.628825
0.042424 0.591558
0.036724 0.576395
0.048769 0.628489
0.047046 0.645921
0.057141 0.646497
0.090209 0.735957
0.083325 0.774275
0.068556 0.728483
0.059964 0.693352
0.057349 0.677216
0.054775 0.692164
0.062357 0.724586
0.064984 0.738441
0.072575 0.768873
0.057682 0.739932
0.042942 0.66792
0.040768 0.677891
0.036722 0.633871
0.031718 0.570003
0.010949 0.540176
0.000577 0.523416
0.008714 0.557462
0.026872 0.635448
0.035114 0.62054
0.040011 0.696614
0.030652 0.681447
0.02056 0.676789
0.037791 0.705903
0.040156 0.726104
0.020297 0.687874
0.017394 0.697812
0.016057 0.693185
0.015277 0.689931
-0.000983 0.661488
0.00938 0.674274
0.014557 0.683934
-0.003152 0.629278
-0.026853 0.593392
-0.034847 0.559411
-0.023382 0.573659
-9.4e-05 0.621794
0.005077 0.635058
0.013841 0.647493
0.005745 0.602116
0.003078 0.600933
0.003348 0.572212
-0.017839 0.545318
-0.025924 0.542905
-0.033574 0.532574
-0.041 0.51584
-0.024943 0.514488
-0.01488 0.514331
-0.04124 0.491732
-0.002379 0.507532
0.026643 0.515273
0.066887 0.549552
-0.036351 0.456328
0.075942 0.544834
0.104421 0.562385
0.095173 0.561463
0.161781 0.610126
0.129391 0.576122
0.071696 0.531242
0.132457 0.57641
0.082432 0.534973
0.132721 0.557156
0.073611 0.521792
0.064344 0.519362
0.041162 0.492364
0.05735 0.517403
