1
2000 1
0.000627 0.785083
0.008943 0.694518
0.020067 0.713292
0.012798 0.642883
0.005421 0.632661
0.002377 0.569476
0.011133 0.557711
0.004961 0.479596
0.0102 0.52262
0.019452 0.572036
0.026041 0.58063
0.02116 0.466813
0.029767 0.567984
0.036737 0.589433
0.024292 0.477602
0.064476 0.723666
0.070162 0.749094
0.015483 0.402512
0.073832 0.766539
0.075823 0.773236
0.082503 0.810917
0.080483 0.747048
0.079361 0.741626
0.043831 0.568524
0.050644 0.563137
0.035147 0.515856
0.012575 0.371433
0.03469 0.4839
0.034747 0.446707
0.0233 0.378091
0.028691 0.40413
0.072481 0.630569
0.074458 0.640401
0.030085 0.404989
0.078692 0.645483
0.033828 0.41947
0.012823 0.313235
0.03798 0.380062
0.023175 0.345366
0.020917 0.336394
0.039103 0.416672
0.045917 0.455667
0.045141 0.399932
0.028942 0.353978
0.022642 0.3243
0.012242 0.273872
0.038688 0.351144
0.005853 0.247545
0.019218 0.285784
0.00374 0.236561
0.00325 0.200726
0.00447 0.181734
0.002196 0.164422
0.006508 0.128389
0.015914 0.192499
0.017837 0.198016
0.019046 0.195602
0.013182 0.119655
0.007729 0.04486
0.034185 0.249469
0.033634 0.257588
0.040636 0.26039
0.03701 0.126601
0.039355 0.228893
0.036486 0.150214
0.036418 0.202005
0.026016 0.121739
0.030754 0.151996
0.011328 0.00209
0.022519 0.070893
0.026625 0.101158
0.024861 0.005226
0.040327 0.081218
0.047892 0.099143
0.034571 0.025203
0.045933 0.048647
0.048436 0.057379
0.053319 0.047519
0.049415 0.131406
0.061818 0.137499
0.056927 0.151075
0.059611 0.179907
0.045645 0.211645
0.052731 0.306248
0.044883 0.220375
0.046398 0.278222
0.057142 0.404914
0.062527 0.507298
0.057988 0.373072
0.06033 0.421077
0.057693 0.348223
0.063456 0.496565
0.059988 0.316405
0.063959 0.293174
0.066844 0.366597
0.068829 0.479023
0.069363 0.527007
0.069656 0.429598
0.071156 0.384244
0.070868 0.443154
0.079481 0.453553
0.07946 0.39725
0.074194 0.237629
0.076909 0.366663
0.076742 0.39502
0.068236 0.12756
0.070898 0.153317
0.070768 0.135676
0.072829 0.182106
0.078751 0.124142
0.076861 0.11242
0.075344 0.057408
0.07988 0.099057
0.082522 0.10868
0.082441 0.01684
0.075198 0.021088
0.073188 0.008632
0.084111 0.006527
0.084834 0.009383
0.079857 0.266768
0.082056 0.220225
0.084313 0.266297
0.082012 0.478157
0.084842 0.478013
0.196258 0.431718
0.164063 0.451367
0.198646 0.439303
0.234889 0.427649
0.103031 0.476556
0.136357 0.465848
0.151132 0.463246
0.131195 0.47927
0.177713 0.464353
0.203143 0.453306
0.225981 0.439398
0.22271 0.442373
0.24073 0.433707
0.311242 0.42059
0.259917 0.42668
0.325185 0.406419
0.370648 0.386552
0.367302 0.39282
0.406604 0.380309
0.456939 0.37482
0.493868 0.360831
0.4774 0.358681
0.426434 0.370917
0.399324 0.372157
0.332943 0.361303
0.344185 0.36161
0.392587 0.368324
0.349989 0.35595
0.407459 0.360467
0.321234 0.33942
0.302028 0.324998
0.317508 0.347572
0.260942 0.328679
0.277801 0.339524
0.251769 0.334124
0.237218 0.349556
0.239595 0.355458
0.278436 0.366809
0.282945 0.349404
0.32975 0.390808
0.31178 0.390974
0.235904 0.368941
0.222536 0.367261
0.292053 0.401949
0.234444 0.399695
0.176719 0.388544
0.231699 0.402881
0.259988 0.407689
0.223489 0.405067
0.249728 0.409059
0.194912 0.420673
0.191495 0.429414
0.143074 0.437284
0.12415 0.427289
0.120588 0.427779
0.146744 0.406596
0.219736 0.348702
0.194732 0.365448
0.223847 0.325461
0.154652 0.38998
0.216247 0.323015
0.212887 0.325587
0.21435 0.308414
0.215406 0.302418
0.185963 0.334038
0.156078 0.363973
0.113811 0.428199
0.099605 0.438229
0.100029 0.424189
0.146701 0.36694
0.139421 0.373044
0.152695 0.357193
0.158851 0.32591
0.093393 0.413093
0.093231 0.405079
0.17256 0.284051
0.153676 0.294577
0.153595 0.300632
0.147306 0.310771
0.138703 0.322168
0.120062 0.358888
0.102164 0.377049
0.10097 0.363976
0.104498 0.347189
0.141505 0.292645
0.097637 0.324981
0.14163 0.292168
0.139265 0.29009
0.143448 0.282524
0.11787 0.288682
0.122403 0.280115
0.105697 0.304242
0.101655 0.31054
0.104218 0.288724
0.100843 0.290884
0.095917 0.28165
0.097679 0.279917
0.117192 0.264129
0.226991 0.298649
0.365364 0.338346
0.389549 0.342006
0.420112 0.350244
0.393434 0.336944
0.352721 0.326222
0.286197 0.311262
0.270766 0.306863
0.406011 0.335072
0.429997 0.337536
0.291366 0.309734
0.224776 0.291414
0.114247 0.26071
0.127572 0.263866
0.380647 0.324262
0.309383 0.305192
0.385738 0.323489
0.423491 0.326425
0.300738 0.298882
0.384052 0.316003
0.288211 0.293346
0.211604 0.272888
0.229087 0.276097
0.194324 0.26616
0.242633 0.274298
0.257158 0.279954
0.305968 0.290878
0.229533 0.268077
0.313516 0.292464
0.312979 0.291328
0.290241 0.272113
0.253454 0.267711
0.282245 0.266808
0.227925 0.247774
0.243649 0.244477
0.247841 0.2395
0.287216 0.255684
0.301567 0.261294
0.32134 0.266218
0.371371 0.28144
0.354486 0.281233
0.379573 0.29309
0.390543 0.294459
0.414103 0.314517
0.428314 0.323677
0.40094 0.301222
0.421776 0.31116
0.433029 0.316267
0.363076 0.263416
0.38917 0.289014
0.357322 0.262826
0.418617 0.267475
0.360974 0.254785
0.388212 0.245901
0.374758 0.255075
0.414995 0.24894
0.387767 0.226535
0.36311 0.223161
0.355628 0.223884
0.350773 0.205852
0.341925 0.208175
0.274323 0.217838
0.281167 0.217745
0.303357 0.215133
0.345977 0.208327
0.248679 0.233871
0.250894 0.228172
0.181183 0.252887
0.149281 0.265235
0.147602 0.255508
0.184813 0.239903
0.207344 0.227263
0.194743 0.227823
0.094312 0.250716
0.099299 0.244575
0.198509 0.224282
0.223685 0.2199
0.256881 0.209589
0.249601 0.209405
0.249659 0.207489
0.168709 0.208908
0.153263 0.217514
0.130577 0.227761
0.152714 0.216063
0.106361 0.240429
0.11743 0.234116
0.120519 0.229297
0.092737 0.240245
0.167876 0.206319
0.136098 0.205385
0.144495 0.196735
0.202488 0.200591
0.206165 0.200702
0.153512 0.191021
0.139038 0.188276
0.122397 0.181159
0.093465 0.176169
0.137589 0.182166
0.133771 0.178808
0.150182 0.180417
0.207656 0.192054
0.236376 0.19164
0.234184 0.190309
0.232469 0.189597
0.207383 0.184954
0.174739 0.180134
0.088983 0.166936
0.215589 0.184156
0.301613 0.19714
0.272874 0.18003
0.25814 0.177315
0.255586 0.176234
0.205194 0.167687
0.220807 0.177948
0.158503 0.166072
0.189739 0.162453
0.196414 0.159483
0.242448 0.158346
0.230423 0.152287
0.151813 0.151504
0.134917 0.155364
0.121212 0.154881
0.112742 0.153639
0.092773 0.13644
0.08923 0.110531
0.103378 0.108428
0.093611 0.094798
0.120547 0.085852
0.128331 0.097759
0.131435 0.123461
0.139647 0.12989
0.148526 0.110535
0.154801 0.126549
0.19005 0.124783
0.238336 0.150331
0.220883 0.135318
0.161065 0.104462
0.122141 0.070535
0.185119 0.107525
0.156577 0.084279
0.19916 0.114441
0.212875 0.122173
0.170199 0.087574
0.148889 0.072509
0.238394 0.121539
0.315438 0.185428
0.308194 0.175923
0.334212 0.178377
0.320521 0.169353
0.106297 0.04003
0.144178 0.056339
0.133706 0.045351
0.162358 0.05598
0.169909 0.063414
0.227044 0.10248
0.237551 0.107556
0.245194 0.110417
0.21481 0.088571
0.284729 0.136012
0.357151 0.185024
0.370934 0.184023
0.344916 0.169424
0.301076 0.143209
0.293523 0.132586
0.359887 0.16935
0.369139 0.168412
0.200031 0.074194
0.22976 0.087713
0.266117 0.104005
0.225716 0.086998
0.33406 0.134153
0.347295 0.132845
0.342428 0.125274
0.335444 0.123402
0.281116 0.101134
0.242052 0.08376
0.141093 0.030226
0.223468 0.065569
0.116497 0.010484
0.207097 0.054048
0.223191 0.05962
0.267955 0.086618
0.322964 0.111046
0.291617 0.091026
0.340844 0.114034
0.296437 0.092165
0.120773 0.00979
0.268063 0.074932
0.161532 0.022002
0.156618 0.019062
0.186841 0.028062
0.215936 0.036094
0.209595 0.012161
0.223122 0.021602
0.225759 0.031883
0.22952 0.032491
0.228712 0.026947
0.230359 0.021124
0.2354 0.004971
0.252748 0.010273
0.250497 0.036112
0.248462 0.049045
0.266001 0.023571
0.25391 0.047064
0.284594 0.061842
0.327463 0.09218
0.303986 0.05577
0.280203 0.026506
0.287469 0.005907
0.331507 0.073099
0.348185 0.098009
0.361711 0.126963
0.369065 0.14455
0.378556 0.165598
0.354971 0.09325
0.364633 0.113789
0.371495 0.126697
0.354558 0.070135
0.365315 0.071223
0.367172 0.058369
0.384685 0.064697
0.381011 0.127857
0.387452 0.115361
0.41154 0.064415
0.36474 0.039089
0.368709 0.047272
0.363488 0.052038
0.346342 0.043838
0.353179 0.03387
0.329595 0.025509
0.352204 0.029697
0.335883 0.020547
0.346297 0.002982
0.382284 0.035107
0.398222 0.04303
0.395902 0.009321
0.406637 0.013215
0.416965 0.027194
0.415106 0.057096
0.418827 0.053868
0.384928 0.152458
0.399012 0.138214
0.409282 0.119988
0.398063 0.16805
0.425859 0.067845
0.428767 0.083302
0.418912 0.175461
0.410962 0.205504
0.436915 0.130028
0.437129 0.144226
0.438217 0.154674
0.43768 0.229711
0.434573 0.246373
0.435009 0.19519
0.427876 0.237995
0.436592 0.267423
0.440392 0.269166
0.44308 0.27539
0.445623 0.300849
0.45689 0.245711
0.443994 0.209459
0.449859 0.198577
0.451993 0.193979
0.450237 0.18141
0.441752 0.122842
0.430703 0.038002
0.436648 0.069753
0.439701 0.078709
0.451607 0.093755
0.452834 0.124029
0.462329 0.153357
0.463425 0.056355
0.450586 0.059972
0.459044 0.051706
0.464935 0.051014
0.464878 0.138069
0.465906 0.032927
0.468983 0.010657
0.470573 0.03161
0.473215 0.030904
0.475456 0.006651
0.469728 0.134807
0.469505 0.134121
0.466934 0.135067
0.465044 0.232184
0.474558 0.152698
0.479886 0.043143
0.486648 0.04567
0.490149 0.10015
0.500188 0.04884
0.492723 0.012168
0.505049 0.037488
0.499331 0.08053
0.480221 0.17977
0.468757 0.242408
0.469557 0.249275
0.46507 0.30034
0.492552 0.167609
0.491401 0.167468
0.499054 0.129167
0.475028 0.272672
0.480525 0.264889
0.486675 0.251735
0.49947 0.154402
0.501106 0.178818
0.508013 0.201585
0.508456 0.205255
0.515039 0.099821
0.511859 0.116047
0.5079 0.111695
0.507507 0.093951
0.510914 0.035983
0.516267 0.016939
0.514902 0.065056
0.524462 0.020079
0.526142 1e-05
0.52241 0.055664
0.5255 0.065797
0.565709 0.002096
0.570541 0.001019
0.571068 0.016107
0.530411 0.086696
0.55909 0.071081
0.525184 0.11917
0.52574 0.134165
0.527741 0.142898
0.52791 0.168542
0.519702 0.155487
0.515113 0.151242
0.51127 0.199767
0.51707 0.197745
0.600976 0.168147
0.602239 0.132247
0.60599 0.123857
0.609152 0.12012
0.572117 0.150032
0.53495 0.17612
0.633425 0.095682
0.637858 0.075457
0.625316 0.098892
0.591962 0.109257
0.593402 0.114156
0.534646 0.153044
0.562509 0.128197
0.588703 0.105958
0.552874 0.128607
0.560993 0.116185
0.547368 0.126809
0.557883 0.112132
0.579007 0.089201
0.60703 0.078609
0.651559 0.060107
0.56269 0.092779
0.636589 0.058435
0.656598 0.043872
0.638163 0.048809
0.593444 0.063457
0.590016 0.039146
0.593507 0.033195
0.625402 0.030369
0.594935 0.00583
0.633151 0.008869
0.649209 0.024139
0.658854 0.02669
0.658475 0.034969
0.671643 0.019044
0.674865 0.019451
0.684698 0.018014
0.68758 0.027989
0.678898 0.030637
0.678763 0.049525
0.73987 0.045453
0.740542 0.03516
0.741985 0.032763
0.755989 0.040174
0.807279 0.046408
0.742257 0.029577
0.681076 0.011497
0.755291 0.005969
0.767271 0.014497
0.774278 0.028535
0.807298 0.005081
0.837965 0.001225
0.847358 0.009838
0.86082 0.007915
0.875751 0.019466
0.805439 0.039894
0.790617 0.039067
0.824162 0.046976
0.756986 0.052183
0.695928 0.077125
0.654626 0.071891
0.674944 0.080584
0.671231 0.081004
0.671664 0.081315
0.671035 0.085395
0.669507 0.094981
0.662529 0.114657
0.71582 0.096605
0.694317 0.098759
0.783908 0.055651
0.804788 0.055753
0.794733 0.053235
0.822532 0.054387
0.858556 0.046358
0.714537 0.108543
0.659318 0.130305
0.616945 0.150008
0.618643 0.149406
0.616333 0.157309
0.605422 0.16669
0.52932 0.200477
0.560695 0.189989
0.567196 0.188016
0.581287 0.185364
0.505362 0.244286
0.510168 0.240789
0.500341 0.24956
0.537931 0.226921
0.547601 0.2243
0.51506 0.258455
0.4829 0.293288
0.480959 0.295706
0.52111 0.267787
0.562348 0.224993
0.627459 0.158282
0.666932 0.153638
0.666641 0.155129
0.623906 0.177952
0.618693 0.187018
0.561144 0.237585
0.552238 0.249047
0.619547 0.196353
0.722116 0.121433
0.60076 0.215127
0.635266 0.191263
0.555577 0.251933
0.720664 0.127692
0.704251 0.141426
0.715426 0.144372
0.558434 0.251321
0.534842 0.278656
0.518542 0.292966
0.514725 0.291885
0.507025 0.299954
0.522323 0.308643
0.513779 0.315544
0.522298 0.308969
0.538233 0.288189
0.538466 0.288372
0.542272 0.297922
0.540763 0.319116
0.542752 0.32048
0.546255 0.311681
0.555149 0.294983
0.550055 0.301795
0.556358 0.276486
0.555152 0.266884
0.577341 0.257566
0.596077 0.235238
0.61837 0.224942
0.585765 0.266398
0.648046 0.199749
0.647326 0.201467
0.677774 0.185195
0.631386 0.231962
0.620021 0.242399
0.624899 0.23466
0.579628 0.288367
0.682649 0.182332
0.725095 0.144381
0.755086 0.122188
0.792543 0.094706
0.731429 0.144394
0.715198 0.155395
0.646757 0.225463
0.745831 0.140374
0.748627 0.140053
0.740901 0.158795
0.767634 0.138744
0.792222 0.110482
0.829444 0.082871
0.747758 0.170929
0.743226 0.175651
0.740668 0.184288
0.737796 0.181498
0.724188 0.183827
0.723759 0.176744
0.704288 0.189523
0.694702 0.218757
0.703836 0.216705
0.726523 0.206046
0.794273 0.126463
0.739513 0.201679
0.863945 0.061414
0.871341 0.070484
0.946441 0.050638
0.957282 0.040309
0.903269 0.05293
0.954375 0.036409
0.926525 0.031836
0.900702 0.045204
0.907085 0.038444
0.893224 0.049288
0.903208 0.022973
0.957472 0.017895
0.945792 0.01576
0.977965 0.01534
0.99138 0.012523
0.985217 0.024671
0.97541 0.041996
0.955284 0.049066
0.874972 0.089859
0.864574 0.096266
0.898179 0.083409
0.902907 0.081501
0.8334 0.120868
0.947404 0.060713
0.779788 0.166375
0.784377 0.163919
0.85695 0.118691
0.827939 0.13994
0.782351 0.171941
0.770113 0.188222
0.894801 0.107833
0.971854 0.050161
0.893154 0.11029
0.869661 0.127099
0.960851 0.063938
0.809296 0.170169
0.823379 0.176384
0.815983 0.195746
0.857607 0.142666
0.877136 0.129209
0.926337 0.102965
0.892234 0.116449
0.963668 0.073669
0.938935 0.100431
0.915859 0.123105
0.94713 0.103308
0.915169 0.133329
0.969189 0.094515
0.998722 0.071819
0.903533 0.147337
0.984273 0.085872
0.966353 0.1148
0.840824 0.187837
0.838421 0.190034
0.992811 0.107634
0.996979 0.13242
0.900463 0.167716
0.977139 0.140357
0.903126 0.166823
0.924013 0.16251
0.994516 0.15537
0.906354 0.179532
0.832536 0.196748
0.814349 0.201506
0.827156 0.20887
0.88303 0.207622
0.875923 0.195017
0.948697 0.191827
0.93577 0.199566
0.901809 0.203016
0.948348 0.201198
0.960569 0.198526
0.952911 0.185228
0.970397 0.211228
0.867862 0.234828
0.897086 0.222617
0.909777 0.215244
0.848997 0.219599
0.836759 0.221436
0.822022 0.219166
0.805283 0.22473
0.800148 0.227976
0.79252 0.225038
0.790377 0.223782
0.808186 0.206179
0.696455 0.228615
0.679569 0.237412
0.60156 0.27765
0.604962 0.277118
0.664855 0.264227
0.71732 0.254312
0.64616 0.270446
0.60278 0.284207
0.663134 0.275172
0.681989 0.271455
0.698352 0.268998
0.6705 0.275831
0.594667 0.292603
0.630337 0.294939
0.625567 0.301711
0.616433 0.308074
0.631207 0.303647
0.613076 0.317108
0.752627 0.256262
0.783464 0.245886
0.724739 0.270719
0.742892 0.264535
0.814504 0.241224
0.716977 0.274541
0.689787 0.283806
0.705288 0.280923
0.716727 0.278047
0.754866 0.26979
0.795411 0.256088
0.792931 0.259538
0.744521 0.279625
0.735656 0.287991
0.673121 0.299048
0.688488 0.296938
0.610123 0.326128
0.53645 0.352283
0.462514 0.376498
0.455393 0.38167
0.446538 0.386229
0.501981 0.36887
0.553349 0.351958
0.538486 0.359135
0.466804 0.382871
0.545248 0.361968
0.506688 0.374192
0.512545 0.377878
0.362397 0.421547
0.226417 0.463193
0.264162 0.447349
0.262645 0.4422
0.19606 0.466047
0.180486 0.471608
0.10642 0.496728
0.17127 0.480758
0.314977 0.439226
0.437278 0.40471
0.455296 0.400471
0.15505 0.485649
0.593018 0.361582
0.567115 0.380364
0.315791 0.441198
0.278683 0.454561
0.563125 0.382738
0.392451 0.42665
0.475926 0.406979
0.25395 0.461192
0.305037 0.45032
0.369983 0.43443
0.514267 0.400711
0.38985 0.430831
0.394358 0.434138
0.324084 0.455912
0.303068 0.462755
0.315429 0.461525
0.424619 0.438239
0.557545 0.394227
0.572732 0.390963
0.42144 0.443816
0.490203 0.426596
0.516929 0.423047
0.578402 0.411756
0.642729 0.387238
0.673954 0.384327
0.648671 0.381324
0.754309 0.362716
0.661377 0.374369
0.676104 0.364186
0.70967 0.357843
0.704809 0.357306
0.711804 0.353128
0.655158 0.352017
0.576536 0.348164
0.709835 0.347529
0.616957 0.346834
0.637324 0.344917
0.738318 0.334764
0.750561 0.346819
0.765907 0.345185
0.748474 0.351245
0.787199 0.356441
0.806192 0.346984
0.822736 0.348192
0.690641 0.304897
0.73505 0.319032
0.743913 0.319133
0.719913 0.311002
0.791515 0.329702
0.822499 0.337363
0.858897 0.331889
0.69817 0.30177
0.707764 0.302392
0.781931 0.31147
0.819518 0.297127
0.806321 0.289241
0.847245 0.285948
0.877414 0.271012
0.856252 0.27368
0.776789 0.285892
0.856261 0.272304
0.728359 0.291359
0.823321 0.275871
0.823465 0.270865
0.84724 0.267646
0.878559 0.246863
0.907897 0.237931
0.93129 0.236031
0.980006 0.21528
0.943837 0.238022
0.986843 0.229909
0.971405 0.247981
0.970558 0.250598
0.960397 0.25486
0.820165 0.320988
0.839249 0.323907
0.879323 0.310787
0.877258 0.316346
0.920743 0.325315
0.970024 0.268605
0.958416 0.273985
0.983715 0.247224
0.991387 0.247487
0.964454 0.280582
0.988252 0.279067
0.982541 0.285133
0.981528 0.312479
0.934481 0.325486
0.859627 0.345309
0.933324 0.326014
0.690211 0.391715
0.742914 0.384951
0.859708 0.350776
0.911145 0.33672
0.933701 0.330339
0.990801 0.317103
0.954174 0.33096
0.980287 0.328003
0.96076 0.334548
0.946227 0.33373
0.976652 0.342762
0.888522 0.356924
0.908494 0.349789
0.907835 0.348776
0.870423 0.35704
0.857867 0.36482
0.761652 0.38559
0.682804 0.401476
0.554693 0.420203
0.399246 0.45197
0.569379 0.424108
0.517717 0.433779
0.744703 0.393673
0.717315 0.399018
0.579383 0.425188
0.482795 0.442859
0.555451 0.430268
0.782429 0.389982
0.763693 0.397036
0.805703 0.395996
0.455838 0.453895
0.805954 0.397871
0.602755 0.440297
0.598539 0.433127
0.592302 0.435194
0.539574 0.442266
0.521867 0.459807
0.417011 0.482957
0.418125 0.482983
0.468598 0.482566
0.408366 0.4921
0.363765 0.463491
0.38265 0.491497
0.330104 0.474607
0.331327 0.50295
0.308427 0.500296
0.291567 0.506477
0.347628 0.509007
0.277966 0.513286
0.315773 0.51295
0.251267 0.517413
0.263159 0.507397
0.310645 0.477229
0.24969 0.503505
0.227177 0.503954
0.217066 0.50028
0.244085 0.483455
0.206399 0.485698
0.203974 0.4945
0.199851 0.512907
0.203804 0.512802
0.221829 0.510435
0.223648 0.519553
0.238312 0.514947
0.20658 0.531076
0.200629 0.531081
0.194354 0.500547
0.088303 0.506849
0.126949 0.513013
0.196599 0.52108
0.194192 0.522876
0.151926 0.521139
0.137682 0.515804
0.088874 0.509117
0.128322 0.52263
0.125862 0.532919
0.085438 0.556906
0.13482 0.546579
0.16015 0.548488
0.204086 0.539634
0.450815 0.491329
0.424791 0.500228
0.407164 0.503892
0.38477 0.510422
0.373403 0.5103
0.179261 0.545666
0.18019 0.546921
0.177319 0.548803
0.28815 0.530159
0.121052 0.560079
0.208165 0.54951
0.202672 0.558132
0.260419 0.543132
0.304217 0.532624
0.720955 0.42273
0.447395 0.497115
0.58877 0.459781
0.57958 0.464629
0.704964 0.439762
0.694834 0.452954
0.594989 0.467487
0.669779 0.459359
0.554827 0.485258
0.408733 0.509936
0.37342 0.526604
0.63922 0.472271
0.668237 0.469631
0.635666 0.478989
0.695542 0.468602
0.663842 0.481315
0.668756 0.484372
0.566361 0.496368
0.486322 0.514676
0.598925 0.481722
0.621144 0.476154
0.508297 0.502521
0.490102 0.504043
0.401287 0.524277
0.322327 0.539498
0.300503 0.543503
0.129132 0.582795
0.170979 0.575795
0.109134 0.588184
0.128306 0.589473
0.187806 0.580396
0.294724 0.55666
0.373032 0.5462
0.434235 0.533241
0.417164 0.538946
0.412968 0.539925
0.327299 0.561076
0.208555 0.578923
0.193052 0.580826
0.169514 0.586332
0.205662 0.583237
0.162531 0.591883
0.133251 0.603427
0.168652 0.596728
0.197625 0.59031
0.152827 0.60582
0.232838 0.602637
0.220856 0.59828
0.261073 0.587479
0.294123 0.585221
0.281874 0.598725
0.249082 0.602889
0.248319 0.614211
0.233893 0.618397
0.19579 0.628309
0.161759 0.630036
0.182732 0.639652
0.19954 0.64027
0.178705 0.651081
0.1799 0.65397
0.191301 0.660058
0.189976 0.663477
0.208611 0.664535
0.22252 0.679995
0.238859 0.679574
0.242757 0.645728
0.216988 0.636235
0.20914 0.635847
0.25837 0.616825
0.278071 0.650894
0.292218 0.624751
0.311514 0.582005
0.373518 0.569792
0.320408 0.598134
0.320913 0.606951
0.375332 0.583
0.386873 0.578961
0.382995 0.577564
0.439398 0.554854
0.449199 0.550141
0.495667 0.548879
0.468549 0.547096
0.499058 0.536114
0.498834 0.526423
0.522246 0.524067
0.558575 0.517819
0.569257 0.516156
0.631229 0.502365
0.502244 0.533894
0.625487 0.504955
0.501533 0.548147
0.490549 0.558171
0.39995 0.599178
0.367927 0.610115
0.46203 0.565002
0.459174 0.56181
0.416588 0.582226
0.328713 0.624071
0.296125 0.644089
0.292481 0.649379
0.303569 0.670954
0.301152 0.673379
0.287821 0.660956
0.261784 0.708575
0.286127 0.699345
0.377358 0.648652
0.330054 0.654878
0.348066 0.660863
0.335955 0.66606
0.316413 0.657295
0.344619 0.644676
0.345228 0.6401
0.338343 0.637802
0.39383 0.632365
0.514594 0.57045
0.494217 0.579908
0.448322 0.598764
0.434255 0.60405
0.421423 0.601574
0.467079 0.579309
0.582015 0.530767
0.613447 0.513381
0.623929 0.510252
0.59285 0.536417
0.653112 0.49575
0.765362 0.430306
0.729478 0.456309
0.707273 0.47056
0.589985 0.542364
0.447312 0.631061
0.504338 0.594527
0.575572 0.543191
0.573718 0.539509
0.518094 0.573394
0.294619 0.699357
0.349116 0.683095
0.280778 0.722685
0.371688 0.677054
0.437849 0.637296
0.487442 0.607098
0.503411 0.602038
0.456167 0.628539
0.47752 0.617469
0.509074 0.607099
0.345139 0.695814
0.319757 0.708947
0.379758 0.681647
0.301018 0.720475
0.386699 0.682581
0.320888 0.718828
0.389746 0.686318
0.504306 0.628853
0.459676 0.643316
0.443791 0.646453
0.514896 0.620614
0.543102 0.598043
0.561209 0.590913
0.582163 0.589656
0.630328 0.564886
0.579649 0.592356
0.566288 0.605041
0.419106 0.677668
0.528318 0.624787
0.46727 0.655558
0.589032 0.596436
0.660053 0.561957
0.466211 0.656677
0.532629 0.626005
0.359133 0.709937
0.476747 0.659551
0.455963 0.675374
0.509236 0.655285
0.555076 0.635228
0.544 0.637672
0.624936 0.598734
0.477201 0.663806
0.613116 0.600037
0.669459 0.572011
0.713353 0.552054
0.565181 0.637208
0.532947 0.649015
0.552359 0.665593
0.553976 0.642538
0.588512 0.632797
0.579151 0.639499
0.571992 0.657065
0.588048 0.64408
0.586656 0.654737
0.601641 0.637872
0.60733 0.624721
0.672103 0.604934
0.661764 0.623822
0.662209 0.641886
0.601367 0.661191
0.652482 0.651079
0.627997 0.667199
0.632922 0.674193
0.654624 0.666283
0.650597 0.682442
0.61861 0.694706
0.626244 0.702971
0.60263 0.693048
0.596018 0.696197
0.566254 0.692404
0.591077 0.688094
0.551634 0.692788
0.480023 0.703683
0.437953 0.706182
0.418888 0.711013
0.473375 0.685249
0.458537 0.687441
0.390297 0.714458
0.41999 0.69782
0.396433 0.701145
0.345908 0.719649
0.320828 0.736416
0.418169 0.720377
0.566271 0.709556
0.555478 0.716091
0.30042 0.741678
0.326916 0.758418
0.353397 0.77658
0.367878 0.787768
0.401794 0.811497
0.42108 0.826485
0.396126 0.79914
0.41168 0.807958
0.403702 0.802971
0.310901 0.741406
0.336356 0.744533
0.410199 0.799855
0.429434 0.813043
0.456057 0.826216
0.464917 0.827519
0.462484 0.819765
0.493871 0.812335
0.394925 0.773408
0.43386 0.787349
0.46894 0.7953
0.431902 0.772379
0.494259 0.790455
0.524829 0.78486
0.559538 0.771087
0.502298 0.769016
0.430896 0.765121
0.456408 0.756706
0.389775 0.758141
0.365572 0.746003
0.377875 0.746709
0.434409 0.748925
0.42216 0.743322
0.447559 0.742268
0.392955 0.740296
0.361671 0.739232
0.436977 0.731646
0.4792 0.72823
0.550866 0.721088
0.534267 0.726171
0.532837 0.72774
0.544005 0.727768
0.54034 0.734641
0.523885 0.732163
0.541362 0.740647
0.559503 0.730291
0.599896 0.715026
0.620936 0.714439
0.61889 0.719755
0.591443 0.732021
0.621139 0.733484
0.780963 0.623531
0.756983 0.637928
0.698514 0.668482
0.812459 0.600011
0.808513 0.601699
0.767673 0.624108
0.828248 0.579526
0.843661 0.574017
0.862661 0.566149
0.844547 0.566273
0.760863 0.627033
0.856321 0.556328
0.735687 0.641751
0.795837 0.595764
0.715519 0.641224
0.723411 0.633276
0.731633 0.628755
0.723056 0.631688
0.884424 0.515241
0.882945 0.509614
0.870922 0.523829
0.830927 0.538122
0.811338 0.520788
0.78408 0.552834
0.756266 0.58449
0.770289 0.575394
0.764199 0.583802
0.709679 0.63047
0.73928 0.578049
0.684804 0.651213
0.741847 0.572138
0.817648 0.507127
0.752891 0.525603
0.74776 0.520422
0.783108 0.508532
0.664815 0.546741
0.60004 0.566954
0.530563 0.590028
0.512024 0.595871
0.515077 0.591472
0.871147 0.465155
0.825079 0.480679
0.63253 0.540033
0.645898 0.535093
0.617442 0.543685
0.672945 0.524087
0.781348 0.487709
0.725709 0.498603
0.814225 0.469313
0.837483 0.468744
0.848107 0.466107
0.862731 0.459896
0.867189 0.450744
0.656155 0.516854
0.810043 0.467719
0.839854 0.455528
0.826443 0.453603
0.8029 0.467905
0.777093 0.477721
0.739318 0.486533
0.797866 0.454384
0.77066 0.453533
0.759729 0.458985
0.735648 0.458514
0.74182 0.453037
0.782824 0.430451
0.806548 0.450173
0.81802 0.434008
0.821979 0.411456
0.823028 0.412402
0.832095 0.403996
0.851241 0.432065
0.872271 0.446552
0.88126 0.455989
0.876577 0.406221
0.909942 0.392735
0.908711 0.392831
0.912251 0.378712
0.915306 0.387146
0.937561 0.354143
0.930103 0.366687
0.95615 0.354137
0.924886 0.390406
0.987773 0.37048
0.973188 0.380669
0.911219 0.416155
0.911976 0.43319
0.927327 0.435044
0.935844 0.438647
0.972125 0.422447
0.980139 0.409858
0.98384 0.414044
0.989961 0.416116
0.902002 0.479508
0.956171 0.446868
0.9162 0.481426
0.975995 0.467674
0.968473 0.460771
0.941253 0.462086
0.978631 0.436955
0.983748 0.442525
0.99037 0.450121
0.97946 0.487444
0.903531 0.507707
0.912374 0.512928
0.90423 0.540987
0.920547 0.582079
0.932221 0.568872
0.945591 0.583615
0.944813 0.562524
0.971349 0.498588
0.97848 0.498909
0.985888 0.495508
0.99154 0.498459
0.966925 0.545519
0.978003 0.545883
0.977841 0.548442
0.989153 0.524265
0.979283 0.552063
0.970964 0.579636
0.997644 0.55492
0.998647 0.564763
0.983896 0.628324
0.981676 0.630203
0.99964 0.674998
0.958953 0.594135
0.983902 0.663805
0.957064 0.651678
0.934544 0.618533
0.972437 0.697269
0.982258 0.700415
0.996475 0.721703
0.992915 0.742493
0.984577 0.73007
0.988601 0.756886
0.98674 0.756172
0.932557 0.617882
0.985504 0.782101
0.977935 0.799253
0.976328 0.800635
0.890965 0.555451
0.978688 0.813988
0.892775 0.576005
0.888463 0.578087
0.971304 0.812036
0.976975 0.821268
0.999073 0.848751
0.987474 0.842528
0.974288 0.825972
0.995981 0.874563
0.98565 0.879634
0.993758 0.905181
0.985382 0.897308
0.976253 0.877471
0.967652 0.83432
0.915471 0.66735
0.933658 0.734866
0.906821 0.65324
0.965685 0.852192
0.928236 0.745854
0.941559 0.797537
0.964346 0.904595
0.93713 0.78901
0.956907 0.874537
0.903333 0.685977
0.921127 0.754526
0.934513 0.807489
0.892806 0.67193
0.950187 0.876622
0.957472 0.901624
0.94277 0.912275
0.921985 0.880919
0.93441 0.826783
0.919312 0.790263
0.912444 0.770823
0.908053 0.777153
0.900224 0.754778
0.897776 0.765064
0.892581 0.6836
0.897503 0.848299
0.890673 0.831063
0.878123 0.769496
0.867474 0.814388
0.888987 0.682066
0.858254 0.85729
0.862544 0.737276
0.861444 0.740866
0.844634 0.83418
0.860779 0.741196
0.848416 0.808928
0.842629 0.814183
0.839896 0.816833
0.840811 0.801568
0.853011 0.756772
0.859148 0.730603
0.822395 0.816163
0.871714 0.700732
0.876555 0.673411
0.857354 0.673822
0.885717 0.636852
0.883206 0.616396
0.862796 0.634312
0.821358 0.715695
0.838129 0.712873
0.844088 0.709695
0.838982 0.716686
0.860646 0.699009
0.85025 0.7107
0.848002 0.717461
0.864852 0.70605
0.819367 0.801637
0.804775 0.799944
0.793188 0.808024
0.788939 0.770921
0.79427 0.753529
0.758021 0.8469
0.777102 0.844113
0.806637 0.841063
0.812438 0.873739
0.760834 0.85246
0.785186 0.864118
0.755306 0.859665
0.777584 0.871014
0.798238 0.876416
0.753651 0.866708
0.801685 0.882378
0.995929 0.932248
0.992751 0.951495
0.910795 0.924084
0.899837 0.921881
0.956412 0.948377
0.820906 0.896154
0.8798 0.924151
0.751449 0.8776
0.820815 0.908093
0.835964 0.913004
0.815423 0.90768
0.747819 0.890383
0.802418 0.909262
0.79382 0.909223
0.807258 0.920054
0.78025 0.92437
0.790258 0.926098
0.843046 0.924404
0.710757 0.931645
0.772687 0.943364
0.86428 0.943197
0.800256 0.932124
0.882265 0.935147
0.906417 0.93614
0.890285 0.944539
0.912487 0.945727
0.835399 0.952501
0.77494 0.950308
0.767903 0.944571
0.756936 0.955518
0.875544 0.962994
0.896045 0.95658
0.94602 0.963286
0.98898 0.964091
0.983092 0.970893
0.967239 0.970775
0.935517 0.968262
0.93569 0.968878
0.879977 0.969815
0.939986 0.974174
0.84306 0.969871
0.964223 0.983845
0.985908 0.995157
0.983618 0.994916
0.73564 0.997412
0.759072 0.996317
0.78597 0.993789
0.92859 0.991651
0.807712 0.992937
0.715372 0.989958
0.682854 0.986526
0.773832 0.987437
0.730774 0.985692
0.720516 0.984165
0.922078 0.988618
0.93347 0.987326
0.817385 0.981393
0.821046 0.980927
0.775529 0.978348
0.815878 0.975268
0.706295 0.969683
0.682819 0.978572
0.65877 0.999327
0.637945 0.992365
0.697365 0.944427
0.626143 0.985487
0.62178 0.980031
0.612149 0.97188
0.609849 0.962328
0.602913 0.96409
0.604195 0.959748
0.704569 0.926182
0.643248 0.942784
0.624341 0.941454
0.705248 0.921712
0.683996 0.9152
0.721085 0.898879
0.690132 0.899667
0.681054 0.903669
0.64698 0.92637
0.66493 0.904469
0.675665 0.892633
0.638017 0.897743
0.676477 0.887913
0.651932 0.873124
0.643433 0.867486
0.648764 0.821729
0.652282 0.825283
0.668362 0.862699
0.681057 0.874704
0.676035 0.859472
0.653833 0.81905
0.660442 0.817188
0.65618 0.810395
0.651028 0.811829
0.653406 0.803231
0.662887 0.803042
0.673227 0.782779
0.674699 0.778675
0.687691 0.851318
0.686507 0.837399
0.708957 0.856241
0.686543 0.8267
0.70142 0.84224
0.727905 0.8723
0.717642 0.857945
0.711158 0.8483
0.686753 0.820925
0.696077 0.821865
0.682864 0.794825
0.707123 0.820934
0.706669 0.800813
0.718043 0.80683
0.759705 0.813913
0.72311 0.790759
0.760949 0.796578
0.706577 0.782119
0.759979 0.794421
0.775845 0.784619
0.771713 0.772109
0.818882 0.688444
0.79048 0.723274
0.876053 0.571541
0.841288 0.627738
0.820736 0.64587
0.818152 0.649831
0.81793 0.649163
0.838323 0.591522
0.814002 0.645502
0.802836 0.619081
0.774879 0.694363
0.80546 0.674024
0.794287 0.682665
0.778505 0.697706
0.77624 0.702584
0.785742 0.707298
0.764846 0.735335
0.759716 0.724855
0.749022 0.718749
0.728726 0.751933
0.724019 0.735966
0.719182 0.763427
0.724995 0.715402
0.730042 0.724499
0.724523 0.705458
0.703765 0.765682
0.702413 0.769098
0.699378 0.735557
0.703111 0.730953
0.7044 0.716217
0.713697 0.706763
0.708111 0.693006
0.691109 0.738332
0.696162 0.718692
0.671328 0.766048
0.694832 0.708133
0.696202 0.69496
0.697086 0.69089
0.65681 0.745292
0.65529 0.754078
0.654334 0.756378
0.637081 0.832005
0.63182 0.80547
0.649289 0.715777
0.594452 0.752404
0.577291 0.770787
0.574568 0.77778
0.56551 0.784601
0.583774 0.788369
0.55355 0.789576
0.592179 0.791074
0.601019 0.792314
0.58545 0.809586
0.579392 0.814988
0.570211 0.812646
0.591115 0.860358
0.548693 0.819185
0.543827 0.827901
0.568531 0.854334
0.497913 0.835323
0.498566 0.836269
0.475209 0.843148
0.471067 0.868474
0.492163 0.87109
0.502494 0.876351
0.508781 0.848427
0.522024 0.878605
0.517474 0.858649
0.519995 0.861762
0.564309 0.929877
0.554418 0.906697
0.570894 0.937715
0.599121 0.871341
0.589449 0.925359
0.592356 0.928673
0.581817 0.937592
0.570932 0.953906
0.523289 0.958501
0.462316 0.95976
0.55217 0.97992
0.407508 0.965153
0.452923 0.973057
0.45247 0.977536
0.409081 0.96752
0.393498 0.971215
0.358851 0.979589
0.300311 0.981293
0.315028 0.98427
0.575276 0.994335
0.402893 0.990423
0.267201 0.988753
0.528456 0.998591
0.342507 0.995152
0.391803 0.996888
0.440075 0.998632
0.26509 0.995036
0.235398 0.995926
0.128538 0.99691
0.211273 0.986035
0.266007 0.97687
0.355061 0.967602
0.514767 0.942705
0.506148 0.941474
0.478568 0.944545
0.467262 0.942357
0.39931 0.945502
0.421582 0.944897
0.419363 0.949307
0.357478 0.954147
0.356652 0.952219
0.366931 0.943552
0.292593 0.946335
0.37122 0.938478
0.260424 0.943454
0.259861 0.948529
0.237793 0.954089
0.284405 0.963415
0.227548 0.975008
0.176357 0.984625
0.120882 0.986567
0.109856 0.970838
0.090967 0.961625
0.111786 0.94598
0.138359 0.957686
0.176361 0.949422
0.184915 0.970965
0.181648 0.950218
0.191041 0.962645
0.203568 0.958255
0.205772 0.95626
0.182995 0.94567
0.176693 0.936729
0.180798 0.938508
0.213111 0.948755
0.205589 0.942507
0.236967 0.938572
0.222382 0.935418
0.198707 0.933525
0.117216 0.929903
0.121884 0.924373
0.251006 0.935125
0.304035 0.936604
0.312943 0.935264
0.232214 0.926712
0.286176 0.927285
0.088868 0.906914
0.16522 0.901471
0.363374 0.924836
0.352234 0.925262
0.187638 0.907825
0.259837 0.91828
0.281078 0.920726
0.292323 0.923828
0.364492 0.929254
0.36126 0.930818
0.442606 0.933981
0.166727 0.899569
0.19503 0.901315
0.371717 0.924583
0.336758 0.917889
0.324069 0.88605
0.36707 0.893212
0.408865 0.895751
0.36668 0.897404
0.372239 0.911916
0.396731 0.904467
0.450728 0.915589
0.503979 0.921304
0.431836 0.905954
0.424784 0.907194
0.417475 0.900926
0.450208 0.903093
0.511527 0.914865
0.33286 0.875157
0.321623 0.869515
0.351647 0.862716
0.470908 0.899356
0.512892 0.912172
0.432852 0.883723
0.335661 0.854109
0.386046 0.864681
0.457385 0.88322
0.345887 0.848724
0.462146 0.880595
0.471669 0.884771
0.437111 0.866846
0.391462 0.837876
0.410636 0.850677
0.373142 0.839582
0.382709 0.82403
0.358631 0.803032
0.334099 0.795479
0.329786 0.797583
0.297782 0.807637
0.329048 0.808431
0.31568 0.817817
0.320262 0.820102
0.296874 0.892049
0.291852 0.868137
0.294954 0.825181
0.288661 0.838328
0.279285 0.909667
0.279705 0.892893
0.250038 0.847589
0.252839 0.801462
0.223272 0.798704
0.215091 0.792828
0.300564 0.792459
0.287628 0.786504
0.279598 0.784479
0.227684 0.778174
0.242503 0.76943
0.310386 0.774277
0.277492 0.764268
0.247754 0.764693
0.240513 0.761718
0.255384 0.758596
0.210856 0.76114
0.271391 0.751491
0.193517 0.744965
0.170491 0.696176
0.200455 0.733245
0.207832 0.713843
0.184167 0.69929
0.223906 0.721176
0.171686 0.677391
0.244549 0.726137
0.248666 0.731295
0.275372 0.746252
0.2185 0.690335
0.248368 0.723983
0.151045 0.640566
0.209807 0.693321
0.220385 0.702997
0.185908 0.674081
0.142673 0.641699
0.138371 0.639425
0.099661 0.623722
0.097519 0.63444
0.113909 0.638207
0.093646 0.640256
0.099995 0.657382
0.120062 0.671163
0.110016 0.674669
0.10586 0.678283
0.10503 0.682795
0.128773 0.710014
0.142811 0.698015
0.147394 0.67872
0.151744 0.669207
0.161731 0.712252
0.219976 0.8216
0.17355 0.714737
0.182349 0.731615
0.201045 0.770258
0.239498 0.85514
0.15639 0.768483
0.092609 0.695713
0.213683 0.853325
0.196844 0.834145
0.157556 0.789891
0.14268 0.782173
0.171341 0.82532
0.16918 0.83441
0.134943 0.799713
0.089945 0.742739
0.10543 0.768496
0.104387 0.777594
0.115253 0.796408
0.138614 0.835703
0.115999 0.814126
0.10212 0.781143
0.086975 0.777899
0.089457 0.790864
0.084866 0.831669
0.167662 0.853771
0.245604 0.863958
0.235883 0.875864
0.229639 0.882728
0.256385 0.884642
0.26106 0.899309
0.246202 0.902776
0.218939 0.899264
0.206038 0.893325
0.189264 0.886956
0.198231 0.892186
0.168738 0.884594
0.183896 0.885979
0.106112 0.850786
0.11247 0.86374
0.11802 0.872803
0.084625 0.866855
0.082537 0.860765
0.08044 0.924684
0.075466 0.898819
0.069439 0.823322
0.07042 0.827916
0.07457 0.884065
0.075081 0.815355
0.062978 0.722831
0.055686 0.781385
0.063665 0.843713
0.067661 0.884177
0.074218 0.957693
0.07425 0.962827
0.069048 0.913821
0.071249 0.966406
0.058119 0.847697
0.05091 0.780469
0.04994 0.773063
0.047263 0.733812
0.043748 0.740319
0.035747 0.738126
0.036384 0.771467
0.054273 0.877366
0.034755 0.858345
0.058445 0.920112
0.061416 0.943592
0.052005 0.974283
0.054273 0.994794
0.048496 0.96281
0.039694 0.953736
0.04025 0.890036
0.032479 0.878942
0.031288 0.899787
0.018413 0.983877
0.027832 0.859598
0.016821 0.964284
0.019781 0.899004
0.009869 0.831211
0.013388 0.887808
0.015316 0.948793
0.011319 0.902937
0.011922 0.919976
0.011638 0.994665
0.003809 0.899587
0.004652 0.88195
0.006528 0.855504
0.015022 0.784546
0.004047 0.859582
0.017197 0.763012
0.008222 0.772089
