1
2000 1
0.250444 0.796465
0.281004 0.811985
0.383421 0.819833
0.396338 0.816139
0.403276 0.815777
0.404147 0.815602
0.293113 0.788615
0.250891 0.774175
0.264578 0.772183
0.251081 0.768458
0.275764 0.771339
0.305333 0.774762
0.313342 0.77254
0.347925 0.783342
0.346363 0.789051
0.367376 0.790535
0.367517 0.783761
0.390757 0.785747
0.437698 0.792342
0.413449 0.814371
0.456845 0.794182
0.4731 0.742656
0.457372 0.753146
0.467941 0.737987
0.46579 0.730289
0.39126 0.760949
0.43307 0.737084
0.429226 0.739195
0.420261 0.735741
0.412511 0.720209
0.412567 0.708777
0.396376 0.735049
0.381278 0.742168
0.355015 0.77034
0.263911 0.74625
0.334637 0.735305
0.272187 0.732679
0.323596 0.724483
0.312886 0.709702
0.285312 0.718629
0.251522 0.729404
0.290499 0.695241
0.331905 0.718538
0.304617 0.693342
0.382195 0.726805
0.409826 0.690314
0.381697 0.715839
0.394375 0.696683
0.341589 0.700648
0.407169 0.688327
0.28919 0.682561
0.278731 0.677356
0.282478 0.655098
0.339162 0.675762
0.372718 0.685592
0.362442 0.679729
0.308698 0.657551
0.36626 0.679821
0.353119 0.673395
0.279276 0.632686
0.368446 0.68034
0.36885 0.675996
0.369328 0.667978
0.348601 0.654167
0.253021 0.600774
0.288069 0.61594
0.27311 0.599545
0.255716 0.577642
0.276344 0.591089
0.311445 0.610657
0.328238 0.627375
0.317004 0.609752
0.390262 0.667501
0.335488 0.616587
0.285229 0.581848
0.270344 0.562033
0.339514 0.615312
0.276264 0.561612
0.351396 0.622383
0.347679 0.616249
0.260364 0.53301
0.260416 0.524411
0.301919 0.565081
0.291808 0.545564
0.274312 0.522908
0.306999 0.561165
0.325994 0.582869
0.257093 0.45315
0.376231 0.631413
0.324866 0.550671
0.357822 0.595354
0.40328 0.671432
0.414237 0.671192
0.431708 0.689143
0.383093 0.624469
0.419541 0.667758
0.462112 0.7071
0.387477 0.624247
0.443829 0.677844
0.415795 0.646354
0.434475 0.657926
0.403611 0.622178
0.356867 0.573816
0.32422 0.532359
0.327084 0.534499
0.474602 0.691902
0.44665 0.659438
0.450152 0.661954
0.449315 0.660567
0.32596 0.525114
0.328794 0.526009
0.399714 0.60241
0.43202 0.637309
0.42734 0.629868
0.262201 0.4472
0.264382 0.435858
0.353311 0.539141
0.353817 0.541193
0.351096 0.539548
0.401964 0.59635
0.386191 0.56728
0.389225 0.580785
0.281389 0.451806
0.259827 0.422447
0.263412 0.41293
0.256252 0.330559
0.267963 0.418415
0.293424 0.442906
0.275575 0.404211
0.286036 0.406336
0.293207 0.374253
0.259675 0.323884
0.252738 0.305139
0.298845 0.340396
0.285138 0.322501
0.296734 0.335436
0.285168 0.313803
0.300938 0.317407
0.301434 0.285441
0.289739 0.292372
0.265641 0.29153
0.251819 0.278747
0.274891 0.288991
0.289662 0.256518
0.303207 0.280504
0.303658 0.271045
0.325018 0.253509
0.324671 0.271417
0.320565 0.337755
0.32514 0.359168
0.316919 0.363031
0.314718 0.352018
0.305459 0.324724
0.307787 0.371604
0.30995 0.396948
0.316303 0.398818
0.352059 0.366843
0.331279 0.379516
0.337739 0.36413
0.349931 0.330622
0.352793 0.286182
0.357497 0.287807
0.363476 0.289985
0.362738 0.255956
0.377734 0.264778
0.402351 0.274223
0.401806 0.299889
0.400978 0.319065
0.412457 0.301497
0.422733 0.282574
0.43444 0.261016
0.433836 0.27644
0.447865 0.277708
0.458384 0.270772
0.427427 0.298419
0.390776 0.333108
0.32553 0.395654
0.348309 0.375294
0.32671 0.397125
0.337316 0.393555
0.434657 0.317274
0.473331 0.287422
0.473933 0.289789
0.440996 0.317908
0.413629 0.341432
0.318564 0.426897
0.353044 0.401068
0.41479 0.354968
0.434652 0.344203
0.404358 0.373881
0.480859 0.300159
0.502393 0.279101
0.51231 0.271426
0.504034 0.291705
0.465934 0.328274
0.383442 0.396643
0.338483 0.435043
0.334091 0.446666
0.350998 0.432173
0.353465 0.430862
0.357664 0.423172
0.368799 0.417229
0.374736 0.415026
0.36716 0.425661
0.348768 0.44387
0.349135 0.452424
0.331254 0.46326
0.32218 0.469212
0.32569 0.485352
0.35722 0.482858
0.369394 0.47403
0.391927 0.455823
0.392493 0.466835
0.394613 0.455214
0.390344 0.445188
0.393496 0.445045
0.390478 0.436738
0.38469 0.426045
0.397522 0.414621
0.404592 0.411792
0.479317 0.331001
0.465356 0.35293
0.453975 0.368295
0.427235 0.39744
0.501866 0.319734
0.524815 0.300495
0.548949 0.285641
0.556419 0.276966
0.58407 0.253765
0.487204 0.350357
0.563479 0.289757
0.508738 0.335866
0.517027 0.332903
0.465808 0.389497
0.461718 0.396959
0.464246 0.368736
0.407316 0.429703
0.447077 0.392142
0.411467 0.431754
0.414541 0.446132
0.398446 0.492106
0.39323 0.477967
0.383048 0.478933
0.384142 0.526921
0.387193 0.552166
0.394071 0.562229
0.422833 0.443184
0.411005 0.514625
0.449998 0.429451
0.468131 0.394474
0.446529 0.450312
0.440111 0.457814
0.421223 0.512656
0.418235 0.539738
0.482789 0.468485
0.481635 0.460771
0.47161 0.473842
0.453386 0.465598
0.468531 0.446403
0.498393 0.43427
0.454403 0.447201
0.511849 0.376329
0.466646 0.429348
0.499497 0.38988
0.507095 0.371093
0.504056 0.370606
0.519492 0.343439
0.569976 0.3004
0.553437 0.324508
0.55321 0.32566
0.543307 0.363198
0.46718 0.437187
0.544804 0.374066
0.516598 0.426463
0.506839 0.443163
0.433724 0.547735
0.422603 0.588243
0.449819 0.544801
0.468125 0.514462
0.50382 0.453991
0.56328 0.349925
0.570067 0.349535
0.477603 0.503568
0.464721 0.529231
0.447579 0.558084
0.49858 0.480178
0.503027 0.474191
0.530062 0.443272
0.518781 0.462446
0.495983 0.505028
0.492321 0.52794
0.486248 0.546789
0.472821 0.565591
0.500537 0.528894
0.545251 0.416889
0.572584 0.350372
0.581659 0.33465
0.574895 0.35779
0.474397 0.606339
0.479064 0.598404
0.502278 0.54234
0.525509 0.510361
0.467888 0.643172
0.51139 0.578918
0.502488 0.611101
0.539911 0.488712
0.580577 0.344732
0.563175 0.414481
0.51477 0.602887
0.609023 0.252527
0.514239 0.606829
0.570767 0.399702
0.529041 0.553152
0.590179 0.330072
0.44609 0.869207
0.465805 0.843639
0.45925 0.861091
0.475944 0.8505
0.485262 0.820148
0.483041 0.819701
0.47361 0.78924
0.489164 0.709355
0.491389 0.713806
0.501237 0.760527
0.494513 0.784819
0.494395 0.802567
0.489852 0.830096
0.483234 0.860919
0.472152 0.878547
0.472703 0.878368
0.493187 0.859987
0.467811 0.8866
0.469794 0.897005
0.476031 0.905247
0.492705 0.866545
0.498448 0.86509
0.506255 0.873489
0.504229 0.836558
0.508372 0.881273
0.515752 0.888862
0.515366 0.868106
0.502466 0.8146
0.505601 0.754445
0.510193 0.780207
0.515191 0.783927
0.544503 0.803766
0.572803 0.804339
0.562926 0.826034
0.526284 0.821766
0.515571 0.840474
0.588047 0.836482
0.638986 0.83587
0.617688 0.839929
0.524361 0.873113
0.61464 0.847241
0.549433 0.88679
0.640074 0.858456
0.674038 0.845803
0.560933 0.798164
0.535438 0.787509
0.570336 0.799625
0.570763 0.801103
0.658714 0.832213
0.665636 0.826584
0.653898 0.773861
0.638784 0.803067
0.63058 0.806736
0.639792 0.789388
0.625745 0.80388
0.640962 0.772743
0.663658 0.734313
0.604728 0.79698
0.586162 0.784927
0.603855 0.785143
0.588814 0.7808
0.567143 0.777736
0.55113 0.727591
0.54886 0.753988
0.515607 0.765433
0.542481 0.724987
0.536516 0.721412
0.640274 0.737915
0.643918 0.731316
0.662048 0.720942
0.548041 0.710039
0.601018 0.711395
0.517817 0.696055
0.562396 0.701437
0.54881 0.697824
0.565434 0.70051
0.531927 0.690674
0.51631 0.684076
0.516992 0.679386
0.528409 0.675762
0.585321 0.702478
0.632807 0.712245
0.567723 0.681178
0.633222 0.696431
0.635678 0.691812
0.656261 0.693481
0.597318 0.678644
0.640538 0.649474
0.608184 0.648208
0.635403 0.619995
0.531354 0.661507
0.51271 0.66468
0.648667 0.613766
0.643232 0.558724
0.640459 0.553483
0.63788 0.585647
0.635507 0.572625
0.623066 0.612354
0.607494 0.603512
0.578575 0.636342
0.584871 0.627838
0.574459 0.617007
0.557053 0.628581
0.599099 0.592513
0.528989 0.640382
0.565091 0.609655
0.567542 0.602803
0.566622 0.584795
0.55975 0.606914
0.534054 0.62493
0.526747 0.630698
0.511377 0.645246
0.526412 0.570901
0.525355 0.614368
0.528835 0.584426
0.531111 0.591643
0.536538 0.58325
0.532457 0.559431
0.535363 0.538191
0.540513 0.588907
0.544617 0.54535
0.548505 0.559226
0.552424 0.507009
0.568173 0.575107
0.563696 0.534137
0.568829 0.540362
0.571131 0.562288
0.582577 0.547455
0.57517 0.477592
0.572091 0.489189
0.569718 0.499871
0.566534 0.419229
0.579382 0.418747
0.58334 0.377702
0.58609 0.391614
0.585664 0.494031
0.587152 0.524848
0.593694 0.576824
0.609483 0.564994
0.602044 0.494445
0.602603 0.480624
0.60496 0.489625
0.610667 0.447877
0.61703 0.456514
0.62194 0.41065
0.638022 0.50278
0.629857 0.502926
0.62795 0.501752
0.642558 0.52987
0.632302 0.449128
0.63203 0.450118
0.615196 0.320919
0.593077 0.467101
0.591488 0.469693
0.602405 0.36564
0.599185 0.371251
0.602271 0.355881
0.611911 0.294594
0.612572 0.25465
0.625825 0.371512
0.628998 0.394116
0.617028 0.270202
0.627501 0.365776
0.632182 0.404737
0.67663 0.83257
0.618726 0.255466
0.62161 0.275854
0.663443 0.68393
0.635875 0.404477
0.626778 0.266242
0.662275 0.666815
0.659421 0.624016
0.630937 0.284175
0.632454 0.27523
0.635212 0.302431
0.647836 0.301781
0.652246 0.321973
0.655154 0.318901
0.643922 0.352733
0.646094 0.410633
0.647192 0.399312
0.651871 0.450096
0.664034 0.642961
0.664497 0.661453
0.664478 0.673957
0.672232 0.753682
0.672947 0.721572
0.654755 0.470571
0.653692 0.44629
0.655784 0.408096
0.663437 0.515249
0.668494 0.601009
0.668528 0.483168
0.666182 0.540382
0.666577 0.456031
0.681103 0.460078
0.680611 0.513906
0.680425 0.627184
0.679029 0.661618
0.680086 0.66836
0.678718 0.793714
0.691095 0.547998
0.68492 0.538987
0.683222 0.463678
0.695293 0.475042
0.692452 0.372025
0.682984 0.388004
0.671451 0.424334
0.665156 0.382053
0.658699 0.333596
0.677442 0.341088
0.662009 0.311727
0.67948 0.320511
0.688301 0.324734
0.692639 0.293378
0.703894 0.308616
0.703697 0.345955
0.707272 0.319503
0.705825 0.359947
0.696046 0.603728
0.687016 0.728929
0.698091 0.433195
0.679178 0.874411
0.691888 0.749313
0.694461 0.695807
0.688891 0.75345
0.694076 0.676966
0.696466 0.638348
0.705593 0.488885
0.706566 0.470124
0.704525 0.609681
0.703307 0.603138
0.702519 0.648924
0.697669 0.755457
0.699034 0.698034
0.675442 0.944809
0.682841 0.881158
0.686091 0.858301
0.686888 0.861024
0.67136 1.07424
0.670783 1.11919
0.679781 1.03544
0.67835 1.10671
0.686017 0.984476
0.691146 0.93136
0.688104 0.957346
0.698288 0.825911
0.693191 0.910184
0.689473 0.974012
0.694355 0.942331
0.687519 1.14352
0.736645 1.08577
0.704814 1.1253
0.753649 1.07058
0.818283 1.0016
0.835956 0.97773
0.819388 0.999579
0.839825 0.969141
0.82087 0.989791
0.838153 0.951427
0.831656 0.96258
0.825152 0.975618
0.816232 0.961159
0.810885 0.950133
0.808642 0.94546
0.823784 0.919181
0.810648 0.908033
0.810553 0.906241
0.801647 0.923994
0.792314 0.931202
0.792393 0.958994
0.801917 0.978201
0.817218 0.991414
0.812039 0.995501
0.778021 0.998203
0.787064 1.00157
0.794454 1.01743
0.789823 1.02531
0.746064 1.07146
0.72229 1.0981
0.781955 1.0288
0.767705 1.03144
0.742912 1.06841
0.708147 1.10935
0.730788 1.07478
0.75843 1.01772
0.738126 1.04591
0.740713 1.03731
0.747247 1.01765
0.751923 1.00428
0.71437 1.0777
0.714548 1.06491
0.743328 1.01492
0.710223 1.05298
0.720877 1.03234
0.71993 1.00778
0.702321 1.04822
0.69416 1.0563
0.724241 0.979916
0.730318 0.964695
0.73368 0.962162
0.747651 0.942796
0.752419 0.937441
0.755673 0.93589
0.750386 0.917928
0.733031 0.936999
0.728326 0.942212
0.717756 0.972032
0.721142 0.950948
0.727011 0.918331
0.694208 0.977758
0.711225 0.938013
0.713426 0.882244
0.708662 0.855118
0.719779 0.844822
0.720044 0.837315
0.717722 0.807559
0.72725 0.818865
0.74089 0.836594
0.772016 0.862866
0.83269 0.925241
0.725316 0.813166
0.727387 0.808272
0.859496 0.940708
0.856758 0.912447
0.849843 0.913817
0.837779 0.87538
0.829591 0.870567
0.826559 0.882622
0.795791 0.854532
0.747823 0.807262
0.713338 0.780299
0.726166 0.779177
0.704974 0.749681
0.704293 0.713493
0.735178 0.76694
0.740604 0.775524
0.732229 0.757235
0.73363 0.753706
0.829736 0.855405
0.73188 0.738437
0.847189 0.872318
0.821702 0.824259
0.824207 0.827302
0.834652 0.826892
0.828645 0.807678
0.826306 0.790607
0.825599 0.787427
0.816511 0.72389
0.80492 0.724551
0.798485 0.765043
0.796334 0.763806
0.81156 0.80671
0.782688 0.794327
0.763355 0.761933
0.773117 0.741823
0.747911 0.739567
0.75256 0.728641
0.776181 0.727224
0.746881 0.725542
0.759717 0.716215
0.770521 0.716305
0.806088 0.707281
0.748295 0.714058
0.709262 0.699462
0.709503 0.693895
0.713884 0.686888
0.724358 0.657532
0.723145 0.680119
0.73563 0.678884
0.740616 0.684273
0.740113 0.667824
0.75454 0.637471
0.767168 0.683281
0.774152 0.688245
0.769491 0.653419
0.768209 0.649312
0.761857 0.610778
0.779006 0.690795
0.794961 0.693441
0.784358 0.662612
0.795581 0.677119
0.80738 0.693607
0.796482 0.668713
0.776789 0.621995
0.760285 0.585189
0.786363 0.639197
0.799766 0.668428
0.78981 0.632815
0.795228 0.640687
0.769226 0.561438
0.730491 0.625127
0.724999 0.627586
0.715221 0.641816
0.707144 0.613577
0.711572 0.586636
0.712658 0.454329
0.720669 0.470651
0.721435 0.467814
0.730467 0.547625
0.736628 0.562679
0.745883 0.571638
0.728681 0.48334
0.738814 0.512184
0.712024 0.428222
0.747079 0.528071
0.752817 0.539775
0.753825 0.529851
0.732565 0.479764
0.723761 0.4542
0.751572 0.51473
0.758769 0.526336
0.720289 0.428116
0.717332 0.405072
0.766563 0.541185
0.750128 0.478226
0.726686 0.391754
0.719426 0.378475
0.714432 0.370854
0.735181 0.393073
0.762452 0.508792
0.746464 0.417671
0.748425 0.425953
0.788693 0.5972
0.860488 0.90042
0.851259 0.851852
0.787991 0.580865
0.769537 0.504971
0.745502 0.403702
0.748759 0.409259
0.749661 0.405333
0.755897 0.428659
0.818818 0.69406
0.799271 0.625549
0.822642 0.722095
0.863906 0.886591
0.877087 0.915026
0.884613 0.920312
0.863234 0.85848
0.881957 0.896319
0.871859 0.862177
0.856581 0.811811
0.835453 0.735667
0.836204 0.727438
0.835064 0.720876
0.819894 0.6677
0.836974 0.726702
0.849546 0.769612
0.856723 0.799306
0.871046 0.835323
0.882998 0.865914
0.829477 0.686859
0.808265 0.605012
0.760328 0.436753
0.749105 0.385952
0.816558 0.625208
0.780782 0.491955
0.77746 0.474791
0.83076 0.670138
0.866846 0.79809
0.898598 0.904881
0.854125 0.747303
0.896942 0.894925
0.834727 0.668296
0.854643 0.719145
0.864642 0.746757
0.834403 0.651091
0.78031 0.482728
0.812856 0.572878
0.800563 0.529392
0.790409 0.492008
0.766378 0.416611
0.740039 0.332215
0.746358 0.330885
0.724872 0.252779
0.807312 0.517684
0.833652 0.606045
0.781852 0.444802
0.821896 0.583223
0.828569 0.608503
0.822349 0.596422
0.869007 0.738875
0.850395 0.665488
0.847723 0.655016
0.859658 0.69082
0.787326 0.433908
0.809509 0.511262
0.819944 0.545434
0.815181 0.525006
0.817293 0.530754
0.807407 0.484204
0.846441 0.621614
0.861749 0.674296
0.913106 0.845097
0.909653 0.810341
0.898197 0.775325
0.901573 0.78216
0.901183 0.780103
0.906074 0.792243
0.898199 0.767398
0.848768 0.59937
0.836938 0.568678
0.83606 0.555872
0.836418 0.553416
0.897692 0.761003
0.935066 0.830464
0.864976 0.647961
0.856137 0.619226
0.847308 0.582129
0.882317 0.671325
0.923584 0.773829
0.945985 0.829119
0.922628 0.765758
0.898881 0.702905
0.850128 0.580648
0.833823 0.532263
0.825466 0.509813
0.753 0.318385
0.790485 0.339527
0.749221 0.305916
0.7489 0.303908
0.74817 0.296446
0.785367 0.324551
0.801599 0.3354
0.801203 0.334185
0.781675 0.317413
0.748002 0.281898
0.752817 0.276083
0.770553 0.259439
0.769927 0.252235
0.832436 0.252204
0.951407 0.251421
0.979605 0.251369
1.05295 0.250643
1.05995 0.256495
0.821435 0.262975
0.924263 0.263679
0.956625 0.263798
0.889095 0.266219
1.02359 0.264781
1.02001 0.271414
0.988342 0.27061
0.984952 0.270813
0.980394 0.277734
0.858551 0.270705
0.891042 0.275703
0.804433 0.265727
0.780571 0.277106
0.78462 0.286138
0.831459 0.336686
0.829457 0.337278
0.81004 0.337831
0.842769 0.340421
0.83666 0.294437
0.839762 0.302039
0.85247 0.311044
0.853677 0.28627
0.856598 0.287811
0.869152 0.287969
0.875589 0.28957
0.882592 0.285191
0.886569 0.288175
0.900735 0.28246
0.856072 0.317937
0.92145 0.293182
0.943846 0.290519
0.896115 0.311785
0.863371 0.319796
0.885998 0.3187
0.880655 0.324215
0.932562 0.304017
0.933792 0.30361
0.951532 0.299263
0.828476 0.349489
0.843047 0.362161
0.817536 0.375363
0.882533 0.355762
0.883269 0.35745
0.924561 0.350899
0.987419 0.3437
0.889319 0.366558
1.03386 0.336789
0.91066 0.349345
0.924908 0.340985
0.966395 0.337104
0.965539 0.333004
0.95592 0.319825
0.996763 0.319019
1.07469 0.258569
1.04913 0.286821
1.09238 0.273361
1.08394 0.277456
1.11598 0.265642
1.23595 0.269319
1.19445 0.27454
1.08175 0.284073
1.15522 0.278413
1.07361 0.285681
1.06985 0.287146
1.09272 0.286932
1.16739 0.285643
1.18773 0.290695
1.08395 0.298404
1.22666 0.292018
1.22201 0.296769
1.04163 0.301659
1.06596 0.31463
1.09953 0.307832
1.10704 0.321731
1.06728 0.356125
1.06134 0.349097
1.05159 0.345632
1.04732 0.347763
1.04292 0.374605
1.03625 0.339791
1.03119 0.371305
1.03946 0.377617
1.04014 0.390916
1.11425 0.32443
1.10215 0.341008
1.05008 0.409364
1.06661 0.405665
1.09232 0.395138
1.07709 0.423671
1.09372 0.407687
1.09992 0.392152
1.11509 0.377298
1.10917 0.373388
1.11172 0.370779
1.12942 0.372337
1.13304 0.36214
1.12646 0.356497
1.12788 0.343521
1.14556 0.344647
1.12448 0.322282
1.16303 0.333867
1.17647 0.313243
1.22087 0.299564
1.23397 0.295935
1.21871 0.333897
1.21169 0.376059
1.21939 0.355318
1.23421 0.30299
1.24877 0.354393
1.23713 0.35701
1.23262 0.375267
1.24811 0.385929
1.23424 0.434156
1.24387 0.414497
1.24898 0.417791
1.23433 0.499722
1.22453 0.517315
1.22551 0.486272
1.21392 0.485978
1.20357 0.486072
1.22133 0.432784
1.1963 0.443144
1.19254 0.471252
1.18317 0.526805
1.17892 0.543336
1.1758 0.571642
1.17494 0.577316
1.17299 0.555646
1.15536 0.596671
1.1274 0.597914
1.12552 0.566745
1.14867 0.549952
1.1332 0.54517
1.15341 0.512843
1.15767 0.506358
1.16713 0.491713
1.18573 0.456992
1.18154 0.456552
1.18399 0.442921
1.17743 0.451008
1.18304 0.422054
1.1909 0.387946
1.17495 0.425159
1.16849 0.437153
1.13313 0.52975
1.16086 0.441364
1.1135 0.531497
1.14075 0.473101
1.13813 0.471177
1.13248 0.481979
1.12745 0.491086
1.0965 0.559449
1.11964 0.461543
1.09026 0.566984
1.07246 0.544148
1.06704 0.552776
1.06851 0.528327
1.07534 0.519324
1.09308 0.496715
1.10024 0.477706
1.16322 0.405422
1.1789 0.389721
1.17455 0.376335
1.18122 0.365184
1.14149 0.411922
1.12081 0.423724
1.12585 0.432278
1.0582 0.524744
1.07627 0.49123
1.07858 0.485652
1.09636 0.450073
1.04184 0.51765
1.12417 0.410268
1.17512 0.342793
1.04147 0.510902
1.11772 0.41319
1.04031 0.508212
1.05006 0.491808
1.09423 0.430121
1.11591 0.399876
1.09342 0.422882
1.12548 0.384962
1.06613 0.444796
1.0465 0.466852
1.03392 0.501396
1.02408 0.523082
1.01361 0.512493
1.02151 0.478748
1.01213 0.505235
1.01691 0.479919
1.02023 0.464439
1.02724 0.433235
0.998535 0.491947
1.01722 0.368282
1.00849 0.365024
0.955618 0.354745
0.958118 0.35977
0.968719 0.41389
0.953503 0.371266
0.893473 0.382763
0.867965 0.388302
0.85869 0.397149
0.921105 0.416672
0.940886 0.451365
0.925313 0.442831
0.844392 0.394859
0.838876 0.394438
0.955196 0.46864
0.956165 0.466887
0.956721 0.466151
0.971266 0.44105
0.99269 0.406829
0.972416 0.447279
0.979444 0.444586
1.01559 0.376556
0.995067 0.425365
0.998478 0.455788
0.988343 0.44196
0.979862 0.462379
0.994397 0.506054
0.977831 0.493228
0.971514 0.489809
0.963882 0.485148
1.0047 0.517266
0.98252 0.510222
1.03418 0.544948
0.973556 0.516106
0.990819 0.538766
0.981038 0.558832
0.996273 0.586825
0.995682 0.561694
1.00632 0.577341
1.0432 0.606087
1.01538 0.562433
1.00716 0.551256
1.01568 0.556387
1.03645 0.574106
1.05643 0.573734
1.00164 0.536576
1.00666 0.535748
1.0924 0.585367
1.10658 0.593809
1.09481 0.610398
1.1314 0.620161
1.06373 0.613148
1.11267 0.623733
1.09737 0.623361
1.11241 0.634573
1.11512 0.642732
1.08597 0.640398
1.07202 0.632302
1.04886 0.624548
1.09609 0.656441
1.04431 0.625132
1.04175 0.621966
1.05024 0.669128
1.06258 0.717514
1.03375 0.681128
1.01195 0.633755
1.01184 0.636983
1.01131 0.649421
1.00956 0.648396
1.02989 0.705173
1.03156 0.718671
1.01179 0.661713
1.00223 0.675445
1.03426 0.72786
1.02387 0.725694
1.01812 0.724307
1.03434 0.747593
1.01001 0.750803
1.00646 0.729488
0.994418 0.65259
0.987731 0.6352
0.990573 0.636717
0.978479 0.595877
0.977275 0.598112
0.984009 0.629221
0.960393 0.536376
0.983771 0.657448
0.982218 0.69228
0.965361 0.597166
0.981673 0.70662
0.976291 0.677091
0.957121 0.59296
0.980909 0.722505
0.963091 0.628369
0.957802 0.659513
0.94297 0.64529
0.935221 0.639366
0.949953 0.627127
0.942194 0.618766
0.936435 0.527264
0.93786 0.614956
0.935695 0.546294
0.934843 0.630412
0.926729 0.573794
0.927428 0.555827
0.932665 0.560034
0.93306 0.508107
0.906871 0.446834
0.863249 0.423248
0.875729 0.446143
0.803472 0.380423
0.784704 0.370942
0.815664 0.403658
0.830764 0.444544
0.831904 0.425957
0.835888 0.427121
0.832765 0.417354
0.858579 0.45162
0.883659 0.492563
0.903439 0.541933
0.842864 0.473838
0.837411 0.471845
0.825309 0.461501
0.841588 0.485924
0.856773 0.502214
0.913726 0.58588
0.892109 0.556392
0.841581 0.487107
0.886904 0.565389
0.905955 0.598979
0.90749 0.605401
0.868046 0.535084
0.837436 0.485708
0.796357 0.417466
0.853646 0.540708
0.855269 0.542658
0.888127 0.6322
0.889783 0.642447
0.927827 0.64513
0.934134 0.657654
0.94259 0.674891
0.895647 0.658736
0.917568 0.670945
0.925973 0.67962
0.946603 0.695928
0.936159 0.696273
0.953036 0.707513
0.966443 0.731909
0.979486 0.753475
0.937089 0.74679
0.893044 0.686078
0.927086 0.741087
0.93227 0.788086
0.942632 0.795158
0.953521 0.820602
0.967127 0.815237
0.943465 0.792843
0.941577 0.777988
0.936469 0.758992
0.977179 0.817536
1.14582 0.628622
1.0962 0.688217
1.00688 0.790066
1.10188 0.697972
1.01961 0.782994
0.979238 0.849653
0.982575 0.85605
1.0084 0.818305
0.997275 0.847278
1.0156 0.806863
1.02896 0.808454
1.02544 0.82534
1.06286 0.768611
1.0398 0.808212
1.02632 0.847101
1.04396 0.828748
1.05966 0.813937
1.05517 0.821254
1.04651 0.83961
1.02383 0.861088
1.02393 0.864074
1.04916 0.862571
1.0695 0.848414
1.07116 0.866401
1.08223 0.800937
1.07467 0.764073
1.07126 0.738733
1.08696 0.72266
1.09499 0.734892
1.1189 0.714037
1.13367 0.678254
1.13423 0.677386
1.17203 0.600883
1.1689 0.611959
1.15037 0.671492
1.15455 0.665617
1.17168 0.631725
1.18837 0.5997
1.15684 0.663074
1.14168 0.691319
1.08761 0.822026
1.09873 0.802485
1.13206 0.732356
1.09503 0.825788
1.08081 0.8623
1.19359 0.599915
1.09415 0.839667
1.19527 0.597623
1.12388 0.777866
1.09572 0.844218
1.12859 0.770718
1.1509 0.716818
1.21225 0.575273
1.24402 0.513893
1.24918 0.523399
1.22015 0.581658
1.23989 0.552578
1.18418 0.655329
1.17409 0.685923
1.22086 0.596988
1.21494 0.609337
1.21554 0.619878
1.20833 0.638655
1.13347 0.769253
1.10488 0.849238
1.12437 0.820758
1.20823 0.656274
1.21995 0.641659
1.18766 0.705593
1.15837 0.762142
1.11328 0.852757
1.12737 0.831836
1.15131 0.791025
1.16571 0.765132
1.18623 0.723188
1.1809 0.745802
1.22631 0.661861
1.23607 0.612798
1.2474 0.614258
1.24662 0.624708
1.24767 0.629092
1.1935 0.732884
1.17536 0.785717
1.17715 0.786162
1.21892 0.743737
1.20421 0.726761
1.19903 0.727755
1.24065 0.660572
1.23505 0.678328
1.20583 0.721851
1.23295 0.713662
1.24198 0.693084
1.24335 0.752074
1.23475 0.733386
1.23511 0.763608
1.24289 0.81111
1.22718 0.766425
1.21833 0.796564
1.24104 0.820458
1.23462 0.82597
1.2447 0.842433
1.23017 0.837724
1.22582 0.844354
1.19781 0.83548
1.21056 0.817682
1.18101 0.797941
1.17696 0.828653
1.15816 0.820764
1.15203 0.830847
1.14802 0.835853
1.13166 0.847038
1.1302 0.835935
1.12934 0.838419
1.1281 0.848391
1.12526 0.85067
1.1103 0.867312
1.08827 0.884113
1.05383 0.872282
1.01058 0.870226
1.00856 0.87896
1.10307 0.896007
1.01313 0.88957
1.04721 0.899274
1.09532 0.915518
1.01357 0.91061
0.989629 0.8903
1.00906 0.91878
1.03396 0.955066
1.00299 0.903232
1.04892 0.954048
1.1307 0.916193
1.15915 0.901253
1.0942 0.93177
1.15975 0.900185
1.1452 0.884692
1.21738 0.868546
1.18092 0.878562
1.2474 0.868561
1.1854 0.899625
1.21857 0.883485
1.17434 0.905844
1.22572 0.892445
1.24925 0.909979
1.22464 0.916068
1.18879 0.916472
1.20325 0.94741
1.14649 0.928401
1.23352 0.967546
1.24672 0.988427
1.18835 0.965421
1.17767 0.96193
1.22699 0.989832
1.24493 0.994573
1.2226 1.00566
1.22176 1.0118
1.21074 1.00784
1.19229 0.990937
1.17401 0.987885
1.19315 0.993501
1.16696 0.987175
1.18869 1.00013
1.1886 1.00784
1.18986 1.01216
1.20678 1.01595
1.18102 1.02736
1.1697 1.00101
1.15223 0.970055
1.13567 0.934702
1.13468 0.940202
1.1239 0.995095
1.13194 1.01409
1.13461 1.00161
1.16961 1.0298
1.15521 1.05327
1.19049 1.06042
1.20743 1.03272
1.21626 1.03554
1.23406 1.01023
1.20017 1.06684
1.21314 1.05129
1.21629 1.06846
1.21692 1.05793
1.23748 1.022
1.24078 1.01874
1.21926 1.09869
1.20647 1.11569
1.21645 1.12839
1.20917 1.12195
1.151 1.08146
1.15638 1.09085
1.15574 1.09964
1.22087 1.13715
1.23692 1.193
1.21896 1.16526
1.21652 1.16299
1.19034 1.14593
1.16804 1.13166
1.20521 1.13241
1.16024 1.1157
1.15106 1.12963
1.15531 1.13999
1.1403 1.1449
1.11886 1.1577
1.1257 1.11971
1.10763 1.1444
1.09888 1.14231
1.09949 1.1133
1.11754 1.00668
1.11391 1.00553
1.10775 1.03893
1.1077 1.0289
1.07787 1.11144
1.0828 1.09196
1.08339 1.08997
1.0854 1.07679
1.06617 1.12933
1.03337 1.12614
1.04489 1.105
1.0289 1.11344
1.0367 1.09957
1.0785 1.05502
1.05909 1.06463
1.09588 1.02199
1.10203 1.01303
1.10366 1.00294
1.11477 0.983533
1.12304 0.952487
1.09324 0.986507
1.12346 0.945166
1.12854 0.934367
1.11452 0.939408
1.11642 0.940753
1.0891 0.943929
1.03751 0.989087
1.01597 1.02199
1.01119 1.02795
1.07817 0.997197
1.0266 1.03217
1.02384 1.03454
1.07327 1.00846
1.09798 0.997098
1.02631 1.09035
1.03878 1.07055
1.03302 1.07744
1.02819 1.06973
1.06323 1.03214
1.03915 1.04884
1.01632 1.0598
1.00138 1.00698
0.998454 1.0225
0.995943 1.07932
0.978124 1.05944
0.951718 1.00815
0.958449 1.04997
0.980805 1.0885
0.944138 1.056
0.973092 1.08535
0.921565 1.05498
0.919428 1.04835
0.931079 1.02375
0.915041 1.05495
0.930885 1.02377
0.917891 1.0339
0.90977 1.04014
0.926335 1.02049
0.875184 1.03962
0.917591 1.01269
0.94539 0.995248
0.981164 1.04246
0.983132 1.02652
0.988379 1.01101
0.98098 1.02491
0.99392 0.980041
0.987097 0.973639
0.993759 0.949389
0.963602 0.968795
0.893383 1.01604
0.907968 1.00158
0.929284 0.985807
0.931784 0.983303
0.937265 0.97728
0.900631 0.999764
0.922291 0.954241
0.946631 0.956451
0.981358 0.898013
0.973107 0.840969
0.953891 0.91638
0.958288 0.863143
0.955643 0.873321
0.93814 0.943036
0.926305 0.930349
0.926658 0.918004
0.928477 0.908403
0.902676 0.943047
0.960125 0.837931
0.82803 1.0019
0.831268 1.0037
0.827304 1.0358
0.824487 1.03286
0.822875 1.03789
0.966765 1.0847
0.836902 1.0437
0.887903 1.06318
1.02397 1.11093
0.971419 1.09565
0.966522 1.1001
0.895355 1.06856
0.969174 1.10533
0.94169 1.11247
0.905446 1.10799
1.00467 1.12968
1.00466 1.13406
0.910788 1.11201
0.876913 1.10791
0.858827 1.10781
0.865131 1.1055
0.886654 1.09476
0.932872 1.09397
0.885134 1.08664
0.890578 1.08068
0.82974 1.05198
0.817267 1.05628
0.780637 1.0529
0.783508 1.05666
0.763619 1.07545
0.776288 1.07752
0.77363 1.08083
0.824061 1.09745
0.796487 1.08975
0.834785 1.10637
0.838766 1.11318
0.901515 1.12413
0.937057 1.12926
0.92376 1.13167
0.920845 1.14083
0.898026 1.1364
0.799281 1.10799
0.749993 1.09477
0.837236 1.12056
0.80722 1.11378
0.741501 1.09957
0.828985 1.12252
0.747154 1.1055
0.844821 1.13299
0.877642 1.14174
0.851981 1.14043
0.825295 1.13695
0.826635 1.13969
0.779333 1.12685
0.783819 1.14919
0.823706 1.15298
0.696227 1.17066
0.701589 1.17548
0.688201 1.18435
0.740313 1.18463
0.7424 1.18286
0.753785 1.17514
0.920145 1.1425
0.912486 1.1477
0.89405 1.15452
0.947709 1.14603
0.932951 1.15156
0.881355 1.16618
0.776268 1.18518
0.857892 1.18269
0.834081 1.19194
0.848251 1.18992
0.861962 1.18455
0.91878 1.15909
0.898827 1.17996
0.905391 1.18067
0.901981 1.18356
1.01635 1.17883
0.961454 1.17685
0.975441 1.1767
0.997215 1.17624
1.04793 1.17668
1.01775 1.16069
0.94432 1.16541
0.974069 1.15158
0.982462 1.14269
1.14428 1.19857
1.13785 1.18968
1.07512 1.16946
1.00548 1.14594
1.08173 1.15785
1.08088 1.15648
1.12393 1.16921
1.17158 1.18626
1.1486 1.18359
1.1701 1.19944
1.20402 1.20095
1.14178 1.19938
1.16825 1.20162
1.16725 1.20752
1.16971 1.21005
1.19567 1.20574
1.18045 1.22918
1.24857 1.20909
1.20951 1.22366
1.221 1.24607
1.20912 1.23211
1.1981 1.24281
1.18843 1.24142
1.14006 1.21258
1.16492 1.21749
1.13073 1.20607
1.13457 1.21195
1.03567 1.21014
0.994646 1.20835
1.12857 1.20425
0.989076 1.19978
0.691085 1.19985
0.675502 1.19623
0.602778 1.19227
0.600987 1.19888
0.620465 1.20107
0.799578 1.20517
0.630324 1.20268
0.652156 1.20331
0.574584 1.20258
0.819988 1.2061
1.08003 1.2123
1.11482 1.2224
1.1537 1.24042
1.11471 1.23898
1.09357 1.23971
1.0447 1.23675
1.04257 1.21743
0.995557 1.22078
0.912098 1.20976
0.901767 1.21365
0.897875 1.21534
0.818585 1.20907
0.723218 1.20644
0.932461 1.22974
0.950742 1.23185
1.0209 1.24088
1.00013 1.24122
0.990999 1.24154
0.951529 1.23621
1.00536 1.24507
0.946056 1.2393
0.954447 1.24872
0.91581 1.24349
0.899863 1.24807
0.904005 1.24328
0.593529 1.24928
0.831281 1.24314
0.629476 1.24818
0.716881 1.24552
0.858599 1.23897
0.585158 1.24819
0.472512 1.24935
0.482015 1.24904
0.486183 1.24861
0.564568 1.24497
0.687502 1.23199
0.579664 1.23855
0.499621 1.24409
0.396664 1.24516
0.426537 1.23936
0.514458 1.23641
0.669959 1.23136
0.836138 1.22063
0.790321 1.22271
0.794143 1.2207
0.64119 1.22809
0.624915 1.22773
0.467087 1.2368
0.450614 1.23775
0.608718 1.22673
0.580622 1.22578
0.548015 1.22119
0.581446 1.22124
0.709151 1.22214
0.639053 1.22088
0.613555 1.22042
0.659124 1.21397
0.635406 1.21534
0.587809 1.21357
0.532586 1.21255
0.535427 1.20364
0.35057 1.23869
0.425819 1.2176
0.445919 1.21059
0.441346 1.20159
0.458493 1.20398
0.479297 1.20121
0.445932 1.1922
0.448336 1.18776
0.411095 1.20115
0.405591 1.21162
0.405156 1.21819
0.388295 1.21076
0.267063 1.24035
0.291733 1.23286
0.25328 1.24243
0.267448 1.2264
0.289079 1.2262
0.288655 1.20893
0.278948 1.1928
0.2864 1.18873
0.307084 1.20932
0.313861 1.205
0.351282 1.20509
0.331749 1.1924
0.332206 1.19064
0.331736 1.18619
0.349639 1.19053
0.380871 1.20301
0.363159 1.18725
0.399307 1.18554
0.380927 1.11361
0.392343 1.16239
0.359716 1.03443
0.373438 1.09528
0.376303 1.12375
0.37415 1.12148
0.396652 1.18497
0.381644 1.14896
0.371973 1.12085
0.357391 1.02104
0.35341 1.00441
0.357761 1.0368
0.375544 1.15893
0.354377 1.07214
0.356088 1.17952
0.350149 1.05641
0.346372 1.12047
0.338536 1.10232
0.340606 1.06488
0.341186 1.05761
0.324098 1.17315
0.316447 1.16531
0.310236 1.14581
0.312766 1.16791
0.295802 1.11159
0.298175 1.13066
0.286104 1.15602
0.2807 1.16559
0.277623 1.17186
0.273832 1.16365
0.254359 1.15439
0.252977 1.15018
0.271344 1.12877
0.269873 1.05519
0.268394 1.06441
0.256026 1.13557
0.25287 1.10892
0.251611 1.01013
0.281949 1.05505
0.278699 1.01886
0.268935 1.01217
0.270919 0.9753
0.278507 0.977143
0.309757 1.07233
0.303295 1.02431
0.28741 0.984842
0.305509 1.00226
0.322011 1.13284
0.327029 1.11601
0.315815 0.974097
0.334778 1.06587
0.32319 0.99714
0.329029 1.02496
0.330379 1.02071
0.326744 0.983697
0.343464 0.968529
0.366879 1.02934
0.381479 1.03965
0.389222 1.03808
0.363765 0.987179
0.363811 0.980125
0.380653 1.00712
0.386089 1.01163
0.396843 0.997744
0.370962 0.978243
0.377308 0.957672
0.403074 0.993976
0.402862 1.0311
0.408618 1.04059
0.416515 1.038
0.4163 1.04348
0.433672 1.06974
0.414222 1.09
0.402687 1.08644
0.408672 1.12444
0.435591 1.07371
0.434313 1.08842
0.448727 1.08047
0.436136 1.01937
0.439965 1.05184
0.429457 1.03466
0.423 1.02852
0.420828 0.999902
0.433661 1.00973
0.430327 0.986675
0.427319 0.969212
0.453383 1.02605
0.476674 1.08357
0.475323 1.09008
0.494756 1.12322
0.463668 1.13638
0.420982 1.14987
0.433747 1.14068
0.42974 1.13273
0.455887 1.10248
0.422226 1.12534
0.400164 1.15483
0.403867 1.15717
0.484929 1.14187
0.506745 1.1363
0.508229 1.14753
0.469194 1.1524
0.49319 1.15574
0.438582 1.1642
0.418054 1.16752
0.524909 1.15961
0.533612 1.12521
0.513802 1.09649
0.533342 1.10981
0.501226 1.05358
0.497203 1.06887
0.498598 1.03131
0.473081 0.988758
0.502091 1.10097
0.496844 1.09464
0.492377 1.09042
0.454516 1.01411
0.439156 0.97483
0.460466 0.994334
0.481336 1.05684
0.457876 0.967372
0.433426 0.967938
0.457046 0.957178
0.498825 1.01278
0.500965 1.0096
0.497017 0.990152
0.519384 1.04479
0.518541 1.03048
0.538851 1.09362
0.543492 1.12014
0.547412 1.10098
0.542689 1.06917
0.527167 1.02425
0.523329 1.00876
0.559231 1.07024
0.533881 1.01526
0.541171 1.03256
0.52486 0.995918
0.515599 0.964894
0.531175 0.996367
0.53712 0.979944
0.563594 1.02009
0.561123 1.03344
0.587531 1.04419
0.547222 0.984206
0.59582 1.03844
0.595719 1.02768
0.547385 0.982298
0.554927 0.979974
0.545788 0.981038
0.577362 0.976426
0.59146 0.985567
0.611631 1.00285
0.58854 0.999479
0.609143 1.0272
0.584791 1.07441
0.538803 1.15114
0.560214 1.11872
0.546841 1.16465
0.598684 1.05639
0.604808 1.04744
0.585701 1.0923
0.560244 1.14594
0.558305 1.16978
0.589263 1.10745
0.583388 1.13591
0.597911 1.09806
0.590471 1.1657
0.59226 1.16859
0.605189 1.1465
0.608941 1.12812
0.61536 1.09745
0.620858 1.05993
0.622756 1.07389
0.636602 1.01809
0.640609 1.01425
0.640237 1.01714
0.64405 1.01577
0.644294 1.02679
0.632922 1.06931
0.613336 1.14243
0.628309 1.09645
0.625436 1.17341
0.63516 1.12053
0.64262 1.04167
0.630456 1.17827
0.650549 1.0229
0.655874 1.06288
0.649562 1.18043
0.653747 1.16831
0.660021 1.03057
0.661183 0.960991
0.648349 0.956293
0.661774 0.950508
0.664139 0.937957
0.635457 0.953454
0.614039 0.958667
0.661152 0.925953
0.667557 0.900345
0.675889 0.892143
0.675203 0.887675
0.647637 0.914307
0.63464 0.924027
0.614348 0.948628
0.591146 0.958845
0.599453 0.945945
0.6664 0.876239
0.606407 0.930652
0.601097 0.92038
0.559057 0.94941
0.623991 0.891097
0.555911 0.927654
0.574021 0.917416
0.527352 0.9285
0.556407 0.916267
0.579405 0.911469
0.582359 0.906585
0.63622 0.877315
0.535509 0.92095
0.566834 0.905283
0.500687 0.931153
0.490223 0.93425
0.470842 0.942388
0.4083 0.949067
0.429003 0.944049
0.395866 0.949133
0.409179 0.945597
0.432177 0.937485
0.448666 0.929919
0.455592 0.926266
0.524155 0.906814
0.518083 0.906045
0.675652 0.856095
0.636973 0.86495
0.409512 0.931049
0.357418 0.945393
0.415753 0.927512
0.395136 0.904429
0.397765 0.89516
0.409076 0.882882
0.440761 0.840735
0.427761 0.852579
0.45233 0.813956
0.413442 0.859125
0.417897 0.86044
0.370595 0.919544
0.392643 0.88347
0.381396 0.892265
0.388482 0.878061
0.414469 0.861702
0.41288 0.862172
0.413336 0.861476
0.383828 0.87375
0.382715 0.874851
0.31887 0.955739
0.344812 0.922056
0.333933 0.933658
0.300713 0.960688
0.338063 0.924888
0.365266 0.890668
0.386187 0.868263
0.374755 0.875247
0.358208 0.889116
0.284856 0.949219
0.273632 0.951954
0.251846 0.966614
0.295733 0.925379
0.380464 0.864297
0.305739 0.90752
0.27854 0.92646
0.293978 0.903633
0.258184 0.94084
0.265758 0.921108
0.263424 0.907455
0.256207 0.9133
0.255774 0.878293
0.315958 0.882314
0.334366 0.865975
0.331749 0.864546
0.308218 0.861298
0.304583 0.847757
0.294696 0.852865
0.290444 0.846489
0.282996 0.829809
0.258258 0.826967
