1
3000 1
0.100444 0.646465
0.100891 0.624175
0.101081 0.618458
0.101522 0.579404
0.106019 0.541283
0.12311 0.449545
0.11461 0.480091
0.121438 0.434251
0.152685 0.33361
0.168564 0.276897
0.134453 0.383695
0.126264 0.411612
0.120344 0.412033
0.148793 0.323958
0.103021 0.450774
0.120027 0.393497
0.119814 0.392713
0.105716 0.427642
0.124312 0.372908
0.110364 0.38301
0.110416 0.374411
0.119225 0.328617
0.143424 0.292906
0.187316 0.243555
0.131389 0.301806
0.17671 0.247125
0.17553 0.245654
0.122298 0.294849
0.119034 0.296812
0.126677 0.287579
0.166303 0.248818
0.15099 0.262309
0.15995 0.246948
0.13792 0.263544
0.136036 0.256336
0.117963 0.268415
0.114382 0.285858
0.112201 0.2972
0.102069 0.328316
0.107093 0.30315
0.105068 0.311184
0.109827 0.272447
0.113412 0.26293
0.116527 0.257494
0.125575 0.254211
0.110608 0.227092
0.116117 0.222775
0.106252 0.180559
0.109675 0.173884
0.130943 0.237947
0.135138 0.172501
0.146734 0.185436
0.148845 0.190396
0.143207 0.224253
0.153816 0.218512
0.157787 0.221604
0.166919 0.213031
0.164718 0.202018
0.17514 0.209168
0.181279 0.229516
0.177539 0.20957
0.198309 0.225294
0.207247 0.222524
0.202059 0.216843
0.187739 0.21413
0.170565 0.187755
0.155459 0.174724
0.102738 0.155139
0.135168 0.163803
0.150938 0.167407
0.199931 0.180622
0.141391 0.150327
0.222287 0.167809
0.207497 0.137807
0.202793 0.136182
0.139739 0.142372
0.115641 0.14153
0.151434 0.135441
0.124891 0.138991
0.108209 0.130096
0.101819 0.128747
0.153658 0.121045
0.153207 0.130504
0.174671 0.121417
0.139662 0.106518
0.17481 0.109386
0.175018 0.103509
0.197263 0.121443
0.213476 0.139985
0.225186 0.146291
0.212738 0.105956
0.227734 0.114778
0.223405 0.107966
0.252351 0.124223
0.28444 0.111016
0.273861 0.119104
0.298527 0.117886
0.283836 0.12644
0.272733 0.132574
0.251806 0.149889
0.26294 0.145944
0.262457 0.151497
0.297865 0.127708
0.308384 0.120772
0.277427 0.148419
0.250978 0.169065
0.240776 0.183108
0.280713 0.157632
0.315934 0.178274
0.337204 0.200357
0.329317 0.181001
0.32808 0.16324
0.323933 0.139789
0.323331 0.137422
0.330859 0.150159
0.34991 0.209454
0.351866 0.169734
0.372073 0.225731
0.358738 0.185866
0.369492 0.193439
0.388676 0.241663
0.394804 0.224066
0.367027 0.182903
0.393307 0.213198
0.398336 0.22724
0.39327 0.209109
0.413175 0.264481
0.429382 0.268747
0.424642 0.270724
0.416534 0.269229
0.361849 0.226329
0.357095 0.221093
0.354056 0.220606
0.364351 0.231271
0.395251 0.266889
0.290996 0.167908
0.284657 0.167274
0.308952 0.193467
0.315356 0.20293
0.271327 0.172528
0.349497 0.23988
0.284652 0.194203
0.314246 0.218736
0.303975 0.218295
0.366598 0.276463
0.380062 0.293272
0.435664 0.344031
0.42517 0.327592
0.396317 0.279385
0.413729 0.296389
0.452044 0.344445
0.441488 0.319693
0.443077 0.317101
0.45496 0.339625
0.452603 0.330624
0.442001 0.290273
0.460667 0.297877
0.46703 0.306514
0.48203 0.300118
0.476542 0.316419
0.47795 0.351752
0.479857 0.352926
0.492558 0.37987
0.488022 0.35278
0.504755 0.320571
0.518528 0.333168
0.499904 0.385459
0.51209 0.380463
0.51519 0.377321
0.516261 0.367973
0.513437 0.365249
0.513777 0.354076
0.529558 0.363293
0.530611 0.363906
0.516182 0.390382
0.514241 0.396294
0.536821 0.430036
0.53492 0.388987
0.537859 0.392585
0.533222 0.313678
0.531103 0.310078
0.49543 0.270378
0.507355 0.290797
0.503692 0.29629
0.501871 0.300096
0.516577 0.306031
0.482302 0.299128
0.451862 0.285682
0.420767 0.249702
0.440725 0.255468
0.453176 0.261528
0.47194 0.26065
0.521451 0.274334
0.496094 0.260633
0.505784 0.258096
0.504455 0.254743
0.497192 0.249312
0.478998 0.244116
0.485875 0.254477
0.482182 0.254737
0.449185 0.221251
0.441913 0.242129
0.43609 0.241614
0.43334 0.227702
0.424895 0.20779
0.422584 0.200372
0.420067 0.199535
0.429518 0.231087
0.418295 0.221035
0.41328 0.199925
0.391173 0.175651
0.40321 0.17566
0.452405 0.21564
0.475825 0.221512
0.489142 0.240127
0.542219 0.263704
0.512723 0.237278
0.521581 0.24055
0.452271 0.205881
0.430577 0.194732
0.477501 0.215776
0.493922 0.202733
0.483391 0.191806
0.480393 0.165959
0.459936 0.185838
0.450321 0.188513
0.431659 0.18465
0.440179 0.180072
0.465196 0.170919
0.473002 0.162826
0.403437 0.174508
0.374815 0.150495
0.354034 0.141705
0.352393 0.129101
0.412295 0.159074
0.419976 0.1504
0.413879 0.149445
0.398682 0.14522
0.398949 0.135641
0.413479 0.139757
0.461911 0.144594
0.406419 0.126966
0.467028 0.120202
0.354233 0.126639
0.36231 0.121426
0.381857 0.102402
0.43407 0.103765
0.459023 0.102527
0.462572 0.10465
0.468726 0.105466
0.47161 0.125854
0.475129 0.138473
0.474358 0.139438
0.470106 0.155261
0.485212 0.152431
0.480937 0.134175
0.480858 0.129592
0.476778 0.116242
0.482454 0.12523
0.497836 0.151781
0.500782 0.152326
0.493508 0.221683
0.500247 0.201
0.508699 0.183596
0.513387 0.219091
0.515156 0.232053
0.532984 0.238004
0.527442 0.191088
0.525827 0.165238
0.512009 0.161727
0.505154 0.168901
0.502246 0.171973
0.523084 0.108791
0.527948 0.165607
0.52948 0.170511
0.542452 0.222025
0.535414 0.187389
0.532679 0.158849
0.542639 0.143378
0.538301 0.174734
0.548813 0.202091
0.545293 0.325042
0.548091 0.283195
0.541095 0.397998
0.553307 0.453138
0.553072 0.434267
0.551816 0.265007
0.555593 0.338885
0.557522 0.391593
0.556566 0.320124
0.553697 0.195955
0.555825 0.209947
0.556879 0.232432
0.564432 0.220854
0.562024 0.278222
0.562658 0.304329
0.562499 0.413405
0.567332 0.255072
0.569426 0.228475
0.570289 0.278116
0.570669 0.320651
0.571435 0.317814
0.573761 0.3042
0.585181 0.243073
0.576686 0.241754
0.590039 0.182215
0.567463 0.183117
0.557272 0.169503
0.553894 0.158616
0.558772 0.159061
0.574872 0.102779
0.577998 0.118199
0.598002 0.131898
0.567541 0.17383
0.59817 0.146446
0.5989 0.153908
0.635367 0.174551
0.640485 0.189527
0.599221 0.155916
0.603 0.168385
0.596358 0.180885
0.640727 0.202202
0.675437 0.215042
0.647896 0.190994
0.651599 0.1854
0.651203 0.184185
0.631675 0.167413
0.603052 0.145541
0.66004 0.187831
0.602817 0.126083
0.682785 0.204699
0.693047 0.212161
0.743473 0.232763
0.746811 0.229762
0.678476 0.199489
0.679457 0.187278
0.681459 0.186686
0.692769 0.190421
0.63462 0.136138
0.630571 0.127106
0.620553 0.109439
0.619927 0.102235
0.688789 0.178569
0.691133 0.177677
0.726384 0.212071
0.739319 0.216558
0.818719 0.26389
0.86351 0.280758
0.877244 0.283235
0.842044 0.265149
0.846342 0.270331
0.796718 0.240126
0.84269 0.256829
0.733269 0.20745
0.732533 0.205762
0.818467 0.24371
0.704037 0.17951
0.706072 0.167937
0.713371 0.169796
0.76066 0.199345
0.803503 0.221266
0.774561 0.200899
0.806607 0.210785
0.774908 0.190985
0.735998 0.1687
0.747501 0.181349
0.730655 0.174215
0.70247 0.161044
0.746115 0.161785
0.689762 0.152039
0.68666 0.144437
0.674097 0.142069
0.646166 0.114786
0.655796 0.103484
0.654433 0.115727
0.661465 0.108876
0.671435 0.112975
0.709445 0.146924
0.703677 0.13627
0.706598 0.137811
0.710924 0.140137
0.719152 0.137969
0.734845 0.153032
0.725589 0.13957
0.799659 0.202741
0.808118 0.20977
0.86799 0.258752
0.805618 0.204745
0.91613 0.294796
0.86576 0.244463
0.94636 0.300073
0.949686 0.300808
0.931931 0.287843
0.950868 0.299988
0.940388 0.291986
0.708613 0.124837
0.708551 0.120705
0.682436 0.102204
0.736569 0.138175
0.732592 0.135191
0.715592 0.120611
0.723492 0.124288
0.741042 0.125703
0.750735 0.13246
0.739095 0.116219
0.791383 0.168075
0.816395 0.187104
0.783792 0.15361
0.782562 0.154017
0.77145 0.143182
0.787444 0.141704
0.774263 0.113679
0.80592 0.169825
0.793846 0.140519
0.783943 0.120873
0.801407 0.101421
0.829605 0.101369
0.851235 0.101866
0.828777 0.102205
0.819889 0.109611
0.806625 0.113798
0.809938 0.125255
0.834952 0.120813
0.838342 0.12061
0.830394 0.127734
0.815728 0.133868
0.90295 0.100643
0.873589 0.114781
0.870006 0.121414
0.813725 0.141987
0.801532 0.149263
0.815539 0.183004
0.846763 0.169019
0.848589 0.173023
0.837419 0.1937
0.854118 0.216091
0.858491 0.215024
0.867224 0.218282
0.86559 0.226556
0.883857 0.186789
0.881185 0.221305
0.890141 0.240916
0.889461 0.227617
0.892919 0.224605
0.886245 0.189791
0.897324 0.197763
0.901592 0.195632
0.891628 0.151659
0.899125 0.136821
0.909946 0.106495
0.924688 0.108569
0.919851 0.137146
0.923615 0.135681
0.915962 0.16463
0.904758 0.215585
0.901398 0.232263
0.911335 0.199097
0.93175 0.134073
0.933945 0.127456
0.917279 0.206125
0.915674 0.214818
0.900082 0.259364
0.912323 0.241406
0.933949 0.148404
0.933383 0.158952
0.916611 0.255665
0.934183 0.175595
0.927094 0.273671
0.943416 0.272882
0.942634 0.269811
0.942317 0.245138
0.943722 0.257687
0.948531 0.206512
0.949923 0.242152
0.952149 0.191008
0.94981 0.175349
0.949531 0.157832
0.940887 0.176537
0.942721 0.136932
0.942376 0.123361
0.957044 0.171731
0.95938 0.117642
0.965977 0.115642
0.999518 0.107558
1.02925 0.100887
1.00522 0.128413
1.08659 0.104991
1.06545 0.114631
1.01667 0.131286
1.04445 0.12454
1.01973 0.132463
1.01739 0.135643
1.06602 0.143227
1.03773 0.140695
1.00304 0.136839
1.01771 0.145347
0.974477 0.172282
0.975708 0.145197
0.964255 0.17443
0.973549 0.135572
0.958935 0.181165
0.977878 0.193521
0.976456 0.206497
0.983035 0.21214
0.964283 0.210029
0.961725 0.220779
0.959167 0.223388
0.965091 0.227298
0.979424 0.222337
0.995559 0.194647
1.00831 0.179629
1.02648 0.163243
1.01303 0.183867
1.02512 0.192793
0.975478 0.234962
1.04601 0.180546
0.965914 0.249876
0.974168 0.260268
0.967719 0.26319
0.991488 0.261922
0.944226 0.280121
0.970808 0.273724
0.976612 0.273402
0.984527 0.277916
0.975852 0.282278
0.971439 0.296827
0.969641 0.311543
1.00151 0.265004
1.02455 0.226335
1.03122 0.215184
1.07087 0.149564
1.07201 0.146769
1.07133 0.160681
1.07666 0.142018
1.08595 0.119319
1.08397 0.145935
1.08699 0.148847
1.08421 0.15299
1.08546 0.18822
1.08713 0.20701
1.08262 0.225267
1.09877 0.204393
1.09811 0.235929
1.09387 0.264497
1.09898 0.267791
1.09857 0.306626
1.08424 0.284156
1.0785 0.288397
1.07133 0.282784
1.07547 0.307883
1.09453 0.3463
1.07551 0.336272
1.08433 0.349722
1.06565 0.343903
1.06392 0.335978
1.06055 0.317588
1.0589 0.322282
1.05357 0.336072
1.06447 0.302101
1.06939 0.205318
1.06871 0.183897
1.06169 0.226059
1.0516 0.319119
1.0463 0.293144
1.04255 0.321252
1.03573 0.306992
1.03154 0.306552
1.03399 0.292921
1.05754 0.2097
1.03698 0.269914
1.02743 0.301008
1.03304 0.272054
1.0409 0.237946
1.0289 0.239721
1.01322 0.255422
1.02628 0.265925
1.02494 0.275159
1.01849 0.287153
1.01086 0.291364
1.01173 0.300218
0.988132 0.321177
0.990755 0.323101
0.845067 0.275365
0.937764 0.311549
0.918423 0.306569
0.717965 0.238302
0.854687 0.29144
0.838834 0.289376
0.648382 0.214407
0.634704 0.220942
0.668185 0.229982
0.667536 0.225363
0.771105 0.266672
0.70869 0.247149
0.686101 0.240481
0.653472 0.230423
0.694392 0.244859
0.663602 0.23714
0.688876 0.244438
0.838343 0.29196
0.705019 0.258146
0.702839 0.258239
0.599105 0.235952
0.665664 0.253658
0.73725 0.272343
0.821266 0.29105
0.590113 0.24127
0.697628 0.268628
0.682765 0.267354
0.713249 0.273248
0.829444 0.294586
0.736598 0.277916
0.595502 0.253702
0.798634 0.292669
0.599661 0.255333
0.598759 0.259259
0.646357 0.267466
0.681904 0.275957
0.685888 0.277121
0.754566 0.290978
0.775313 0.292831
0.836132 0.305777
0.848478 0.305788
0.864061 0.308548
0.8965 0.316852
0.822416 0.297279
0.817731 0.293181
0.860166 0.303295
0.982479 0.331979
0.950243 0.327706
0.87023 0.314439
0.928577 0.324901
1.01713 0.341713
1.0796 0.354171
0.927789 0.325632
0.977454 0.341086
0.866911 0.329919
0.928577 0.335652
0.871515 0.328748
0.824642 0.309054
0.829862 0.312379
0.790886 0.301365
0.771788 0.299358
0.756871 0.296834
0.806721 0.316151
0.616378 0.266611
0.806165 0.316887
0.725729 0.296143
0.849294 0.328417
0.945039 0.342762
1.09402 0.363893
0.926272 0.34123
0.904614 0.3396
0.918899 0.342687
0.943077 0.346715
1.00767 0.356358
0.900057 0.341808
1.00848 0.358266
1.07453 0.367315
1.09918 0.373399
1.00341 0.362843
1.08297 0.383993
1.03317 0.376805
1.06517 0.387256
1.09662 0.393317
1.08989 0.402578
1.08102 0.434686
1.07015 0.431658
1.06225 0.425273
1.0258 0.421642
1.05468 0.412045
1.03882 0.392537
1.02892 0.393336
1.02299 0.405646
0.998671 0.399952
1.00101 0.385559
0.994825 0.385923
0.986655 0.394894
0.963499 0.381497
0.947689 0.378678
0.9381 0.376509
0.983131 0.37975
0.925338 0.369324
0.883916 0.351396
0.890306 0.358212
0.891471 0.360902
0.983202 0.39517
0.891842 0.36765
0.908198 0.374744
0.918509 0.378327
0.925373 0.387554
0.993813 0.407668
0.989781 0.410904
1.02494 0.427316
1.04991 0.43782
1.07086 0.446988
1.0974 0.464258
1.08607 0.462798
1.06493 0.459337
1.04527 0.447623
1.04359 0.449915
0.975521 0.416745
0.946503 0.409449
0.92246 0.394148
0.848535 0.341947
0.805196 0.31864
0.820005 0.335678
0.813882 0.335148
0.821514 0.339809
0.827831 0.343228
0.862131 0.355235
0.861719 0.364036
0.863606 0.362493
0.862084 0.365014
0.844397 0.356054
0.728019 0.306008
0.708579 0.30162
0.874084 0.373082
0.854699 0.367266
0.83252 0.360222
0.680764 0.294544
0.637326 0.283908
1.03837 0.4497
0.596464 0.267671
1.09662 0.474708
1.06554 0.469878
1.02168 0.481725
0.995821 0.478622
0.962674 0.473733
0.981396 0.470161
1.02375 0.46266
1.0189 0.461959
1.02036 0.46087
0.944808 0.460398
0.947367 0.473361
0.913731 0.463148
0.893197 0.456087
0.909477 0.446848
0.836296 0.439147
0.846273 0.436825
0.856322 0.427341
0.845682 0.411694
0.886447 0.424106
0.956583 0.443809
0.977403 0.447914
0.865377 0.412433
0.906434 0.423734
0.9424 0.435367
1.00536 0.446671
0.869412 0.407917
0.865679 0.406387
0.857162 0.401256
0.905755 0.40777
1.02203 0.450883
0.940263 0.416984
0.915787 0.408127
0.917036 0.402776
0.880663 0.388198
0.884181 0.394948
0.856659 0.385748
0.85164 0.386576
0.840819 0.388766
0.836578 0.396252
0.823556 0.366106
0.81893 0.362903
0.813133 0.3802
0.831038 0.408832
0.806598 0.383697
0.810393 0.386376
0.78306 0.358107
0.786435 0.377264
0.73736 0.339778
0.733659 0.342563
0.692864 0.323838
0.675309 0.311501
0.651574 0.30343
0.687411 0.321845
0.785695 0.396294
0.691588 0.335924
0.691581 0.337107
0.687436 0.335708
0.706773 0.352214
0.777428 0.405827
0.782665 0.410034
0.764203 0.398255
0.734902 0.390496
0.675466 0.359813
0.753439 0.391933
0.698574 0.364028
0.631852 0.294802
0.605897 0.278659
0.657407 0.334204
0.610328 0.286753
0.598425 0.275953
0.591872 0.316753
0.609213 0.305006
0.611711 0.321231
0.63031 0.332728
0.62746 0.324791
0.631441 0.31364
0.640409 0.342008
0.718046 0.385084
0.630782 0.341955
0.643556 0.349286
0.647777 0.351993
0.600128 0.328226
0.582565 0.329764
0.578681 0.33334
0.603106 0.342601
0.657312 0.367684
0.628813 0.350519
0.659509 0.361262
0.742109 0.406392
0.705269 0.392658
0.703646 0.390708
0.683823 0.382263
0.680335 0.381474
0.667293 0.380754
0.665181 0.375006
0.619537 0.354971
0.615189 0.354662
0.612452 0.358792
0.601572 0.36473
0.650563 0.379392
0.716569 0.402086
0.73563 0.408189
0.736904 0.415389
0.704476 0.437309
0.700128 0.430648
0.697308 0.432129
0.686938 0.418678
0.697481 0.406668
0.696162 0.397025
0.588814 0.362184
0.669944 0.395434
0.608769 0.376336
0.603825 0.379851
0.597079 0.378071
0.615274 0.390743
0.686418 0.403416
0.616563 0.391185
0.602817 0.389775
0.580467 0.397625
0.586628 0.412679
0.619226 0.411438
0.68606 0.405872
0.662856 0.422878
0.671896 0.433223
0.650086 0.429938
0.637991 0.430865
0.638693 0.4472
0.623542 0.450648
0.610285 0.435189
0.595883 0.421638
0.561572 0.436636
0.580259 0.447119
0.611857 0.460778
0.605125 0.46829
0.626789 0.471995
0.658265 0.455012
0.6667 0.440107
0.698768 0.44937
0.683652 0.456045
0.678569 0.458503
0.672349 0.446422
0.649271 0.475549
0.63981 0.482815
0.636363 0.489197
0.666558 0.475208
0.687165 0.480148
0.645228 0.490687
0.684403 0.501091
0.714976 0.497961
0.739783 0.492447
0.696441 0.471614
0.706137 0.469226
0.738127 0.4822
0.777827 0.49513
0.712193 0.465578
0.768459 0.477384
0.784843 0.480412
0.799953 0.477127
0.813091 0.478369
0.834009 0.479221
0.861948 0.483755
0.721188 0.454497
0.755144 0.460948
0.773119 0.463723
0.768831 0.462987
0.747199 0.455845
0.78786 0.464956
0.75749 0.455401
0.737396 0.447809
0.755955 0.448979
0.752532 0.446894
0.789578 0.450668
0.754867 0.439158
0.763726 0.43588
0.81281 0.452302
0.776729 0.423794
0.807121 0.44296
0.815361 0.447166
0.828479 0.445877
0.827275 0.448112
0.828443 0.451299
0.847727 0.445494
0.891751 0.471966
0.862011 0.470069
0.837467 0.46865
0.792194 0.468766
0.898859 0.474548
0.894313 0.475132
0.922023 0.482302
0.837731 0.4852
0.840573 0.486717
0.785221 0.489366
0.861842 0.486983
0.962414 0.484573
0.79297 0.49529
0.790164 0.499671
0.857991 0.493989
0.867271 0.494902
0.859556 0.498396
0.861311 0.499421
0.806838 0.500207
0.844418 0.50259
0.810037 0.508296
0.807802 0.509513
0.784134 0.507654
0.745647 0.508736
0.697723 0.505016
0.700395 0.515488
0.718031 0.52236
0.732317 0.521325
0.743957 0.52004
0.767568 0.520945
0.775973 0.52962
0.833771 0.507448
0.79259 0.524891
0.786159 0.546273
0.826291 0.527091
0.861794 0.511713
0.796603 0.545928
0.803036 0.557513
0.832218 0.54228
0.85223 0.525445
0.935971 0.490398
0.939812 0.491052
0.89365 0.510353
0.949666 0.493769
0.96512 0.492732
0.946086 0.506441
0.916964 0.525224
0.900242 0.519128
0.883749 0.531128
0.831673 0.55662
0.890421 0.545018
0.87989 0.555173
0.871891 0.558206
0.85646 0.579488
0.868123 0.574307
0.881559 0.568671
0.873874 0.575694
0.891995 0.572011
0.884257 0.57786
0.912576 0.567514
0.95188 0.547972
0.981642 0.53695
0.946196 0.538217
0.974345 0.515148
0.975037 0.511715
0.984234 0.527386
0.983671 0.528254
1.00037 0.521492
1.00455 0.515617
1.00684 0.513074
1.00932 0.512842
1.05833 0.488655
1.03418 0.505329
1.02377 0.514826
1.00763 0.52859
0.991677 0.541319
0.968897 0.564037
0.936964 0.57266
0.929202 0.584089
0.921258 0.588733
0.961007 0.574693
0.944992 0.584892
0.947533 0.593078
0.982059 0.582356
1.0009 0.566818
0.976349 0.610455
0.978728 0.609625
0.978588 0.620718
0.973878 0.627866
0.983467 0.619253
1.01892 0.551579
1.02409 0.535923
1.01571 0.615132
1.00837 0.612142
1.00131 0.641025
1.01349 0.622201
1.00925 0.638568
1.02574 0.613097
1.01965 0.629689
1.02536 0.635717
1.02715 0.636162
1.03101 0.647941
1.0309 0.595802
1.03297 0.52281
1.03766 0.555593
1.03623 0.573188
1.05823 0.506274
1.06995 0.491659
1.07631 0.511861
1.0435 0.582884
1.04903 0.577755
1.05354 0.572754
1.05583 0.571851
1.05421 0.576761
1.05314 0.627188
1.06552 0.619492
1.06596 0.635976
1.06892 0.593737
1.08563 0.509474
1.06834 0.646564
1.08295 0.563662
1.08505 0.528328
1.09065 0.510572
1.09474 0.485818
1.09767 0.479092
1.09198 0.543084
1.09719 0.586884
1.09575 0.640237
1.09335 0.602074
1.09289 0.66111
1.09104 0.670458
1.08511 0.613608
1.08475 0.583386
1.08313 0.624147
1.07718 0.616425
1.07149 0.650136
1.08462 0.67597
1.06056 0.667682
0.901942 0.610404
0.914435 0.61416
0.924671 0.614073
0.935551 0.616736
0.884337 0.597593
0.830909 0.572505
0.743044 0.536078
0.684727 0.518296
0.711749 0.524296
0.580491 0.475127
0.640845 0.502727
0.68076 0.520138
0.60454 0.487471
0.669894 0.5177
0.685432 0.524484
0.789309 0.567711
0.748881 0.552905
0.618209 0.499312
0.619491 0.503419
0.634358 0.512612
0.710402 0.540516
0.649766 0.518428
0.709658 0.54082
0.646482 0.518713
0.816443 0.581909
1.02609 0.659119
0.868669 0.614243
0.829486 0.603475
0.867896 0.608941
0.883127 0.613643
0.95951 0.637592
0.912861 0.618611
0.860011 0.600803
0.832258 0.593974
0.679477 0.536859
0.645581 0.527119
0.63573 0.529096
0.668818 0.54406
0.65738 0.543607
0.704643 0.569145
0.777086 0.591087
0.846131 0.616334
0.787089 0.59679
0.685064 0.570876
0.686974 0.576702
0.714642 0.596757
0.719007 0.588875
0.729297 0.609756
0.747692 0.611003
0.786469 0.608992
0.792181 0.616412
0.772628 0.615758
0.7825 0.626272
0.773584 0.623829
0.748199 0.617398
0.748197 0.625325
0.751183 0.630103
0.751573 0.63216
0.78227 0.638086
0.78187 0.636965
0.792632 0.645158
0.793465 0.642843
0.791577 0.627988
0.810204 0.630477
0.78426 0.623126
0.869613 0.632994
0.856876 0.640066
0.920391 0.634772
0.940263 0.639863
0.932233 0.650937
0.94873 0.652485
0.979901 0.653994
1.01218 0.657277
1.02314 0.670991
1.00816 0.670764
0.978502 0.667822
0.889802 0.658212
0.865598 0.656863
0.878964 0.658454
0.837694 0.65399
0.817127 0.665237
0.803521 0.670602
0.827179 0.667536
0.858405 0.668305
0.822874 0.67974
0.875445 0.67534
0.893962 0.678748
0.930181 0.67791
0.905165 0.671254
0.909664 0.663937
0.91312 0.664064
0.937611 0.672026
0.945035 0.675788
0.974368 0.670758
1.02696 0.678653
0.94479 0.680996
0.977373 0.681836
1.00203 0.680847
1.04781 0.68548
1.08017 0.687724
1.08118 0.689812
1.0947 0.692433
0.998018 0.685853
1.06516 0.693376
1.04415 0.692698
0.979342 0.688419
0.980202 0.685935
0.945719 0.694218
0.943317 0.691544
0.944145 0.689667
0.896506 0.68961
0.847275 0.697278
0.903544 0.69947
0.919505 0.698414
0.876322 0.697101
0.954879 0.699238
0.98166 0.697038
0.978099 0.698391
1.07583 0.694354
0.975265 0.70067
0.963279 0.702757
0.873828 0.711088
0.873929 0.714074
0.886237 0.713266
0.899165 0.712571
0.89069 0.713915
0.930813 0.7123
0.921158 0.716401
0.96177 0.709915
1.06099 0.69818
1.06628 0.706045
1.05549 0.700304
1.07071 0.711368
0.9952 0.734692
1.03092 0.728562
1.06738 0.718546
1.00915 0.751253
1.00975 0.750185
0.980702 0.766193
0.975691 0.764122
0.965902 0.756981
0.95307 0.746007
0.9603 0.717312
0.938268 0.734113
0.949281 0.744814
0.9451 0.747224
0.978542 0.784367
0.966419 0.790753
0.964525 0.789408
0.945323 0.765518
0.925198 0.743714
0.90383 0.722282
0.944204 0.78177
0.932974 0.775311
0.920451 0.755682
0.897207 0.749274
0.860575 0.720226
0.840502 0.7071
0.829238 0.699653
0.823107 0.690969
0.800163 0.675451
0.832575 0.70605
0.858561 0.72896
0.810125 0.687931
0.863126 0.73957
0.898601 0.759143
0.939098 0.793929
0.934634 0.79607
0.947494 0.803556
0.951538 0.805851
0.973042 0.802487
0.973456 0.795166
0.985731 0.821516
1.00223 0.820055
1.00765 0.810462
1.03528 0.781725
1.04575 0.769151
0.997043 0.789389
0.984684 0.790202
1.03932 0.767868
1.05502 0.760443
1.03879 0.766472
0.985671 0.784702
0.996487 0.778401
1.04694 0.751708
1.02434 0.755844
1.06857 0.733485
1.0354 0.749625
1.0974 0.718561
1.07572 0.742445
1.02492 0.80088
1.03422 0.796829
1.0576 0.770947
1.07464 0.766068
1.09822 0.760405
1.09925 0.759979
1.05325 0.79741
1.02767 0.81193
1.03835 0.815421
1.07578 0.812231
1.08352 0.817546
1.04351 0.829191
1.07699 0.839832
1.09672 0.838427
1.09493 0.844573
1.08406 0.860235
1.0726 0.855663
1.09078 0.868738
1.08749 0.872
1.07176 0.861802
1.07035 0.867164
1.09833 0.915983
1.09156 0.917388
1.06629 0.918464
1.06692 0.907929
1.06626 0.885543
1.06314 0.901287
1.06074 0.857838
1.05678 0.865953
1.05743 0.882723
1.05048 0.853687
1.04315 0.843501
1.04229 0.840937
1.03869 0.850126
1.0386 0.857843
1.03986 0.862159
1.03102 0.877362
1.01961 0.879799
1.0172 0.856103
1.0197 0.851013
1.02401 0.837885
1.01696 0.837175
0.984611 0.851608
0.964766 0.833533
0.910561 0.787328
0.875343 0.756861
0.809717 0.701735
0.826712 0.719743
0.847374 0.742134
0.808288 0.713143
0.716846 0.64809
0.763288 0.673675
0.696673 0.625352
0.626181 0.577224
0.609717 0.566215
0.598295 0.564058
0.563884 0.536888
0.529029 0.511618
0.544076 0.526966
0.623117 0.591823
0.60256 0.578641
0.596881 0.575542
0.646334 0.613806
0.648485 0.615043
0.706723 0.649306
0.839629 0.7403
0.874035 0.762548
0.863565 0.76061
0.852995 0.753232
0.75329 0.685577
0.677458 0.63326
0.675599 0.637427
0.763106 0.695097
0.805643 0.723321
0.788304 0.710287
0.838028 0.745239
0.973904 0.845095
0.831358 0.748013
0.676306 0.640607
0.706581 0.661811
0.859056 0.76878
0.741557 0.690309
0.728271 0.685644
0.898922 0.804048
0.943243 0.836507
0.721046 0.685323
0.975197 0.859208
0.981944 0.864091
1.05017 0.916838
1.04049 0.910418
0.967698 0.859697
0.967538 0.85668
0.963912 0.855527
0.947982 0.847098
0.953661 0.852945
0.883963 0.805066
0.678645 0.657678
0.613355 0.611933
0.58188 0.588437
0.434871 0.477838
0.649574 0.635053
0.513443 0.53393
0.554293 0.563493
0.378835 0.434426
0.40975 0.456914
0.424459 0.467007
0.415091 0.459655
0.597911 0.589567
0.349568 0.412526
0.383161 0.435755
0.390513 0.438907
0.525414 0.537435
0.383703 0.432012
0.463452 0.488735
0.58742 0.576726
0.544461 0.545807
0.553134 0.551517
0.514478 0.523957
0.386538 0.43325
0.336248 0.396789
0.431679 0.464043
0.417542 0.452803
0.376412 0.420901
0.40144 0.438401
0.549034 0.548034
0.526968 0.524284
0.574872 0.562217
0.559262 0.549462
0.559503 0.543895
0.529642 0.521152
0.514497 0.511453
0.530086 0.51836
0.448059 0.458314
0.512275 0.516815
0.490538 0.499474
0.378983 0.411427
0.352278 0.39234
0.416622 0.434795
0.379041 0.403152
0.382457 0.409431
0.342321 0.37794
0.360937 0.38874
0.350537 0.378894
0.366159 0.383624
0.37821 0.385629
0.398959 0.404942
0.398505 0.409226
0.418173 0.425107
0.457494 0.453512
0.46459 0.456563
0.514034 0.492961
0.671153 0.604194
0.620521 0.566305
0.700786 0.623094
0.724853 0.638689
0.683013 0.609177
0.473066 0.462354
0.485403 0.469995
0.449099 0.442513
0.573145 0.530119
0.699546 0.619612
0.700737 0.610803
0.759653 0.660341
0.785066 0.680464
0.785955 0.679735
0.795985 0.679119
0.768752 0.655562
0.756074 0.642243
0.704125 0.597303
0.700826 0.591166
0.685453 0.585667
0.660522 0.577007
0.661772 0.576112
0.65492 0.574551
0.666511 0.57389
0.686204 0.577438
0.656088 0.557281
0.672642 0.572095
0.590616 0.534273
0.58563 0.528884
0.629006 0.540795
0.624152 0.538245
0.641319 0.543029
0.644961 0.543441
0.617168 0.533281
0.609903 0.527627
0.629101 0.531638
0.57348 0.4971
0.590113 0.517824
0.570201 0.499987
0.574358 0.507532
0.570449 0.504686
0.552519 0.498924
0.546466 0.488348
0.509421 0.474016
0.565221 0.491816
0.530425 0.477184
0.575217 0.49007
0.574999 0.477586
0.557144 0.463577
0.554525 0.459681
0.546046 0.453728
0.518494 0.451009
0.493232 0.408724
0.521381 0.471595
0.492607 0.409257
0.490459 0.403483
0.498667 0.463766
0.443694 0.426824
0.421131 0.412288
0.394617 0.39535
0.385363 0.388191
0.42878 0.415185
0.434356 0.413869
0.437188 0.411729
0.48788 0.435647
0.485507 0.422625
0.459483 0.414994
0.425539 0.398946
0.432577 0.397455
0.40383 0.390839
0.418829 0.390362
0.413696 0.384137
0.433551 0.387345
0.375509 0.360361
0.402424 0.357009
0.437152 0.374848
0.421993 0.351536
0.402502 0.351
0.389911 0.338712
0.398078 0.339811
0.417385 0.348313
0.419718 0.349871
0.368781 0.312446
0.3993 0.329164
0.422091 0.339189
0.400645 0.327067
0.394995 0.323965
0.386246 0.315266
0.373068 0.288448
0.356839 0.293163
0.35308 0.274615
0.348393 0.28427
0.35382 0.303991
0.353027 0.324191
0.34858 0.330178
0.345983 0.355028
0.343027 0.333496
0.339539 0.29987
0.324925 0.285676
0.331635 0.310771
0.332789 0.318485
0.318531 0.296403
0.318485 0.317973
0.296529 0.300312
0.293753 0.29998
0.304403 0.297201
0.272833 0.293184
0.273102 0.291304
0.31718 0.287187
0.316646 0.279348
0.31834 0.277587
0.3298 0.250055
0.309229 0.280357
0.309501 0.249675
0.311718 0.246959
0.318131 0.244474
0.315808 0.239497
0.297077 0.242142
0.263629 0.191432
0.26479 0.204968
0.262009 0.229807
0.254358 0.223881
0.277235 0.24744
0.299998 0.279451
0.261467 0.281754
0.257316 0.279703
0.247522 0.264621
0.254592 0.261792
0.24341 0.236711
0.233442 0.246643
0.214961 0.233682
0.203044 0.251068
0.224736 0.265026
0.218799 0.267229
0.23469 0.276045
0.323454 0.323982
0.290111 0.307814
0.264541 0.296132
0.32161 0.323842
0.303386 0.315598
0.296926 0.318368
0.240478 0.286738
0.285248 0.335849
0.288373 0.337893
0.327603 0.353568
0.318125 0.364462
0.31632 0.367838
0.314721 0.379231
0.243496 0.295045
0.240344 0.295188
0.276866 0.34913
0.244613 0.305214
0.241927 0.305823
0.21716 0.275661
0.242493 0.316835
0.24323 0.327967
0.229435 0.308649
0.215401 0.307682
0.203465 0.280862
0.207664 0.273172
0.200998 0.282173
0.198768 0.29387
0.188483 0.285043
0.199135 0.302424
0.233048 0.328933
0.248446 0.342106
0.458184 0.498208
0.381111 0.441643
0.70161 0.681652
0.36139 0.428918
0.300719 0.382473
0.397312 0.458527
0.271223 0.362656
0.184091 0.296666
0.219394 0.32403
0.202771 0.311501
0.18333 0.296841
0.281205 0.375077
0.252953 0.354998
0.175203 0.300871
0.261005 0.364625
0.428575 0.486342
0.299819 0.394801
0.27806 0.385669
0.322821 0.415591
0.32484 0.426078
0.299429 0.407653
0.297579 0.408084
0.283724 0.397735
0.20722 0.332858
0.268235 0.389738
0.181254 0.31326
0.16927 0.308677
0.17218 0.319212
0.17569 0.335352
0.234142 0.376921
0.34438 0.445188
0.306968 0.416223
0.36477 0.452887
0.407053 0.478581
0.364239 0.456829
0.375355 0.464368
0.384054 0.47493
0.36499 0.468237
0.506261 0.543481
0.472252 0.531586
0.483222 0.546431
0.484567 0.546239
0.485678 0.541812
0.549244 0.579808
0.58363 0.603706
0.559793 0.59054
0.582229 0.607235
0.66156 0.65671
0.684652 0.676892
0.632688 0.644327
0.537016 0.578929
0.522947 0.571572
0.524486 0.57383
0.585178 0.61694
0.591898 0.62448
0.590604 0.625524
0.554974 0.599681
0.603475 0.644732
0.640793 0.677323
0.635868 0.667737
0.679736 0.705405
0.671702 0.674259
0.674207 0.677302
0.701259 0.701852
0.713234 0.70848
0.721859 0.712177
0.732998 0.715914
0.770836 0.740137
0.803891 0.76638
0.928168 0.847197
0.889268 0.816493
0.900634 0.823367
0.920143 0.837036
0.952287 0.860576
0.952031 0.863026
1.09742 0.960046
0.804728 0.770481
0.976894 0.882963
1.03741 0.922188
1.00521 0.903271
1.01427 0.911693
0.819067 0.781982
0.778477 0.758403
0.794653 0.772177
0.843759 0.799389
0.941546 0.866402
0.957702 0.878898
0.92327 0.858458
0.945881 0.871993
1.06926 0.948686
0.939194 0.869282
0.87236 0.826305
0.746942 0.744925
0.847789 0.814031
0.776658 0.768004
0.748598 0.754881
0.728221 0.733116
0.697189 0.722318
0.731957 0.746319
0.887508 0.839087
0.713906 0.736591
0.718198 0.75024
0.738496 0.764611
0.796631 0.806451
0.813602 0.818795
0.77793 0.790218
0.78814 0.793036
0.762436 0.771395
0.776305 0.780349
0.934308 0.870228
0.837097 0.823639
0.84392 0.830041
0.974637 0.894563
0.94228 0.891964
0.957753 0.888934
0.913227 0.882145
0.881835 0.872039
0.851383 0.856984
0.850352 0.861453
0.865974 0.871993
0.99115 0.91722
0.928498 0.905016
0.986162 0.930695
0.990733 0.945338
1.001 0.931464
1.00638 0.940846
1.00841 0.944284
1.00574 0.949641
1.04088 0.944885
1.04975 0.948313
1.01024 0.965701
1.05648 0.965689
1.05017 0.968203
1.05917 0.971948
1.05151 0.981482
1.06645 0.978388
1.05521 0.98241
1.07087 0.987148
1.09167 1.01241
1.08993 1.0256
1.01804 0.981657
1.04035 0.995929
1.06652 1.01299
1.06896 1.01526
1.08692 1.043
1.04937 1.01483
0.935396 0.926786
0.876603 0.882171
0.872956 0.881545
1.00106 0.979627
0.873839 0.884539
0.914782 0.915972
0.861194 0.877948
0.88915 0.898839
0.909088 0.914634
0.909962 0.916725
1.09857 1.05909
1.00531 0.989988
0.975697 0.969711
0.93339 0.939967
0.932796 0.941955
0.931082 0.942325
0.990303 0.994902
1.05401 1.05095
0.968337 0.97738
0.848454 0.872496
0.772291 0.804241
0.734613 0.770312
0.838379 0.861007
0.687779 0.72538
0.679591 0.720567
0.576166 0.629177
0.512048 0.570942
0.541888 0.599313
0.547669 0.605457
0.727087 0.765026
0.710488 0.75042
0.538891 0.60345
0.759419 0.797188
0.713248 0.757281
0.597823 0.657262
0.513658 0.584313
0.643899 0.697837
0.595806 0.658372
0.563338 0.630299
0.447318 0.528644
0.482807 0.562245
0.487189 0.566405
0.440282 0.526799
0.44921 0.542521
0.645791 0.704532
0.522232 0.603682
0.493918 0.581316
0.620908 0.687856
0.676559 0.732622
0.752676 0.793047
0.949494 0.963301
0.920072 0.9388
0.706758 0.762447
0.787265 0.82728
0.623923 0.693659
1.01094 1.01664
0.942301 0.964006
0.577387 0.658272
0.88878 0.920545
0.901038 0.931923
0.699843 0.763817
0.490274 0.587915
0.781784 0.833303
0.474504 0.576988
0.729473 0.790309
0.575316 0.663166
0.451018 0.561395
0.567722 0.657559
0.79539 0.845248
0.833132 0.876523
0.83098 0.874911
0.435321 0.552478
0.57725 0.668865
0.423924 0.543941
0.59089 0.686594
0.710953 0.779
0.779284 0.835807
0.859749 0.89965
0.878192 0.919732
0.866315 0.909801
0.801718 0.85815
0.622016 0.712866
1.04567 1.05574
1.02158 1.03626
1.07109 1.07656
1.05951 1.07366
0.927865 0.961438
0.913872 0.950067
0.883021 0.927439
0.957626 0.994398
0.831164 0.892461
0.798865 0.861181
0.725922 0.798317
0.709496 0.790708
0.602117 0.701797
0.528718 0.643714
0.415434 0.55051
0.503898 0.623861
0.473563 0.600834
0.43832 0.572299
0.660553 0.756241
0.68269 0.775241
0.884933 0.941749
0.827443 0.893379
0.968859 1.0077
0.998596 1.03359
0.948882 0.992306
0.894886 0.955004
0.87631 0.940354
0.886703 0.94957
0.783758 0.866187
0.673784 0.769181
0.767474 0.854015
0.828124 0.909442
0.757968 0.851577
0.660648 0.758033
0.714207 0.811868
0.570044 0.687315
0.490962 0.622743
0.548288 0.675911
0.569779 0.694822
0.537605 0.669488
0.448801 0.595189
0.489792 0.639388
0.568438 0.698644
0.704796 0.811486
0.767591 0.862694
0.781079 0.873748
0.750631 0.849764
0.780885 0.873772
0.776335 0.870489
0.690701 0.803405
0.688153 0.801427
0.40113 0.577591
0.651647 0.773994
0.410035 0.588335
0.392481 0.574987
0.558662 0.705118
0.490597 0.653585
0.488784 0.653067
0.52663 0.68257
0.515636 0.676584
0.575199 0.723067
0.501143 0.673147
0.48058 0.656736
0.475745 0.65388
0.453855 0.635143
0.438814 0.6308
0.524038 0.695803
0.39886 0.603988
0.436162 0.634927
0.454728 0.64698
0.417143 0.627736
0.465567 0.661274
0.499987 0.684057
0.536091 0.708301
0.368245 0.600987
0.395393 0.619523
0.488986 0.68587
0.525652 0.706095
0.536888 0.711024
0.563426 0.732244
0.515187 0.704438
0.634534 0.784076
0.660885 0.800133
0.689825 0.819141
0.658642 0.79546
0.681656 0.81258
0.508714 0.682213
0.642314 0.781202
0.611234 0.755028
0.808449 0.899966
0.845943 0.929325
0.802338 0.900441
1.0201 1.04944
0.916171 0.979325
0.670064 0.811337
0.809336 0.906521
0.717353 0.844508
0.973926 1.01921
1.01825 1.05162
1.05912 1.08211
0.767891 0.883903
0.743383 0.866039
0.672497 0.816842
0.666232 0.811159
0.600386 0.767928
0.420336 0.649625
0.420763 0.651103
0.685956 0.82773
0.626297 0.788502
0.529178 0.724411
0.365607 0.615433
0.592941 0.768206
0.422803 0.654339
0.416165 0.650626
0.433855 0.66301
0.664939 0.819842
0.675152 0.825618
0.699483 0.839933
0.735327 0.864767
1.01725 1.05752
0.873966 0.960933
0.878903 0.963444
0.794138 0.905995
0.794899 0.907307
0.773983 0.894185
0.777696 0.897261
0.936045 1.00552
0.987849 1.03968
1.01971 1.06005
1.06097 1.08768
1.071 1.09607
1.02606 1.06684
0.78865 0.906543
0.830805 0.938498
0.75977 0.890139
0.532841 0.731158
0.639365 0.806635
0.467688 0.689929
0.642393 0.808994
0.490074 0.708456
0.5164 0.726239
0.605673 0.78589
0.577011 0.768331
0.699937 0.851159
0.769428 0.898354
0.823092 0.935349
0.696239 0.852442
0.525203 0.737675
0.615137 0.796199
0.602419 0.787441
0.46464 0.697241
0.486973 0.71495
0.525889 0.742143
0.571241 0.771887
0.503966 0.728604
0.583031 0.786999
0.597651 0.792796
0.67803 0.8519
0.681268 0.853702
0.667218 0.841414
0.800721 0.938711
0.925118 1.01946
0.841552 0.962053
0.821419 0.945647
0.651917 0.828201
0.67087 0.839791
0.748759 0.890922
0.771565 0.904977
0.816765 0.934701
0.813738 0.931543
0.95092 1.0216
0.883371 0.976136
0.930882 1.00648
0.931734 1.00785
0.994282 1.04857
0.991776 1.04939
1.01492 1.06749
0.765041 0.904952
1.03045 1.07917
0.804928 0.931768
1.04811 1.09281
1.03843 1.09142
0.978569 1.05425
0.990058 1.06258
0.980728 1.05607
0.816522 0.950101
0.852067 0.974956
0.947936 1.04087
0.986717 1.06449
0.984566 1.06195
1.04202 1.0997
0.945077 1.04171
0.969262 1.06034
1.0037 1.09042
0.969596 1.06478
0.994241 1.09655
0.855357 1.09508
0.840999 1.09154
0.850128 1.09122
0.870903 1.09088
0.943569 1.08971
0.951125 1.0892
0.964713 1.08898
0.894699 1.08675
0.817053 1.08397
0.867089 1.08203
0.830049 1.0738
0.82205 1.0665
0.821594 1.0561
0.844646 1.05835
0.845557 1.07078
0.901656 1.08571
0.89257 1.06743
0.964817 1.0724
0.930028 1.0623
0.922992 1.06336
0.885668 1.06014
0.839076 1.04978
0.755551 1.03712
0.751981 1.03357
0.755391 1.03067
0.748827 1.02996
0.731355 1.01618
0.811454 1.02685
0.821495 1.03925
0.825441 1.0267
0.738776 1.01103
0.784729 1.01724
0.847215 1.02624
0.852779 1.02968
0.937395 1.04393
0.897931 1.02668
0.866349 1.02883
0.79432 1.01541
0.820749 1.01061
0.76878 1.00909
0.782951 1.00156
0.74405 1.00452
0.701981 0.990428
0.762486 0.997695
0.727642 0.991735
0.703582 0.985925
0.694821 0.982993
0.678985 0.972524
0.687236 0.970562
0.748026 0.986404
0.770145 0.992495
0.770845 0.990831
0.797709 0.996032
0.824069 1.00158
0.694162 0.966884
0.688766 0.963182
0.684785 0.956366
0.646487 0.939746
0.754694 0.976157
0.674061 0.947449
0.751515 0.974125
0.692342 0.953486
0.626288 0.927522
0.708827 0.957814
0.63445 0.919672
0.672811 0.935842
0.715131 0.955504
0.726913 0.957908
0.77376 0.981668
0.787057 0.97926
0.867749 1.01069
0.870775 1.00721
0.876424 1.00914
0.760788 0.962013
0.832462 0.992688
0.753584 0.963264
0.655852 0.924462
0.588126 0.895906
0.755446 0.957989
0.668751 0.923958
0.633508 0.906661
0.736654 0.94476
0.760504 0.955156
0.855481 0.995936
0.79169 0.962469
0.854663 0.984061
0.854673 0.979677
0.735134 0.936645
0.658098 0.912456
0.73174 0.93299
0.713025 0.915205
0.711461 0.92164
0.667267 0.906277
0.630637 0.902905
0.628423 0.901091
0.67974 0.901975
0.621903 0.897822
0.631955 0.878802
0.617705 0.881435
0.590713 0.887314
0.593328 0.864922
0.597247 0.867649
0.60843 0.867719
0.605827 0.861154
0.639823 0.875314
0.644454 0.867426
0.672875 0.887893
0.686902 0.893696
0.683399 0.890645
0.67862 0.881793
0.677304 0.885799
0.674487 0.88286
0.670678 0.861168
0.740578 0.930677
0.749906 0.936475
0.74232 0.926287
0.737903 0.913181
0.745355 0.918559
0.748057 0.910714
0.758432 0.929048
0.782872 0.943966
0.819174 0.955326
0.725184 0.889622
0.668283 0.851602
0.596267 0.857854
0.56993 0.857776
0.548602 0.854496
0.601923 0.854277
0.637064 0.851571
0.669388 0.849579
0.662039 0.845501
0.628021 0.848203
0.561258 0.84818
0.612276 0.833738
0.58368 0.812162
0.574241 0.829916
0.580318 0.814695
0.578326 0.792212
0.567756 0.822032
0.571142 0.800948
0.561225 0.788013
0.550193 0.829999
0.544208 0.827758
0.544355 0.792331
0.539473 0.824012
0.536017 0.834476
0.529611 0.843768
0.538104 0.807346
0.525442 0.794809
0.511774 0.800508
0.511183 0.810991
0.498349 0.806293
0.48954 0.803019
0.485457 0.803454
0.456407 0.780652
0.451097 0.77038
0.429405 0.761469
0.439057 0.761299
0.432359 0.756585
0.48464 0.774027
0.514139 0.787957
0.45099 0.734531
0.497637 0.764307
0.473991 0.741097
0.511152 0.775953
0.543216 0.784573
0.541146 0.78136
0.543191 0.760184
0.520344 0.746345
0.517557 0.750345
0.493004 0.728326
0.48622 0.727315
0.451871 0.69593
0.44776 0.683525
0.410933 0.648164
0.385438 0.637509
0.438047 0.686482
0.440617 0.69053
0.394503 0.653766
0.365191 0.633927
0.360193 0.630207
0.373356 0.655344
0.412926 0.676034
0.371262 0.657644
0.401302 0.693806
0.376284 0.671766
0.344513 0.634819
0.344395 0.652567
0.369499 0.678091
0.356937 0.66606
0.352466 0.6646
0.415062 0.722701
0.365571 0.690474
0.335262 0.670148
0.333041 0.669701
0.354229 0.686558
0.339852 0.680096
0.399433 0.73679
0.347599 0.692412
0.333714 0.681981
0.30494 0.662268
0.30233 0.663956
0.315805 0.693639
0.331313 0.692868
0.343187 0.709987
0.365366 0.718106
0.374361 0.723113
0.416834 0.755283
0.358372 0.731273
0.290761 0.690735
0.356255 0.723489
0.342705 0.716545
0.333234 0.710919
0.348448 0.71509
0.325944 0.7005
0.281237 0.684601
0.318107 0.711249
0.285043 0.694589
0.307563 0.709731
0.30925 0.711091
0.277761 0.702579
0.325671 0.720435
0.350657 0.732285
0.365752 0.738862
0.388989 0.75593
0.424021 0.767416
0.406407 0.766267
0.421258 0.775276
0.374155 0.756814
0.368083 0.756045
0.464348 0.798628
0.401637 0.775145
0.449453 0.795945
0.464039 0.808667
0.405911 0.777654
0.385509 0.77095
0.348459 0.747563
0.317811 0.7366
0.322703 0.728368
0.322152 0.728547
0.29609 0.719207
0.278673 0.712193
0.267897 0.71044
0.263442 0.709125
0.349859 0.756646
0.264469 0.711702
0.263336 0.711476
0.26288 0.712172
0.319794 0.747005
0.258901 0.720167
0.441146 0.808845
0.503085 0.858368
0.541132 0.874276
0.570877 0.882345
0.590203 0.904627
0.603649 0.920582
0.613619 0.925448
0.62363 0.930832
0.624839 0.933136
0.667892 0.967437
0.649281 0.957989
0.596064 0.921464
0.592912 0.918406
0.577145 0.909505
0.560223 0.90298
0.552321 0.898223
0.529781 0.885435
0.427362 0.826426
0.44146 0.835567
0.49405 0.865766
0.490609 0.864246
0.500549 0.872904
0.490237 0.867135
0.492168 0.867102
0.461631 0.852852
0.510021 0.880566
0.564548 0.914907
0.525973 0.893318
0.494294 0.87679
0.43854 0.849479
0.486602 0.868091
0.365599 0.814894
0.320842 0.792388
0.404927 0.829974
0.298666 0.779919
0.388223 0.81106
0.321336 0.786315
0.305592 0.776266
0.288094 0.767067
0.350687 0.781153
0.340223 0.78425
0.391304 0.802033
0.420244 0.817974
0.409057 0.79941
0.377352 0.7785
0.326031 0.755247
0.259076 0.732882
0.238482 0.728061
0.242643 0.73347
0.247765 0.74516
0.256136 0.753291
0.231396 0.742265
0.245136 0.754429
0.252969 0.760466
0.234611 0.756625
0.38712 0.829944
0.397222 0.834206
0.397385 0.832298
0.395788 0.831038
0.580788 0.924779
0.54416 0.906297
0.65722 0.963779
0.265753 0.777512
0.282177 0.787485
0.259512 0.781049
0.557365 0.918884
0.338027 0.817834
0.307046 0.807178
0.49262 0.891667
0.459143 0.877205
0.550293 0.918482
0.604706 0.941956
0.599993 0.944772
0.586645 0.935773
0.56437 0.927699
0.459267 0.880582
0.430943 0.867519
0.381175 0.846367
0.37486 0.845918
0.445719 0.877676
0.452659 0.883057
0.505874 0.912878
0.52136 0.924244
0.57229 0.948102
0.600414 0.961744
0.629333 0.976848
0.597154 0.955497
0.673706 1.00298
0.670876 0.999868
0.591501 0.949572
0.660057 0.990781
0.692299 1.01258
0.676635 0.989688
0.675295 0.986953
0.679277 0.987026
0.800742 1.08185
0.762098 1.05976
0.711962 1.03455
0.707892 1.03269
0.65614 1.00566
0.44582 0.888444
0.413594 0.870092
0.386146 0.855361
0.454808 0.897437
0.470673 0.906099
0.470858 0.909933
0.301709 0.806893
0.326645 0.826202
0.279003 0.794049
0.307876 0.817372
0.220595 0.769544
0.259179 0.795597
0.26858 0.80033
0.2583 0.799067
0.383881 0.865257
0.366941 0.854112
0.373329 0.858756
0.347017 0.840152
0.437531 0.894191
0.447124 0.899473
0.558147 0.959349
0.482922 0.919307
0.194812 0.772056
0.411123 0.88344
0.283426 0.817938
0.633819 0.999188
0.323081 0.838758
0.801529 1.08621
0.245866 0.799133
0.207785 0.779428
0.448684 0.906389
0.723142 1.04858
0.751767 1.06365
0.782461 1.07974
0.796056 1.0893
0.747875 1.06534
0.698251 1.03992
0.684081 1.04194
0.671206 1.04773
0.647064 1.03637
0.599436 1.03986
0.538201 1.03435
0.590313 1.03463
0.551589 1.02548
0.5799 1.02789
0.5924 1.03286
0.603785 1.02514
0.626268 1.03518
0.662013 1.02916
0.617154 1.01712
0.573849 1.00861
0.558902 1.00716
0.547471 0.994471
0.537519 0.993521
0.520048 0.999925
0.488999 1.00423
0.437806 1.00972
0.408305 1.01978
0.440471 1.0157
0.44226 1.01859
0.503747 1.01831
0.475436 1.02341
0.546227 1.02066
0.480456 1.02827
0.499562 1.03043
0.399161 1.02534
0.329297 1.05121
0.347783 1.05822
0.355877 1.06331
0.359264 1.06577
0.382586 1.06255
0.385427 1.05364
0.404421 1.03323
0.396853 1.05246
0.423421 1.03381
0.398015 1.07119
0.396301 1.07391
0.424584 1.05258
0.431446 1.07124
0.437809 1.06357
0.430622 1.07577
0.450987 1.04888
0.458718 1.07673
0.452778 1.04227
0.463555 1.07042
0.474915 1.07773
0.485607 1.07766
0.489053 1.07088
0.509124 1.06397
0.480324 1.05268
0.485406 1.06534
0.470465 1.05107
0.502156 1.05331
0.489575 1.04561
0.525502 1.04623
0.541085 1.04985
0.461824 1.03084
0.563565 1.04653
0.573218 1.05644
0.52706 1.07566
0.49119 1.07809
0.519959 1.08136
0.617272 1.05574
0.548835 1.07451
0.559151 1.07214
0.59218 1.06618
0.649578 1.05517
0.672534 1.0547
0.669988 1.0561
0.668585 1.05907
0.56714 1.07508
0.537502 1.08199
0.640563 1.06876
0.615239 1.07566
0.622253 1.07972
0.668237 1.08454
0.686138 1.07062
0.640321 1.07271
0.644143 1.0707
0.630064 1.07195
0.704066 1.05698
0.721029 1.05969
0.804447 1.09872
0.793824 1.09569
0.76581 1.09349
0.745384 1.07998
0.709542 1.08793
0.708599 1.08897
0.754005 1.09328
0.731163 1.09531
0.681281 1.09314
0.622305 1.09218
0.568713 1.09194
0.749863 1.09807
0.566881 1.09552
0.589572 1.09886
0.479476 1.09818
0.443529 1.09928
0.435158 1.09819
0.5488 1.09229
0.505764 1.0921
0.414568 1.09497
0.349621 1.0941
0.336183 1.09861
0.332015 1.09904
0.322512 1.09935
0.246664 1.09516
0.299019 1.09257
0.356848 1.09184
0.276537 1.08936
0.300614 1.08775
0.429664 1.08855
0.317087 1.0868
0.4693 1.08791
0.47837 1.08768
0.364458 1.08641
0.378442 1.08497
0.357582 1.07804
0.287551 1.0719
0.295919 1.06059
0.396841 1.01466
0.392398 1.01193
0.308493 1.05398
0.275819 1.0676
0.291346 1.05159
0.332584 1.02358
0.257637 1.03928
0.298336 1.03775
0.295932 1.0422
0.261095 1.05115
0.256936 1.05412
0.257955 1.06451
0.255591 1.06162
0.255156 1.06819
0.254713 1.07845
0.20057 1.08869
0.238295 1.06076
0.165601 1.09814
0.18463 1.07776
0.121042 1.09873
0.141733 1.08286
0.139079 1.0762
0.117063 1.09035
0.10328 1.09243
0.117448 1.0764
0.126274 1.06013
0.138655 1.05893
0.157084 1.05932
0.164766 1.06
0.163861 1.055
0.201282 1.05509
0.230871 1.05301
0.249307 1.03554
0.246652 1.03497
0.494072 0.991312
0.374909 1.00961
0.455189 0.996502
0.517827 0.985805
0.566864 0.97583
0.463336 0.992434
0.554814 0.975298
0.423364 0.996218
0.388803 1.00114
0.410244 0.995939
0.372134 1.00241
0.199639 1.04053
0.181749 1.0424
0.182206 1.04064
0.181736 1.03619
0.206088 1.02952
0.213159 1.03726
0.34319 1.00574
0.314783 1.00984
0.293661 1.01353
0.288582 1.0142
0.268054 1.01752
0.433388 0.985906
0.520783 0.969192
0.527734 0.967494
0.515581 0.968473
0.458941 0.978123
0.358229 0.997527
0.319194 1.0024
0.48516 0.970528
0.500873 0.96522
0.29725 1.00226
0.52835 0.956713
0.356745 0.986304
0.334929 0.991869
0.39099 0.976345
0.383612 0.975208
0.335797 0.989341
0.393492 0.970138
0.383342 0.959809
0.344756 0.973215
0.371287 0.955792
0.336401 0.972065
0.363802 0.946493
0.388851 0.94362
0.397412 0.950983
0.410214 0.968719
0.431182 0.962267
0.439263 0.957452
0.447911 0.948058
0.46536 0.947448
0.455151 0.946114
0.478309 0.946445
0.472756 0.923889
0.435701 0.942301
0.444994 0.910584
0.434791 0.924405
0.424401 0.918873
0.410997 0.90345
0.409231 0.920237
0.392689 0.919173
0.346844 0.944639
0.340232 0.947722
0.352091 0.950974
0.323742 0.965833
0.313668 0.98638
0.293626 0.999361
0.300246 0.98124
0.31167 0.961842
0.283747 0.99068
0.270982 0.999869
0.25332 1.01191
0.253867 1.00717
0.242343 1.01239
0.250164 1.00483
0.202929 1.01718
0.197264 1.01904
0.225544 1.00893
0.27974 0.982734
0.231644 0.998956
0.342377 0.940417
0.327011 0.946407
0.272226 0.975341
0.174098 1.02315
0.210286 1.00894
0.128948 1.0428
0.104359 1.00439
0.102977 1.00018
0.1364 1.03873
0.127623 1.02186
0.123832 1.01365
0.1307 1.01559
0.146072 1.02047
0.136104 1.00602
0.129592 1.00005
0.106026 0.985573
0.10287 0.958917
0.116723 0.970903
0.121344 0.978774
0.162766 1.01791
0.166447 1.01531
0.18899 1.00356
0.160236 0.995807
0.171598 0.993771
0.217037 0.996989
0.226303 0.97375
0.273951 0.957409
0.258672 0.974441
0.305887 0.952481
0.317769 0.945508
0.325323 0.940078
0.354315 0.928883
0.22415 0.971479
0.221973 0.970847
0.172011 0.982838
0.276285 0.950949
0.327959 0.934522
0.326674 0.933574
0.347203 0.918874
0.298727 0.930467
0.284313 0.938424
0.230927 0.963612
0.196372 0.970465
0.199201 0.966731
0.148175 0.98066
0.173529 0.969064
0.264222 0.939999
0.252687 0.93644
0.177029 0.96601
0.223438 0.945279
0.285591 0.923706
0.283672 0.919736
0.204377 0.922143
0.199664 0.937788
0.190606 0.914882
0.18963 0.94721
0.188536 0.95232
0.184778 0.915867
0.155245 0.960053
0.149549 0.957626
0.145802 0.961585
0.159757 0.92233
0.118394 0.914411
0.191186 0.907612
0.278189 0.903943
0.226796 0.908039
0.331336 0.906842
0.351226 0.903585
0.386944 0.897298
0.391171 0.882561
0.368541 0.880476
0.348598 0.881311
0.360515 0.887985
0.369384 0.894788
0.324515 0.897502
0.316257 0.89601
0.289965 0.90184
0.200149 0.906406
0.2663 0.893483
0.338498 0.881006
0.32405 0.882945
0.258618 0.890588
0.316307 0.877143
0.377167 0.874253
0.322452 0.87509
0.266515 0.888
0.279457 0.884659
0.239222 0.888079
0.231479 0.889645
0.207761 0.886798
0.148576 0.902162
0.209716 0.884432
0.131949 0.905045
0.172649 0.886278
0.119873 0.905187
0.183837 0.879216
0.252862 0.881104
0.216879 0.879343
0.179029 0.874956
0.153295 0.874314
0.128699 0.86886
0.180379 0.870713
0.207391 0.871042
0.273 0.878521
0.303383 0.876052
0.291935 0.870682
0.286136 0.869369
0.118935 0.862168
0.213164 0.862157
0.191583 0.858934
0.236089 0.861627
0.304516 0.864107
0.283661 0.859734
0.329143 0.861617
0.302675 0.853922
0.348825 0.86278
0.350965 0.859601
0.324027 0.843657
0.310466 0.844334
0.253074 0.843976
0.246843 0.847744
0.270828 0.849902
0.256099 0.856382
0.230653 0.857124
0.221681 0.857298
0.20341 0.854407
0.188824 0.853026
0.178826 0.853738
0.176614 0.853811
0.155509 0.852265
0.101611 0.860132
0.132791 0.849443
0.17319 0.84714
0.154993 0.843917
0.176744 0.833697
0.206122 0.826519
0.213811 0.830125
0.213765 0.837179
0.220962 0.828243
0.280327 0.836675
0.273553 0.829954
0.227308 0.807672
0.289156 0.82483
0.277319 0.819212
0.236826 0.802994
0.216545 0.803773
0.193464 0.818529
0.165815 0.824097
0.13741 0.834842
0.16006 0.80953
0.16887 0.805739
0.207418 0.795393
0.183933 0.783658
0.188063 0.774888
0.18855 0.773333
0.150713 0.810688
0.128507 0.827143
0.150034 0.807082
0.215266 0.740668
0.232715 0.724851
0.233828 0.72375
0.120919 0.8253
0.101846 0.816614
0.123632 0.801954
0.134856 0.799219
0.208208 0.739116
0.224755 0.725247
0.236187 0.718263
0.230464 0.714297
0.230384 0.713752
0.268396 0.691159
0.259168 0.69049
0.263449 0.664371
0.253276 0.665777
0.254147 0.665602
0.246338 0.666139
0.240757 0.635747
0.231278 0.592168
0.24126 0.610949
0.247145 0.621123
0.287698 0.642342
0.306845 0.644182
0.305836 0.641404
0.232195 0.576805
0.249932 0.571313
0.231697 0.565839
0.244375 0.546683
0.262567 0.558777
0.262511 0.570209
0.270261 0.585741
0.279226 0.589195
0.246376 0.585049
0.313805 0.641888
0.28307 0.587084
0.259826 0.540314
0.302173 0.599377
0.283208 0.554739
0.307372 0.603146
0.32361 0.63924
0.3231 0.592656
0.317941 0.587987
0.31579 0.580289
0.349443 0.610321
0.351237 0.610527
0.296521 0.559887
0.312112 0.5571
0.355601 0.604445
0.365256 0.574785
0.369788 0.573353
0.386516 0.571412
0.398041 0.560039
0.391697 0.554996
0.412396 0.551437
0.39881 0.547824
0.375523 0.554836
0.381927 0.540674
0.367817 0.546055
0.324602 0.541902
0.349189 0.554928
0.339164 0.559355
0.341389 0.563806
0.281708 0.539143
0.327499 0.535845
0.293829 0.527844
0.326578 0.53137
0.36631 0.534076
0.366992 0.529386
0.317861 0.517418
0.36271 0.51468
0.378409 0.525762
0.417723 0.531178
0.381354 0.511507
0.366188 0.499418
0.378989 0.490382
0.361377 0.495246
0.372504 0.493103
0.300152 0.511954
0.299315 0.510567
0.29665 0.509438
0.264237 0.521192
0.25328 0.521432
0.249754 0.502722
0.269541 0.517758
0.284475 0.507926
0.25116 0.498912
0.265795 0.496354
0.2666 0.494704
0.25955 0.494994
0.241345 0.493195
0.317888 0.493172
0.28202 0.487309
0.226231 0.481413
0.233093 0.474469
0.237477 0.474247
0.253611 0.472178
0.256825 0.473049
0.27734 0.479868
0.376747 0.480698
0.30728 0.472486
0.352488 0.461101
0.324397 0.456339
0.333624 0.448695
0.307943 0.456842
0.329064 0.448404
0.241188 0.463177
0.249714 0.45241
0.272603 0.438243
0.277798 0.420986
0.251964 0.44635
0.241367 0.452394
0.248461 0.401341
0.244071 0.412229
0.241502 0.447057
0.239225 0.430785
0.236191 0.41728
0.207822 0.445354
0.237193 0.402166
0.206867 0.423816
0.203817 0.391193
0.201096 0.389548
0.203311 0.389141
0.224743 0.389823
0.178794 0.376009
0.168345 0.343985
0.16137 0.342084
0.17596 0.375114
0.177084 0.384499
0.17422 0.382359
0.180173 0.405702
0.174866 0.400671
0.189514 0.465312
0.197679 0.466249
0.201396 0.472383
0.203457 0.492233
0.240262 0.517501
0.233343 0.520544
0.198601 0.504167
0.219328 0.517978
0.21885 0.525996
0.257169 0.538327
0.222718 0.535592
0.212442 0.529729
0.218446 0.53034
0.21626 0.529821
0.203119 0.523395
0.236197 0.655937
0.235624 0.656346
0.233421 0.669833
0.239887 0.701253
0.217376 0.640535
0.217517 0.633761
0.21131 0.595288
0.205015 0.62034
0.185488 0.466587
0.189162 0.525762
0.178238 0.477375
0.191589 0.550648
0.169697 0.446082
0.175994 0.432869
0.166169 0.428163
0.165894 0.428381
0.166052 0.429715
0.167004 0.459752
0.181905 0.568538
0.163453 0.514513
0.161445 0.460657
0.157937 0.455277
0.151919 0.415081
0.156999 0.411165
0.141808 0.395564
0.135229 0.431848
0.1338 0.462644
0.136945 0.442711
0.138069 0.46594
0.135158 0.494956
0.13919 0.532561
0.154617 0.543342
0.159155 0.545438
0.162886 0.559702
0.166654 0.579335
0.158698 0.507551
0.173596 0.574483
0.184637 0.585305
0.197925 0.633342
0.140499 0.545241
0.196363 0.639051
0.19575 0.698056
0.192635 0.700295
0.189652 0.683309
0.177325 0.639132
0.173011 0.644174
0.163342 0.62254
0.174706 0.674061
0.177946 0.692745
0.184366 0.715975
0.155333 0.624762
0.165035 0.678893
0.180315 0.712965
0.181749 0.714546
0.166259 0.726971
0.165958 0.732314
0.158218 0.711298
0.1574 0.718391
0.154583 0.697757
0.155739 0.75752
0.148803 0.746788
0.145733 0.775379
0.144696 0.702865
0.143978 0.753633
0.143113 0.638615
0.135312 0.568629
0.13363 0.634056
0.134259 0.561662
0.132478 0.505098
0.131004 0.661985
0.126202 0.678025
0.132996 0.679809
0.140444 0.696489
0.137929 0.716835
0.135186 0.73374
0.12854 0.77646
0.122658 0.761496
0.123979 0.746435
0.122979 0.715225
0.115758 0.771108
0.125764 0.621339
0.122187 0.582679
0.128731 0.527356
0.129276 0.482686
0.127202 0.428828
0.126344 0.441089
0.113424 0.757455
0.108184 0.79084
0.113256 0.705895
0.11094 0.700595
0.114578 0.622183
0.113911 0.59625
0.108258 0.676967
0.106105 0.65751
0.105774 0.728293
0.106207 0.7633
