1
50 1
-0.046029 0.045385
0.305867 0.378937
0.170907 0.238145
-0.008184 -0.080895
0.031032 -0.022218
0.056579 -0.054174
0.117884 -0.05574
0.168046 0.030414
0.284652 0.002992
0.327991 0.113497
0.410077 0.247024
0.3534 0.329788
0.438246 0.490428
0.506221 0.473474
0.558155 0.207867
0.379692 -0.000971
0.479941 -0.073244
0.599587 0.101617
0.666189 -0.063345
0.688794 -0.061159
0.652696 0.206257
0.732341 0.069112
0.674114 0.314512
0.746526 0.432156
0.607234 0.354039
0.684109 0.581065
0.740812 0.652782
0.791919 0.453038
0.811558 0.455132
0.88125 0.124793
0.899699 0.258953
0.822431 0.705175
0.892916 0.750072
0.713369 0.708974
0.722521 0.739757
0.719567 0.779882
0.671017 0.754829
0.636691 0.732536
0.414491 0.610167
0.437953 0.751328
0.421901 0.739221
0.249245 0.557781
0.376249 0.683261
0.280515 0.574661
0.320071 0.540287
0.409365 0.485084
0.161631 0.31754
0.055429 0.253716
0.054095 0.345548
0.02364 0.439539
