1
50 1
0.506779 1.25272
0.511815 1.03163
0.52892 0.753507
0.552548 1.10302
0.591326 1.18247
0.587262 0.536839
0.650964 0.680503
0.650634 0.618863
0.685253 0.572788
0.71021 0.867619
0.946016 0.736602
0.785001 0.713214
0.949704 0.642099
1.08491 0.642846
1.41865 0.591073
1.15088 0.711888
1.2694 0.698923
0.908591 0.855858
0.852505 0.917321
0.827456 0.956878
1.37935 0.769247
1.4108 0.748712
1.38796 0.82807
1.10309 0.9379
1.235 0.921599
0.624957 1.20007
1.46018 0.851623
1.36307 0.90472
1.09234 1.05387
1.42027 0.966651
1.47695 0.953809
1.18184 1.04616
1.14118 1.06945
1.09453 1.09541
1.29072 1.0615
1.45447 1.19932
1.422 1.2227
1.40915 1.26402
1.48679 1.39133
1.18718 1.28778
1.43633 1.401
1.27693 1.39744
0.769498 1.29759
0.843617 1.41816
1.32775 1.41045
0.743292 1.47885
0.547393 1.25991
1.11385 1.22177
1.19956 1.21065
0.799457 1.19682
