1
50 1
-0.147461 0.705755
0.077768 0.704827
0.346531 0.645635
0.296143 0.530817
0.114331 0.528222
-0.047137 0.497084
-0.13942 0.521636
-0.104945 0.434749
0.053422 0.376893
0.614265 0.634979
0.537892 0.456706
-0.067583 0.283541
-0.037508 0.260001
-0.13534 0.165309
0.136475 0.174895
0.147146 0.16754
0.025741 0.116137
0.00699 0.098012
0.149952 -0.002445
-0.02687 0.058498
-0.093691 0.054163
-0.144552 0.05524
0.075256 -0.039338
0.155163 -0.080581
0.017593 -0.089999
0.211575 -0.116683
0.798166 0.040363
0.816167 0.155614
0.793862 0.716367
0.752917 0.586733
0.774693 0.224918
0.726082 0.406172
0.62759 0.02018
0.506641 0.093424
0.372253 -0.011613
0.436441 0.050749
0.406357 0.036887
0.629283 0.321875
0.423737 0.107241
0.603943 0.462698
0.33562 -0.026708
0.317223 -0.056808
0.651435 0.620094
0.731191 0.658281
0.692844 0.773682
0.475461 0.66643
0.505439 0.722474
0.54129 0.754012
0.338931 0.704061
-0.032764 0.832629
