1
50 1
0.318424 1.27668
0.720217 1.01893
0.637609 0.940334
0.734738 0.917985
0.514468 0.749285
0.489807 0.57938
0.412642 0.455399
0.590297 0.618157
0.471144 0.484043
0.838885 0.868239
0.482202 0.490517
0.741139 0.710991
0.602393 0.389765
0.561611 0.302257
0.734889 0.577091
0.710583 0.470437
0.845645 0.624055
0.891137 0.466986
0.905096 0.60554
0.903802 0.35457
0.926631 0.304806
0.983211 0.4125
1.05405 0.36606
1.01269 0.561513
1.07384 0.43656
1.22242 0.325485
1.07278 0.712551
1.23849 0.652576
1.1524 0.735923
1.17002 0.758192
1.24833 0.707409
1.25725 0.751346
1.2747 0.765064
1.07828 0.904192
1.23319 1.06978
1.27645 1.12225
1.268 1.22876
0.96599 1.00484
1.0462 1.10391
0.952883 1.11906
0.98966 1.29508
0.935995 1.06517
0.932406 1.04885
0.898548 1.19216
0.858775 1.24403
0.888509 1.04983
0.808936 1.10852
0.800198 1.07717
0.732132 1.07016
0.38219 1.27896
