1
50 1
0.519039 0.576885
0.691349 0.677269
0.995037 0.560507
0.966014 0.8161
1.00726 0.746709
1.07891 0.704545
1.17839 0.701117
1.37311 0.800278
1.22515 0.815802
1.45129 0.839601
1.43164 0.862352
1.07632 0.903359
1.2915 0.89478
1.22478 0.932965
1.27316 1.03817
1.35424 1.08494
1.47182 1.10722
1.39221 1.28691
1.48966 1.38132
1.47575 1.38267
1.32915 1.36458
1.31309 1.31847
1.15359 1.26301
1.06029 1.05345
1.03783 1.04276
0.950907 1.17841
0.980728 1.3145
1.23585 1.3907
1.36523 1.46996
1.01893 1.42782
0.905826 1.30455
0.944693 0.997333
0.678639 1.46369
0.636253 1.46906
0.783505 1.2191
0.980115 0.882238
0.931968 0.936693
0.7106 1.22295
0.672524 1.28397
0.609966 1.36572
0.689364 1.06082
0.684244 0.967374
0.640744 0.994774
0.618425 1.15379
0.592945 1.25354
0.561778 1.45681
0.588403 0.946707
0.57797 0.838282
0.598551 0.84733
0.84163 0.803954
