1
50 1
-0.171812 0.284227
0.15176 0.039671
0.142552 0.006575
0.061624 0.055749
-0.039724 0.039881
0.139125 -0.059923
-0.025505 -0.085235
-0.101054 -0.166392
0.289442 -0.0795
-0.100551 -0.174017
0.083839 -0.194191
0.276941 -0.185155
0.394298 -0.109352
0.661288 -0.220559
0.674331 -0.191561
0.716774 -0.103312
0.685665 0.04564
0.635212 -0.125363
0.701656 0.151295
0.735765 0.399234
0.611862 0.035707
0.581137 -0.004065
0.598214 0.059177
0.460174 0.149381
0.610798 0.328243
0.571741 0.346728
0.453528 0.431813
0.737865 0.507649
0.377872 0.498969
0.244931 0.537864
0.523035 0.549541
0.432037 0.692312
0.349201 0.679565
0.319659 0.69279
0.174302 0.61994
0.406186 0.196462
0.242011 0.442473
0.253636 0.335551
0.228429 0.253609
0.19627 0.385848
0.149759 0.608404
-0.004331 0.731906
-0.064017 0.66652
0.028383 0.458596
0.151614 0.294521
0.287399 0.173791
0.308366 0.134983
0.204851 0.12547
0.163867 0.121035
0.091075 0.122002
