1
50 1
0.290631 0.269986
0.352234 0.250137
0.448203 0.326242
0.891818 0.300928
0.832649 0.338273
0.675891 0.365791
0.692681 0.367065
1.09698 0.362596
1.09358 0.368023
1.08958 0.405074
1.22693 0.422453
0.971839 0.441618
1.00652 0.553987
0.729864 0.494025
1.09885 0.691701
1.01817 0.65701
1.03779 0.681214
1.08483 0.715002
1.19301 0.819656
0.78774 0.628214
0.907353 0.714191
0.876157 0.697103
0.649268 0.543829
1.05448 0.842358
1.08672 0.942193
0.762618 0.681277
0.718103 0.657842
0.553143 0.556325
0.811022 1.00481
0.705711 0.856719
0.892005 1.20962
0.536591 0.576981
0.705584 1.01585
0.797943 1.24921
0.620229 0.84333
0.56828 0.868194
0.650501 1.23778
0.639822 1.19908
0.526522 1.22171
0.505573 1.10966
0.508003 1.14178
0.484063 1.07776
0.423747 1.14807
0.427132 0.7693
0.400598 0.944123
0.333409 1.16969
0.352748 0.767247
0.31909 0.737292
0.311464 0.357801
0.330372 0.324677
