1
50 1
-0.049443 0.403471
0.097396 0.671167
0.061693 0.517725
0.088659 0.133868
0.167621 0.117563
0.064733 0.121588
0.185064 0.025745
0.214267 0.095009
0.5157 0.059086
0.710155 0.025959
0.590847 0.058239
0.437238 0.091358
0.359353 0.099516
0.403745 0.197494
0.430063 0.255601
0.515515 0.224897
0.463883 0.12662
0.722132 0.144416
0.700387 0.160212
0.840398 0.125266
0.7918 0.23485
0.882459 0.255352
0.682148 0.291551
0.630852 0.2484
0.705481 0.382032
0.762564 0.454036
0.681698 0.398033
0.890801 0.733847
0.891404 0.878485
0.571138 0.781291
0.65747 0.694982
0.436604 0.323957
0.463358 0.824518
0.438707 0.806305
0.451754 0.906725
0.38801 0.692161
0.373027 0.376243
0.340491 0.29588
0.21715 0.328668
0.304921 0.623574
0.22854 0.48816
0.141935 0.423957
0.145396 0.464698
0.160622 0.567269
0.224277 0.589012
0.248712 0.830182
0.224068 0.833873
0.15007 0.789632
-0.007319 0.891725
0.070332 0.742852
