1
50 1
0.0884 0.671834
0.118811 0.704178
0.178415 0.227189
0.258548 0.219415
0.281422 0.213701
0.285316 0.594095
0.301588 0.464849
0.33558 0.437206
0.350793 0.144424
0.449504 0.151335
0.492379 0.196875
0.544025 0.091135
0.566227 0.817753
0.578862 0.507211
0.688756 0.392798
0.721945 0.56491
0.763968 0.249767
0.76566 0.305712
0.790555 0.30735
0.817459 0.540839
0.825101 0.184449
0.831115 0.575797
0.841438 0.1804
0.856151 0.453929
0.910909 0.20885
0.921738 0.812744
0.886284 0.335881
0.869086 0.600312
0.864138 0.549958
0.834162 0.809923
0.788528 0.443213
0.750472 0.95232
0.665961 1.0131
0.645998 0.968296
0.618696 0.87925
0.601616 0.723094
0.584848 1.04083
0.573878 0.936161
0.568938 0.947718
0.465661 0.862995
0.424697 0.71195
0.415305 0.422493
0.405068 0.59913
0.396876 0.959316
0.363371 0.563587
0.322863 0.853614
0.302194 0.566602
0.289079 0.834796
0.245774 0.759123
0.152906 0.814047
