1
50 1
-0.478585 -0.377391
-0.35202 -0.448844
-0.333895 -0.039683
-0.290071 -0.211264
-0.173759 -0.391089
-0.067559 0.061029
-0.051468 -0.377622
-0.023384 -0.20799
0.052663 -0.259354
0.127547 -0.313684
0.166153 0.202323
0.210709 -0.481379
0.249576 -0.433254
0.417641 -0.162717
0.439342 -0.051947
0.449347 -0.123359
0.472432 -0.491411
0.480642 0.077845
0.463903 0.064928
0.394655 -0.042258
0.376593 0.454382
0.359268 -0.117553
0.284204 -0.321016
0.278744 0.220308
0.13479 0.387184
0.114436 0.264318
0.108374 -0.028825
0.047152 0.183196
0.036759 -0.025438
-0.03017 0.459648
-0.041879 -0.248264
-0.056456 0.438828
-0.061762 0.09617
-0.084552 0.163955
-0.136949 0.018138
-0.165612 0.173224
-0.16876 0.108675
-0.174915 -0.168153
-0.175142 -0.286959
-0.217688 0.07163
-0.271161 0.047111
-0.272339 0.333427
-0.305847 0.297787
-0.335236 0.099322
-0.368621 0.387203
-0.370758 -0.079926
-0.401446 0.38713
-0.447578 -0.39155
-0.465176 -0.349808
-0.471439 -0.045527
