1
500 1
-0.29741 0.413798
-0.291189 -0.254918
-0.063678 -0.020637
-0.133014 -0.101922
-0.122732 -0.099243
-0.136517 -0.123549
-0.165718 -0.137526
-0.260147 -0.250499
-0.27475 -0.272388
-0.215565 -0.231333
-0.258073 -0.295351
-0.229515 -0.275814
-0.196572 -0.275823
-0.168137 -0.249696
-0.149708 -0.268235
-0.164365 -0.236655
-0.182221 -0.19513
-0.181583 -0.193924
-0.082627 -0.29485
-0.177104 -0.190934
-0.167123 -0.191609
-0.165854 -0.17292
-0.079566 -0.243969
-0.014322 -0.252874
-0.039562 -0.261782
-0.002125 -0.255311
0.022283 -0.268642
0.058224 -0.253637
0.024582 -0.24849
0.042777 -0.243137
0.061225 -0.242825
0.134659 -0.229527
0.074938 -0.217316
0.015978 -0.208306
-0.062706 -0.186778
-0.044967 -0.209308
-0.149297 -0.174463
-0.133371 -0.170846
-0.12166 -0.156757
-0.042249 -0.148203
-0.017931 -0.155577
-0.048492 -0.13069
0.076721 -0.085978
0.068492 -0.113809
-0.014023 -0.132848
0.112571 -0.139114
0.151062 -0.149426
0.110735 -0.172058
0.116332 -0.180091
0.175733 -0.178033
0.106893 -0.284906
0.131939 -0.273304
0.198489 -0.266823
0.252249 -0.276705
0.363157 -0.299055
0.412643 -0.298773
0.389417 -0.287709
0.445511 -0.297712
0.478206 -0.293401
0.386201 -0.255997
0.258445 -0.183086
0.373189 -0.231623
0.416488 -0.247961
0.403312 -0.234532
0.382945 -0.179229
0.43193 -0.213603
0.458295 -0.219347
0.453911 -0.235111
0.496217 -0.255786
0.557665 -0.279615
0.546225 -0.249556
0.566022 -0.274275
0.577847 -0.299428
0.574941 -0.243814
0.538218 -0.189654
0.569642 -0.215075
0.586941 -0.201952
0.64224 -0.284021
0.654757 -0.250798
0.637526 -0.239866
0.627423 -0.20504
0.577113 -0.17121
0.506638 -0.162504
0.436207 -0.173749
0.369385 -0.16922
0.190171 -0.147253
0.139991 -0.103321
0.276523 -0.10741
0.24481 -0.115002
0.278541 -0.140071
0.322798 -0.11906
0.368617 -0.116621
0.413405 -0.125552
0.349214 -0.110703
0.366433 -0.108242
0.302621 -0.089617
0.188374 -0.075038
0.107115 -0.061511
0.301944 0.00212
0.354869 -0.010184
0.3361 -0.009561
0.333852 -0.030622
0.359751 -0.026025
0.275644 -0.065541
0.389556 -0.043263
0.400707 -0.059308
0.35601 -0.072872
0.360864 -0.087666
0.398421 -0.088734
0.480741 -0.088508
0.419097 -0.075061
0.453173 -0.063278
0.466787 -0.066463
0.401368 0.06145
0.515108 -0.090287
0.471984 -0.027356
0.537364 -0.110675
0.565669 -0.145134
0.58478 -0.154271
0.583929 -0.147196
0.57272 -0.099467
0.559243 -0.073446
0.583863 -0.041753
0.592801 -0.030144
0.605366 0.014155
0.615169 -0.007224
0.615054 -0.027962
0.61847 -0.024817
0.605235 -0.122276
0.608511 -0.153516
0.61068 -0.145729
0.646337 -0.00725
0.620598 -0.125351
0.623566 -0.183708
0.66015 -0.10945
0.672522 -0.130374
0.691639 -0.094928
0.668985 0.021685
0.682733 0.089684
0.673673 0.080668
0.655947 0.024595
0.647193 0.04905
0.605168 0.020098
0.663121 0.089703
0.678846 0.109073
0.671366 0.108333
0.619107 0.120991
0.562954 0.118252
0.529932 0.111643
0.604502 0.097998
0.547505 0.07126
0.514096 0.060059
0.482085 0.091365
0.47262 0.061059
0.433978 0.071832
0.451571 0.085443
0.475676 0.096806
0.518949 0.123278
0.495718 0.115554
0.455328 0.099014
0.421831 0.096357
0.3361 0.046835
0.315111 0.047571
0.301777 0.060444
0.186209 -0.002466
0.041892 -0.056772
-0.042705 -0.109051
-0.007085 -0.076253
-0.034224 -0.088846
-0.081367 -0.0914
-0.10699 -0.100617
0.173793 0.016597
0.40284 0.110086
0.55209 0.183005
0.559297 0.185577
0.362763 0.143433
0.15126 0.023654
0.139904 0.017796
0.307382 0.12795
0.301097 0.12802
0.254012 0.119935
0.217587 0.090461
0.22282 0.095956
0.101952 0.081061
0.089975 0.022217
0.066611 0.013747
0.055482 -0.01353
-0.011023 -0.023161
0.046058 0.011769
-0.027186 -0.006221
0.026769 0.044293
-0.005348 0.011133
0.065472 0.078697
0.12682 0.108384
0.1796 0.159741
0.089606 0.107969
0.058168 0.086058
0.265079 0.265431
0.287898 0.266861
0.203871 0.121693
0.251017 0.155251
0.277946 0.205829
0.352594 0.284966
0.350307 0.264147
0.376893 0.314144
0.325227 0.341978
0.363151 0.4087
0.439143 0.381126
0.431891 0.395679
0.455268 0.410917
0.502702 0.397155
0.453345 0.344655
0.34463 0.231054
0.417345 0.295266
0.42049 0.294219
0.363487 0.211687
0.41945 0.282687
0.434379 0.300069
0.465417 0.318558
0.541272 0.404259
0.604447 0.394133
0.467916 0.320229
0.468432 0.309994
0.42642 0.259404
0.531269 0.319833
0.495895 0.282565
0.579469 0.343778
0.597813 0.350783
0.584582 0.338586
0.540735 0.306981
0.476682 0.263498
0.453473 0.245927
0.529172 0.26921
0.545768 0.229911
0.508397 0.227216
0.494226 0.204018
0.477733 0.195405
0.398309 0.168062
0.470587 0.183354
0.368123 0.15204
0.581202 0.202718
0.631179 0.253134
0.582486 0.158058
0.654188 0.280431
0.644858 0.258897
0.657817 0.266533
0.668195 0.198735
0.681494 0.301663
0.623297 0.32853
0.650303 0.379215
0.659423 0.380627
0.626351 0.42921
0.542477 0.447169
0.577514 0.468482
0.60717 0.484498
0.63908 0.471985
0.630959 0.514155
0.645122 0.47757
0.685365 0.385509
0.691232 0.375099
0.655639 0.491681
0.685751 0.471666
0.691595 0.529973
0.653808 0.566618
0.625582 0.607101
0.631263 0.682842
0.616934 0.622559
0.604656 0.577493
0.582575 0.520908
0.579288 0.543747
0.570677 0.554015
0.551204 0.581178
0.571565 0.528115
0.571596 0.516081
0.553975 0.508636
0.533878 0.474871
0.51476 0.479689
0.502714 0.448736
0.465911 0.524106
0.09597 0.132883
0.219243 0.270978
0.044336 0.082934
0.117337 0.164724
0.120382 0.16835
0.175677 0.229907
0.233431 0.288626
0.441363 0.503884
0.369945 0.432612
0.381198 0.444572
0.446485 0.538132
0.471787 0.560103
0.55279 0.652204
0.502081 0.607654
0.548759 0.687556
0.549166 0.68918
0.493428 0.620162
0.481169 0.591204
0.470863 0.636949
0.466237 0.632408
0.463836 0.689119
0.459663 0.685922
0.41294 0.684342
0.384596 0.557843
0.434836 0.575574
0.404081 0.54177
0.364714 0.501525
0.355962 0.510311
0.317621 0.609696
0.310032 0.636224
0.298203 0.671479
0.342278 0.514669
0.351795 0.447587
0.343574 0.45079
0.315621 0.409864
0.298214 0.393362
0.301185 0.475016
0.281818 0.529058
0.267636 0.670848
0.267785 0.494379
0.271083 0.433285
0.270152 0.425357
0.258771 0.327302
0.253905 0.462515
0.258387 0.688579
0.241211 0.664257
0.241321 0.580827
0.249632 0.395468
0.236564 0.294751
0.231751 0.359126
0.22111 0.306986
0.222695 0.341015
0.192674 0.26606
0.150641 0.288607
0.163178 0.308645
0.178926 0.350589
0.162986 0.332347
0.138436 0.30183
0.152565 0.371813
0.160437 0.40102
0.177608 0.430179
0.221485 0.468557
0.204042 0.488643
0.233818 0.595126
0.131711 0.451355
0.210013 0.684501
0.183058 0.62973
0.17005 0.592789
0.174449 0.678469
0.140854 0.534557
0.11785 0.429236
0.074204 0.374454
0.087766 0.44283
0.070485 0.452434
0.028761 0.457541
0.105563 0.511972
0.059737 0.52604
-0.000135 0.53314
0.11378 0.572482
0.104319 0.641195
0.100352 0.653895
0.084 0.58983
0.034866 0.56349
0.099944 0.65427
0.054099 0.679754
-0.052955 0.617652
-0.051572 0.548852
-0.059634 0.538807
-0.01081 0.432919
0.026594 0.408872
-0.009462 0.408509
0.037064 0.399677
0.122138 0.264097
0.01189 0.362106
0.014249 0.330372
-0.053238 0.478429
-0.032188 0.402139
-0.070851 0.536974
-0.141743 0.682938
-0.099651 0.454237
-0.082693 0.435371
-0.090524 0.402406
-0.097023 0.418222
-0.149711 0.654025
-0.13314 0.569166
-0.120329 0.507301
-0.12276 0.504348
-0.130597 0.528722
-0.11644 0.432452
-0.157151 0.462522
-0.15834 0.593443
-0.162899 0.648867
-0.163475 0.667159
-0.187354 0.61121
-0.23059 0.64998
-0.296903 0.633921
-0.293465 0.633934
-0.294606 0.581087
-0.247831 0.588996
-0.279723 0.528952
-0.180678 0.539512
-0.172267 0.451296
-0.194122 0.497416
-0.210548 0.479389
-0.194888 0.463709
-0.112763 0.360547
-0.132318 0.402115
0.021434 0.302965
-0.017078 0.314348
0.023547 0.280961
-0.082201 0.253665
-0.083328 0.26922
-0.04613 0.32259
-0.185215 0.332549
-0.183591 0.328751
-0.182248 0.295377
-0.178129 0.230401
-0.186436 0.305375
-0.216966 0.2239
-0.203046 0.184053
-0.20615 0.173245
-0.21903 0.1422
-0.146809 0.208362
-0.078412 0.195681
-0.177714 0.22588
-0.081632 0.208566
-0.082782 0.216565
-0.08643 0.233639
-0.062962 0.22633
-0.058992 0.234799
-0.029024 0.240809
-0.052497 0.211147
-0.032476 0.207288
-0.000124 0.223701
-0.158856 0.054999
-0.119331 0.087735
-0.160957 0.030059
-0.023371 0.191588
-0.125984 0.06704
0.018307 0.238676
0.045276 0.261698
-0.095927 0.095602
-0.099391 0.076962
-0.183583 -0.009301
-0.212612 -0.042846
-0.164663 0.003917
-0.150686 0.011578
-0.02748 0.107347
-0.060396 0.069586
-0.092095 0.02973
-0.190991 -0.051021
-0.17033 -0.04005
-0.15 -0.036046
-0.074268 0.048723
0.00601 0.134262
-0.009377 0.125187
0.049413 0.200021
0.025921 0.158347
0.10389 0.229243
0.107631 0.211316
0.019869 0.146465
-0.048087 0.05092
-0.032909 0.058698
0.022718 0.115997
0.125822 0.216693
0.075686 0.155605
0.147338 0.20196
0.004687 0.06473
-0.092606 -0.027641
-0.216166 -0.17133
-0.254674 -0.178901
-0.26153 -0.099091
-0.264504 -0.051298
-0.256513 -0.062316
-0.26104 0.046991
-0.243435 -0.085512
-0.217473 -0.162104
-0.233342 0.033158
-0.234027 0.240047
-0.22826 0.185437
-0.233184 0.317786
-0.229979 0.248458
-0.221688 0.205407
-0.236862 0.462432
-0.240293 0.421629
-0.240501 0.274532
-0.241725 0.266571
-0.249436 0.089293
-0.261013 0.166591
-0.247357 0.40492
-0.246129 0.466892
-0.25407 0.478325
-0.269435 0.408298
-0.281123 0.485525
-0.260609 0.497192
-0.29137 0.497677
-0.289714 0.326274
-0.265251 -0.196649
-0.273869 -0.035375
-0.285007 0.08601
-0.283864 0.128206
