1
500 1
0.005151 0.147382
0.146403 0.136836
0.029809 0.131101
0.006767 0.138911
0.030795 0.114099
0.060556 0.117033
0.259392 0.11404
0.373833 0.128294
0.370379 0.129149
0.253848 0.14658
0.238587 0.151245
0.264823 0.150586
0.336718 0.157275
0.374486 0.16092
0.406171 0.157695
0.537345 0.134845
0.513168 0.167374
0.678499 0.157383
0.529065 0.129616
0.552985 0.124358
0.472237 0.118568
0.430623 0.114434
0.623454 0.120532
0.645407 0.103816
0.522708 0.065656
0.502681 0.071202
0.450733 0.086493
0.301557 0.068961
0.267398 0.046986
0.215738 0.089396
0.18355 0.100284
0.061076 0.051964
0.027701 0.018385
0.167917 0.0565
0.126771 0.029939
0.127957 0.023623
0.335378 0.035951
0.57485 0.053993
0.562483 0.04954
0.459486 0.037916
0.4914 0.038397
0.367985 0.032368
0.184154 0.013541
0.253131 0.011217
0.149509 0.002646
0.504917 0.020113
0.746721 0.002651
0.562896 0.018241
0.653369 0.011456
0.543551 0.021496
0.68919 0.0658
0.701719 0.036539
0.746839 0.0493
0.774933 0.069971
0.745364 0.077641
0.729209 0.094573
0.747857 0.108586
0.623143 0.061214
0.583889 0.048332
0.671462 0.084572
0.744383 0.128662
0.772285 0.272738
0.787506 0.357898
0.787808 0.150702
0.797275 0.35328
0.831511 0.604591
0.835038 0.638638
0.844165 0.666692
0.850908 0.703717
0.829288 0.553664
0.827268 0.524307
0.831674 0.52054
0.849673 0.677539
0.831029 0.492238
0.884944 0.443587
0.849611 0.348759
0.818805 0.257652
0.877864 0.377568
0.825979 0.198126
0.798325 0.115252
0.810412 0.110915
0.873199 0.259588
0.85605 0.117769
0.889352 0.336854
0.872507 0.216785
0.864951 0.135411
0.858666 0.095148
0.916618 0.040425
0.877078 0.15159
0.914453 0.076587
0.901616 0.183102
0.906471 0.220968
0.918873 0.352208
0.923803 0.415478
0.91667 0.238576
0.914938 0.119816
0.929148 0.131962
0.921109 0.115881
0.93591 0.04678
0.937919 0.059974
0.957904 0.126657
0.92667 0.269795
0.944489 0.227821
0.932557 0.391174
0.958059 0.202326
0.968441 0.244609
0.981018 0.037091
0.964261 0.403572
0.963817 0.435667
0.986413 0.024255
0.985739 0.154749
0.999707 0.266928
0.998085 0.357853
0.996048 0.382646
0.989565 0.572917
0.99076 0.738577
0.991094 0.932798
0.985173 0.790723
0.981476 0.599187
0.974058 0.438179
0.965603 0.72815
0.961309 0.631954
0.957254 0.552627
0.956155 0.739797
0.964364 0.80808
0.977239 0.952464
0.955119 0.965229
0.945077 0.863583
0.93717 0.700265
0.938451 0.638534
0.926176 0.57757
0.930633 0.649897
0.916897 0.68165
0.917125 0.440394
0.913197 0.41341
0.907748 0.815618
0.900072 0.380468
0.899859 0.399181
0.88242 0.56966
0.894694 0.617841
0.898235 0.633935
0.884951 0.603047
0.894817 0.683756
0.881905 0.897155
0.879876 0.726324
0.884637 0.689655
0.878593 0.633341
0.871553 0.701002
0.867497 0.81331
0.86723 0.844795
0.866398 0.864001
0.863278 0.84493
0.855585 0.79541
0.844085 0.802791
0.841419 0.783768
0.832112 0.818383
0.834067 0.846039
0.853556 0.834402
0.846962 0.845205
0.852089 0.863426
0.857381 0.88027
0.820383 0.880686
0.79382 0.938397
0.856741 0.900835
0.890412 0.975646
0.848092 0.976011
0.788244 0.957363
0.784098 0.985677
0.779488 0.878654
0.709989 0.859363
0.743312 0.802422
0.77459 0.781185
0.831996 0.771683
0.813197 0.770464
0.837667 0.726444
0.769098 0.675446
0.82725 0.672328
0.820239 0.665579
0.794245 0.622833
0.813353 0.548609
0.780024 0.620592
0.772615 0.620846
0.787389 0.54993
0.783271 0.546616
0.761561 0.619883
0.756291 0.605796
0.767189 0.56011
0.766938 0.519971
0.780389 0.364767
0.763502 0.509144
0.757764 0.420083
0.747361 0.486597
0.757514 0.286665
0.73481 0.366313
0.702559 0.43461
0.703503 0.429058
0.734424 0.329878
0.652299 0.453879
0.674519 0.309216
0.750746 0.263008
0.739383 0.19709
0.701616 0.248459
0.692319 0.245821
0.672003 0.294842
0.65655 0.37282
0.64681 0.371361
0.650974 0.40617
0.576087 0.460289
0.608535 0.51063
0.666885 0.499304
0.640379 0.580052
0.667758 0.629714
0.681368 0.562607
0.690643 0.576381
0.691622 0.53278
0.696455 0.53218
0.721981 0.533188
0.738264 0.510708
0.710799 0.621262
0.70059 0.648142
0.721839 0.664651
0.743527 0.676424
0.739335 0.680224
0.721972 0.757057
0.710833 0.79704
0.697493 0.705107
0.691928 0.661931
0.666412 0.73089
0.680395 0.771167
0.710943 0.845628
0.695635 0.820853
0.687109 0.828936
0.685172 0.835286
0.726533 0.956805
0.66384 0.96474
0.626362 0.9964
0.572172 0.950921
0.564719 0.915121
0.655022 0.940116
0.624718 0.90906
0.540135 0.831423
0.509454 0.799767
0.599831 0.873823
0.623813 0.861128
0.57448 0.80502
0.551542 0.815039
0.548742 0.821851
0.529936 0.789482
0.497553 0.787991
0.481105 0.786426
0.437744 0.78428
0.451814 0.890879
0.514385 0.909027
0.567117 0.956679
0.529993 0.963741
0.54997 0.999551
0.470593 0.951018
0.490622 0.99469
0.458743 0.991807
0.425597 0.935846
0.414086 0.872219
0.419521 0.950629
0.399189 0.754617
0.398213 0.828382
0.398728 0.8658
0.402078 0.881923
0.405338 0.980264
0.393136 0.931155
0.378918 0.91854
0.379978 0.789546
0.300211 0.9448
0.364397 0.798642
0.394043 0.745156
0.438789 0.657663
0.466738 0.605527
0.463255 0.622226
0.42527 0.711636
0.423377 0.74354
0.434733 0.737344
0.447517 0.729027
0.461166 0.725646
0.463238 0.728831
0.468132 0.734881
0.475734 0.735351
0.568431 0.719566
0.541503 0.701433
0.497847 0.656669
0.507458 0.66207
0.505594 0.632296
0.525048 0.599415
0.591721 0.70528
0.603327 0.709383
0.582398 0.650629
0.629925 0.71494
0.650567 0.752083
0.651641 0.754065
0.573473 0.562699
0.558982 0.559963
0.542839 0.458879
0.539943 0.462722
0.504979 0.50925
0.429903 0.640736
0.371135 0.74385
0.338684 0.785011
0.332016 0.775262
0.167552 0.971768
0.235772 0.874279
0.172985 0.933615
0.153407 0.955324
0.120023 0.994432
0.091547 0.992729
0.20419 0.835873
0.207894 0.856019
0.419643 0.581262
0.453034 0.531146
0.488383 0.476599
0.464037 0.491504
0.447843 0.496195
0.319312 0.684657
0.362309 0.614363
0.434066 0.499663
0.329635 0.649221
0.258539 0.744036
0.245924 0.754602
0.394329 0.550581
0.249458 0.740227
0.35515 0.569805
0.304308 0.646561
0.351421 0.545144
0.27851 0.671138
0.202925 0.828595
0.165567 0.87251
0.127161 0.934342
0.084311 0.987294
0.152038 0.876185
0.160257 0.860584
0.17424 0.829001
0.215826 0.75139
0.248414 0.698922
0.195077 0.765929
0.286845 0.631053
0.247259 0.672107
0.290817 0.600488
0.208353 0.713883
0.220064 0.687145
0.269079 0.591255
0.13838 0.745835
0.155623 0.778708
0.121105 0.759858
0.156234 0.811333
0.113861 0.800606
0.165468 0.835917
0.091718 0.959254
0.074282 0.967425
0.059333 0.966901
0.09748 0.880239
0.107531 0.825684
0.084688 0.837675
0.011923 0.872941
0.077335 0.792328
0.109937 0.750358
0.092868 0.740759
0.005532 0.81187
0.125952 0.681798
0.12708 0.681502
0.042632 0.774154
0.093001 0.724136
0.190311 0.621699
0.194218 0.653802
0.222382 0.598729
0.363324 0.53054
0.466972 0.482515
0.507422 0.460701
0.415892 0.504646
0.350975 0.528626
0.372042 0.50497
0.307297 0.518755
0.409176 0.452324
0.414836 0.445075
0.556519 0.304332
0.540421 0.374688
0.532549 0.422236
0.613906 0.293906
0.558198 0.417664
0.678919 0.207849
0.678333 0.187274
0.652521 0.203066
0.592897 0.242593
0.573199 0.268519
0.527064 0.311367
0.455678 0.37944
0.43137 0.40589
0.148115 0.64801
0.024839 0.760713
0.011533 0.7422
0.084032 0.688523
0.005563 0.684958
0.040384 0.656468
0.155491 0.578026
0.311174 0.461717
0.433555 0.37842
0.383597 0.396923
0.15424 0.565598
0.410994 0.352276
0.365765 0.38362
0.265808 0.462189
0.345991 0.395856
0.368873 0.368829
0.338776 0.371389
0.32723 0.37418
0.377676 0.349806
0.494887 0.289792
0.485494 0.304888
0.516731 0.2889
0.521057 0.293264
0.566915 0.25199
0.671435 0.167478
0.53687 0.264448
0.531503 0.254749
0.517434 0.262424
0.560189 0.226277
0.547918 0.188495
0.438717 0.270426
0.472485 0.237081
0.47769 0.205777
0.452414 0.245319
0.405404 0.287754
0.440734 0.256873
0.327353 0.357149
0.089391 0.607106
0.110094 0.580339
0.206535 0.463225
0.213014 0.442142
0.199021 0.447727
0.216717 0.420147
0.234689 0.408132
0.270717 0.350759
0.333983 0.28753
0.369109 0.279447
0.354402 0.269802
0.374607 0.23817
0.304716 0.272877
0.105875 0.545255
0.063962 0.602724
0.099758 0.535176
0.239627 0.351835
0.259948 0.315227
0.312559 0.221551
0.248306 0.322555
0.233086 0.333536
0.189778 0.393736
0.088684 0.531
0.27751 0.255803
0.293438 0.232303
0.24094 0.292212
0.234147 0.300629
0.178132 0.372067
0.280016 0.222215
0.210322 0.305113
0.232368 0.265208
0.225996 0.235565
0.15715 0.370128
0.067064 0.559782
0.021433 0.631019
0.017395 0.618955
0.099087 0.452647
0.133165 0.390753
0.061071 0.551875
0.094313 0.489106
0.147114 0.361675
0.124655 0.353902
0.08849 0.37978
0.055109 0.404158
0.084108 0.413427
0.009971 0.544229
0.014463 0.50011
0.012312 0.446874
0.020348 0.432168
0.012538 0.421831
0.010739 0.410979
0.027794 0.366329
0.049565 0.315438
0.070534 0.308714
0.108407 0.297432
0.083843 0.282603
0.145833 0.277413
0.202204 0.2267
0.218116 0.197141
0.066371 0.228729
0.102401 0.220031
0.018592 0.211415
0.059258 0.205957
0.176987 0.194462
0.21728 0.179033
0.044839 0.19419
0.034818 0.193714
0.108122 0.17878
0.126083 0.174439
0.021879 0.184674
0.137944 0.163886
