1
500 1
-0.248919 0.268458
-0.223656 0.091089
-0.246979 0.100774
-0.225688 0.022908
-0.217522 0.155098
-0.214771 0.081848
-0.21081 0.182561
-0.186658 0.27254
-0.187114 0.209702
-0.171762 0.127375
-0.17404 0.025114
-0.168746 -0.03674
-0.14278 -0.017142
-0.160838 0.175762
-0.148604 0.122383
-0.132483 0.283761
-0.127282 0.185592
-0.117805 0.226805
-0.105625 0.196683
-0.052421 0.058084
-0.088995 0.014625
-0.115858 0.026921
-0.130606 -0.02597
-0.150865 -0.047576
-0.206576 -0.057094
-0.165909 -0.053334
-0.105387 -0.044786
0.025509 0.010361
-0.00142 -0.019822
0.039911 -0.011288
-0.017211 -0.031515
0.006839 -0.056837
-0.085459 -0.053868
-0.03282 -0.062813
-0.095408 -0.088208
-0.088533 -0.068246
-0.102478 -0.085379
-0.131201 -0.082771
-0.146535 -0.069138
-0.142336 -0.076828
-0.161517 -0.064957
-0.240173 -0.077553
-0.224425 -0.095789
-0.183697 -0.101182
-0.17329 -0.102875
-0.192213 -0.128396
-0.183081 -0.136969
-0.162684 -0.106445
-0.151691 -0.124706
-0.072765 -0.10256
-0.243748 -0.169441
-0.077267 -0.217426
-0.210261 -0.207628
-0.147207 -0.213818
-0.225109 -0.211009
-0.196342 -0.228955
-0.122266 -0.235222
-0.066164 -0.22356
-0.041616 -0.229228
0.002393 -0.220899
-0.026067 -0.210211
-0.019141 -0.199841
0.053437 -0.175492
0.081659 -0.16535
0.080577 -0.155268
0.102405 -0.13436
-0.065343 -0.182726
0.004056 -0.129394
0.011849 -0.123671
0.070767 -0.100298
0.063175 -0.085519
0.12194 -0.08935
0.132182 -0.095263
0.143922 -0.147267
0.155784 -0.091904
0.214432 -0.129146
0.205825 -0.140053
0.246358 -0.169115
0.158699 -0.166404
0.162009 -0.188273
0.115196 -0.179081
0.126778 -0.233758
0.304433 -0.234273
0.328476 -0.150511
0.281675 -0.182587
0.284704 -0.129058
0.226686 -0.108246
0.235181 -0.106927
0.249661 -0.094667
0.266378 -0.083389
0.307407 -0.015796
0.317536 -0.124637
0.343047 -0.137839
0.335888 -0.072879
0.337436 -0.014292
0.383659 -0.007437
0.33606 0.055872
0.319944 0.045434
0.287991 0.080865
0.288693 0.0972
0.262452 0.008792
0.253825 0.029851
0.269226 0.061438
0.238814 0.012184
0.183222 -0.036322
0.181103 -0.039922
0.166577 -0.043969
0.153692 -0.05371
0.269491 0.153419
0.286363 0.139197
0.28981 0.132815
0.321896 0.083223
0.295228 0.140687
0.43306 0.008107
0.316558 0.125208
0.392109 0.056392
0.432665 0.060034
0.426729 0.073794
0.259717 0.216215
0.25256 0.228641
0.23363 0.253706
0.17663 0.33257
0.077362 0.476426
0.063594 0.520092
0.09146 0.485567
0.13464 0.424027
0.198288 0.325911
0.186091 0.358301
0.225316 0.313166
0.227387 0.308272
0.226166 0.279177
0.247911 0.239567
0.270521 0.216305
0.294961 0.193441
0.33076 0.170138
0.318818 0.19406
0.329477 0.186859
0.22725 0.318865
0.175889 0.392143
0.167557 0.400345
0.042689 0.569173
0.364976 0.147961
0.40749 0.105401
0.316511 0.22389
0.161152 0.425953
0.148349 0.456293
0.059231 0.570237
0.140609 0.514246
0.140237 0.517135
0.144294 0.52679
0.224241 0.479916
0.217756 0.472032
0.230318 0.464695
0.252419 0.437441
0.221142 0.450948
0.211225 0.438013
0.301647 0.423994
0.310553 0.406241
0.382998 0.365914
0.326559 0.382622
0.347189 0.372318
0.193191 0.410184
0.371859 0.362177
0.329736 0.355405
0.295791 0.354532
0.321702 0.324259
0.356723 0.299306
0.460125 0.337931
0.473107 0.340969
0.453521 0.320602
0.466443 0.231909
0.534337 0.247593
0.50223 0.175445
0.457802 0.159513
0.44259 0.174891
0.446603 0.195928
0.422628 0.265758
0.397692 0.261003
0.349546 0.269612
0.369007 0.238875
0.213426 0.382244
0.336204 0.227438
0.442194 0.118766
0.359658 0.19082
0.43786 0.114956
0.457121 0.09296
0.477275 0.098112
0.531559 0.218671
0.52989 0.205173
0.511794 0.161713
0.509556 0.148396
0.511948 0.133755
0.533749 0.181128
0.515679 0.056387
0.48252 0.010222
0.455196 -0.03136
0.456721 -0.033849
0.393473 -0.117237
0.383269 -0.14255
0.358551 -0.229295
0.380655 -0.175785
0.369152 -0.212031
0.385998 -0.1813
0.389095 -0.233781
0.42145 -0.206818
0.453503 -0.128734
0.466395 -0.162896
0.424263 -0.236321
0.465539 -0.166996
0.479605 -0.248631
0.484952 -0.229187
0.496763 -0.180981
0.479444 -0.055414
0.543197 0.106087
0.508491 -0.134976
0.527244 -0.066765
0.548859 0.124548
0.536245 -0.160209
0.539461 -0.122383
0.542919 -0.125395
0.561335 -0.150903
0.550082 -0.090636
0.567279 -0.143875
0.594226 -0.069879
0.565962 -0.18537
0.593722 -0.092313
0.583949 -0.201596
0.58175 -0.215927
0.592376 -0.226639
0.602149 -0.158992
0.614255 -0.17557
0.611725 -0.129221
0.615914 -0.100124
0.617719 -0.08681
0.572023 0.132302
0.571258 0.238733
0.663029 -0.166133
0.694454 -0.22546
0.674547 -0.123665
0.681218 -0.134816
0.678896 -0.110279
0.660856 -0.058636
0.726662 -0.207982
0.735948 -0.230681
0.683995 -0.057079
0.596196 0.188217
0.586964 0.22266
0.68573 -0.043008
0.737131 -0.14299
0.74811 -0.114071
0.721328 -0.067216
0.675802 0.071642
0.574671 0.264073
0.668898 0.111959
0.618897 0.214037
0.582233 0.300937
0.587611 0.322026
0.650896 0.216818
0.595035 0.325788
0.613279 0.352757
0.630202 0.335935
0.674095 0.185923
0.720148 0.081658
0.732951 0.213662
0.735107 0.263608
0.747398 0.114258
0.734617 0.32597
0.742885 0.31111
0.725719 0.392445
0.724639 0.416068
0.676963 0.328653
0.681014 0.297941
0.717382 0.368546
0.680897 0.245802
0.675358 0.285717
0.658372 0.262142
0.65203 0.330847
0.65915 0.401253
0.666959 0.487175
0.689858 0.512159
0.69315 0.493501
0.706784 0.515953
0.716263 0.535543
0.721762 0.511802
0.733516 0.467546
0.748565 0.709086
0.716923 0.557929
0.72087 0.637148
0.716292 0.568464
0.70521 0.63241
0.648596 0.683589
0.637849 0.689678
0.640303 0.644902
0.655744 0.599641
0.533371 0.626136
0.523966 0.610933
0.585396 0.576786
0.471419 0.595647
0.469174 0.605326
0.575118 0.669459
0.517749 0.660687
0.505481 0.645936
0.437057 0.62926
0.420845 0.640831
0.412486 0.647695
0.398827 0.679956
0.361962 0.684552
0.348251 0.689923
0.405391 0.680667
0.634566 0.711947
0.688428 0.741423
0.451529 0.736206
0.494646 0.708354
0.318585 0.709066
0.169959 0.731357
0.064568 0.744973
0.14119 0.728093
0.108718 0.726734
0.223218 0.706443
0.113555 0.720419
0.240313 0.684629
0.175502 0.696227
0.080622 0.725775
-0.013817 0.748608
-0.027488 0.749347
0.120465 0.701074
0.074584 0.702584
0.032586 0.712551
0.125436 0.673408
0.283819 0.649188
0.344821 0.632993
0.410788 0.612013
0.480805 0.588498
0.337236 0.620562
0.279333 0.626848
0.170783 0.619192
0.30722 0.613779
0.324061 0.597449
0.473092 0.585349
0.53878 0.570545
0.607753 0.538934
0.478124 0.559442
0.208147 0.609349
0.241501 0.599572
0.415041 0.554952
0.249993 0.594772
0.419428 0.548354
0.417891 0.533903
0.498454 0.522496
0.563227 0.532145
0.613912 0.505527
0.623904 0.495095
0.603661 0.502945
0.578168 0.497197
0.593243 0.486507
0.501383 0.506984
0.431079 0.523748
0.594204 0.43177
0.533963 0.455066
0.426335 0.520489
0.487097 0.473639
0.375184 0.539622
0.393383 0.516039
0.327304 0.535799
0.17835 0.606713
0.400631 0.499764
0.437265 0.47728
0.046841 0.664655
0.13516 0.620528
0.230788 0.574779
-0.054081 0.710585
-0.074181 0.717601
0.060244 0.645939
-0.094409 0.711619
-0.051664 0.687755
-0.111705 0.710761
-0.119129 0.70301
-0.148718 0.705086
-0.100693 0.685544
0.008229 0.647527
0.11536 0.597448
0.210223 0.55298
0.17136 0.574244
0.267705 0.531435
0.289823 0.525314
0.580813 0.3623
0.571158 0.366401
0.426305 0.430349
0.25843 0.517719
0.097911 0.598058
0.043492 0.620138
0.122756 0.573889
0.033342 0.609809
-0.036332 0.63638
0.120858 0.559933
0.243328 0.514922
0.179781 0.535435
0.301917 0.478201
0.508561 0.37896
0.526322 0.347101
0.555165 0.321254
0.497275 0.347278
0.398598 0.404881
0.292393 0.458994
0.084791 0.574405
-0.079018 0.649869
0.018541 0.530476
-0.003156 0.594639
0.101097 0.42038
0.123991 0.391097
0.136973 0.36495
-0.099836 0.654831
0.03712 0.479944
0.059057 0.44941
-0.009777 0.43425
0.138986 0.33587
0.13058 0.306736
0.125745 0.30388
0.204974 0.249681
0.188891 0.25345
0.103855 0.285143
0.088814 0.2808
0.224358 0.157532
0.215221 0.141816
0.207144 0.113577
0.156261 0.193481
0.204525 0.109681
0.196046 0.103728
0.135403 0.119995
0.180611 0.013906
0.151871 -0.049904
0.108184 0.148208
0.129857 0.002926
0.067723 0.181178
0.164034 0.142961
0.067143 0.277736
0.015366 0.368106
-0.007295 0.366545
-0.006813 0.359987
0.12795 0.001752
0.093694 0.076824
0.04881 0.197824
0.010193 0.280207
0.065091 0.109655
0.066622 0.084795
0.001237 0.260527
-0.014738 0.320148
-0.010148 0.330096
-0.032189 0.3866
-0.044408 0.426266
-0.0837 0.543483
-0.097313 0.58644
-0.066574 0.467938
-0.079172 0.499902
-0.119073 0.613612
-0.04075 0.361091
-0.067823 0.437485
-0.12585 0.621479
-0.167794 0.690642
-0.186139 0.704999
-0.189764 0.645807
-0.177989 0.632838
-0.14659 0.504407
-0.136189 0.480125
-0.142609 0.521042
-0.136235 0.487179
-0.153628 0.620465
-0.119347 0.507124
-0.104134 0.449133
-0.0917 0.449067
-0.08712 0.362172
-0.090821 0.445597
-0.084247 0.427512
-0.05391 0.369207
-0.082103 0.36044
-0.032112 0.143172
-0.032059 0.237987
-0.0269 0.242656
0.017817 0.196055
0.002488 0.111101
0.028409 0.175762
0.044617 0.04535
0.002278 0.04234
-0.007679 0.02794
-0.013752 0.046789
-0.096724 0.315777
-0.050685 0.160567
-0.116172 0.37375
-0.2136 0.688726
-0.134734 0.390668
-0.116579 0.319833
-0.031875 0.014462
-0.17681 0.49714
-0.247023 0.650183
-0.196705 0.524314
-0.161937 0.424888
-0.221301 0.51886
-0.21259 0.484842
-0.248154 0.466614
-0.168251 0.364546
