1
5000 1
0.350362 1.28885
0.354359 1.25439
0.355898 1.25837
0.379411 1.22719
0.352977 1.25018
0.371344 1.22877
0.356026 1.23557
0.376621 1.2178
0.366723 1.2209
0.354731 1.21699
0.356253 1.2109
0.373632 1.20767
0.35287 1.20892
0.360847 1.17411
0.366613 1.1784
0.399304 1.19141
0.365745 1.1729
0.368394 1.16441
0.351611 1.11013
0.35797 1.12665
0.355524 1.11078
0.368935 1.11217
0.36721 1.11285
0.35856 1.11738
0.369873 1.15519
0.378699 1.11886
0.37972 1.11426
0.385012 1.11934
0.380045 1.13015
0.38357 1.14954
0.403295 1.12431
0.392413 1.14039
0.384234 1.15076
0.381949 1.15505
0.388919 1.16538
0.398576 1.15216
0.409757 1.17233
0.412393 1.17806
0.422011 1.23284
0.431749 1.2924
0.432206 1.29064
0.431736 1.28619
0.423529 1.21906
0.440699 1.28398
0.431525 1.24129
0.427029 1.21601
0.416529 1.15583
0.432966 1.22341
0.43899 1.25356
0.451282 1.30509
0.423114 1.15294
0.438536 1.23568
0.4445 1.26606
0.449639 1.29053
0.447264 1.26904
0.456442 1.29275
0.447478 1.24893
0.452929 1.26718
0.456088 1.27952
0.449135 1.24933
0.438536 1.20232
0.41974 1.12936
0.422649 1.13628
0.43963 1.19721
0.425815 1.13042
0.446372 1.22047
0.434778 1.16587
0.462742 1.29289
0.504713 1.32845
0.505156 1.31819
0.488295 1.31076
0.504678 1.31509
0.480871 1.30301
0.463159 1.28726
0.46524 1.28564
0.48728 1.30084
0.467896 1.28018
0.468366 1.27884
0.460286 1.25894
0.481743 1.28025
0.496023 1.30071
0.505591 1.31162
0.507955 1.31451
0.493595 1.29292
0.467037 1.24699
0.449201 1.21673
0.475544 1.25893
0.465431 1.24063
0.501605 1.29761
0.496652 1.28497
0.462468 1.2083
0.461077 1.23178
0.451697 1.21523
0.448279 1.21259
0.449664 1.18779
0.447776 1.18429
0.440606 1.16488
0.438962 1.15578
0.446748 1.1719
0.481644 1.24896
0.506936 1.30412
0.499307 1.28554
0.511095 1.30115
0.492343 1.26239
0.471973 1.22085
0.441186 1.15761
0.47415 1.22148
0.476303 1.22375
0.460992 1.17755
0.450149 1.15641
0.463496 1.19356
0.454377 1.17214
0.438671 1.13509
0.491923 1.15869
0.519818 1.16523
0.533672 1.16974
0.518342 1.15172
0.528189 1.15394
0.529493 1.14576
0.529457 1.13466
0.5163 1.14348
0.516515 1.138
0.536136 1.11937
0.523 1.12852
0.518316 1.1276
0.519105 1.12958
0.502862 1.1311
0.489222 1.13808
0.508618 1.14059
0.481479 1.13965
0.457761 1.1368
0.459716 1.13443
0.466879 1.12934
0.50315 1.12091
0.511013 1.11629
0.533661 1.10973
0.540007 1.09539
0.520828 1.0999
0.532585 1.085
0.530327 1.08668
0.506099 1.10638
0.516387 1.09411
0.539156 1.07483
0.523553 1.07995
0.51568 1.08674
0.496843 1.09774
0.503074 1.09398
0.480653 1.10712
0.486089 1.11163
0.479756 1.11486
0.457391 1.12104
0.463164 1.11216
0.471681 1.1073
0.533426 1.06794
0.527319 1.06921
0.493942 1.08913
0.515559 1.07345
0.477707 1.09303
0.474203 1.09295
0.459119 1.10633
0.433837 1.12922
0.428169 1.12677
0.429029 1.12496
0.430379 1.12071
0.45341 1.10441
0.454091 1.10119
0.463765 1.08718
0.470962 1.07824
0.463811 1.08013
0.441583 1.10893
0.449236 1.09278
0.438824 1.10303
0.428826 1.10374
0.426614 1.10381
0.42319 1.09714
0.445904 1.08557
0.450063 1.08302
0.405509 1.10227
0.390401 1.1047
0.404993 1.09392
0.426744 1.0837
0.416115 1.08522
0.408408 1.0841
0.456122 1.07652
0.436264 1.07732
0.415815 1.0741
0.409604 1.07664
0.400713 1.06069
0.400034 1.05708
0.41006 1.05953
0.41887 1.05574
0.443464 1.06853
0.441807 1.04151
0.409963 1.02685
0.433933 1.03366
0.426975 1.02477
0.440288 1.03032
0.443981 1.03271
0.438063 1.02489
0.435582 1.02085
0.43855 1.02333
0.495866 1.04913
0.457418 1.04539
0.466545 1.05377
0.486826 1.05299
0.477308 1.05767
0.532956 1.06558
0.5083 1.04907
0.51858 1.05033
0.509179 1.0456
0.480958 1.02452
0.495136 1.00443
0.484611 1.00663
0.481396 0.992265
0.474755 0.975247
0.482715 0.974851
0.485839 0.989256
0.483828 0.97375
0.480464 0.964297
0.480384 0.963752
0.480267 0.961763
0.488482 0.978061
0.486187 0.968263
0.491461 0.979101
0.497765 0.99516
0.492643 0.98347
0.502969 1.01047
0.509512 1.03105
0.515753 1.02751
0.506136 1.00329
0.532266 1.05374
0.529003 1.04405
0.532177 1.03748
0.538094 1.01707
0.537818 1.00762
0.541632 1.02317
0.54609 0.969207
0.540761 0.940735
0.535043 0.944589
0.531237 0.934601
0.528673 0.962193
0.521585 0.980646
0.517897 0.96044
0.518396 0.941159
0.527761 0.952579
0.518619 0.921817
0.517172 0.925217
0.514469 0.961702
0.513449 0.914371
0.513442 0.959125
0.513336 0.961476
0.51288 0.962172
0.509168 0.94049
0.507779 0.919335
0.496338 0.916139
0.503276 0.915777
0.504147 0.915602
0.493741 0.909623
0.486197 0.905937
0.485624 0.906346
0.501699 0.950256
0.508901 0.970167
0.509076 0.982882
0.495231 0.964606
0.489887 0.951253
0.483421 0.919833
0.467988 0.915995
0.465994 0.924654
0.476319 1.00463
0.470595 1.01954
0.465266 0.990668
0.462894 0.997118
0.458208 0.989116
0.457171 0.984761
0.457785 1.02943
0.444812 1.02206
0.445334 0.973843
0.44575 0.948056
0.434366 0.965975
0.439912 0.949534
0.442635 0.950295
0.439652 0.933309
0.436035 0.949637
0.431749 0.964546
0.430315 0.962965
0.433926 0.950994
0.447925 0.883342
0.446363 0.889051
0.439416 0.900445
0.44059 0.905073
0.427946 0.942745
0.435598 0.907108
0.437486 0.894198
0.416259 0.976971
0.415958 0.982314
0.414509 0.980783
0.38741 1.08484
0.382791 1.09944
0.405739 1.00752
0.395488 1.03767
0.395733 1.02538
0.399024 1.00329
0.398803 0.996788
0.393978 1.00363
0.393121 1.00202
0.384856 1.04922
0.380417 1.07594
0.378507 1.07714
0.370919 1.0753
0.36811 1.08927
0.37854 1.02646
0.38163 1.00891
0.373632 1.05195
0.370069 1.06441
0.373976 1.02344
0.36395 1.08527
0.368226 1.05396
0.351846 1.06661
0.358184 1.04084
0.355886 1.03433
0.366319 1.03567
0.370897 1.02107
0.365758 1.02111
0.372658 1.0115
0.356207 1.0133
0.363424 1.00745
0.372041 0.999771
0.390288 0.983103
0.373979 0.996435
0.385186 0.98374
0.4074 0.968391
0.387929 0.966835
0.408218 0.961298
0.394696 0.952865
0.3635 0.974035
0.372979 0.965225
0.390444 0.946489
0.355774 0.978293
0.391946 0.919895
0.382996 0.929809
0.363256 0.955895
0.358258 0.926967
0.358607 0.935285
0.36094 0.950595
0.350444 0.896465
0.356105 0.90751
0.368747 0.932747
0.372923 0.923905
0.376202 0.928025
0.350891 0.874175
0.381004 0.911985
0.364578 0.872183
0.366242 0.860181
0.351081 0.868458
0.361463 0.849297
0.363911 0.84625
0.375764 0.871339
0.38363 0.884056
0.389274 0.865083
0.393113 0.888615
0.396289 0.929513
0.396049 0.908011
0.390688 0.868129
0.391454 0.860007
0.404583 0.947757
0.416044 0.936524
0.396895 0.874469
0.405333 0.874762
0.406557 0.887788
0.412663 0.895511
0.415035 0.928893
0.417945 0.931803
0.424706 0.924061
0.413342 0.87254
0.423011 0.894174
0.427325 0.889132
0.429825 0.873516
0.363128 0.839874
0.370097 0.811527
0.37311 0.699545
0.371438 0.684251
0.370854 0.714293
0.370529 0.726451
0.36461 0.730091
0.356019 0.791283
0.351522 0.829404
0.356811 0.747176
0.351093 0.81766
0.353021 0.700774
0.355716 0.677642
0.360364 0.63301
0.361831 0.630626
0.360416 0.624411
0.374312 0.622908
0.369814 0.642713
0.370027 0.643497
0.376264 0.661612
0.371612 0.661738
0.370344 0.662033
0.376344 0.691089
0.377202 0.678828
0.376781 0.735132
0.379276 0.732686
0.372187 0.832679
0.385312 0.818629
0.384259 0.811662
0.379287 0.7773
0.378731 0.777356
0.382478 0.755098
0.385158 0.744956
0.3838 0.712644
0.386945 0.692711
0.385229 0.681848
0.391902 0.660365
0.386062 0.648052
0.401919 0.665081
0.391808 0.645564
0.384453 0.633695
0.406999 0.661165
0.41241 0.648594
0.427474 0.662471
0.415894 0.678381
0.416169 0.678163
0.416052 0.679715
0.425724 0.669964
0.435725 0.670885
0.425994 0.682869
0.419697 0.696082
0.44734 0.690914
0.417004 0.709752
0.411445 0.710657
0.407937 0.705277
0.401828 0.702583
0.388069 0.71594
0.397115 0.743493
0.396256 0.715862
0.414386 0.740016
0.422058 0.733416
0.435488 0.716587
0.428238 0.727375
0.408698 0.757551
0.38919 0.782561
0.390499 0.795241
0.413453 0.764513
0.411282 0.780147
0.423407 0.762989
0.424644 0.78519
0.412886 0.809702
0.409155 0.795438
0.410358 0.822932
0.404617 0.793342
0.388313 0.827421
0.393674 0.843703
0.405734 0.849336
0.416654 0.829335
0.417492 0.840842
0.423775 0.867101
0.422482 0.841554
0.423711 0.840893
0.423596 0.824483
0.431265 0.869298
0.455015 0.87034
0.465687 0.860737
0.46131 0.845288
0.434637 0.835305
0.431905 0.818538
0.440865 0.82373
0.467149 0.836472
0.449516 0.81972
0.468263 0.83441
0.441589 0.800648
0.430279 0.790337
0.427919 0.784702
0.433107 0.773886
0.439162 0.775762
0.466402 0.795454
0.467688 0.798216
0.475399 0.814277
0.481697 0.815839
0.472718 0.785592
0.462442 0.779729
0.46626 0.779821
0.468446 0.78034
0.46885 0.775996
0.453119 0.773395
0.483343 0.770544
0.490262 0.767501
0.48964 0.764097
0.489147 0.764206
0.469328 0.767978
0.456761 0.762824
0.436165 0.75753
0.448601 0.754167
0.445898 0.749441
0.453457 0.742233
0.439542 0.717777
0.451396 0.722383
0.439514 0.715312
0.447679 0.716249
0.471784 0.73325
0.474227 0.733796
0.476918 0.741029
0.47004 0.739294
0.492771 0.757358
0.476231 0.731413
0.457822 0.695354
0.430173 0.655702
0.424866 0.650671
0.44247 0.656367
0.446667 0.66187
0.456867 0.673816
0.469515 0.65627
0.487477 0.724247
0.483093 0.724469
0.491345 0.743195
0.491188 0.713177
0.487634 0.6823
0.491367 0.702394
0.491538 0.701551
0.491502 0.697057
0.489225 0.680785
0.486191 0.66728
0.494071 0.662229
0.499317 0.660051
0.499714 0.70241
0.501964 0.69635
0.510699 0.659541
0.506825 0.723049
0.503611 0.722178
0.49905 0.710621
0.502899 0.731415
0.499754 0.752722
0.50116 0.748912
0.527798 0.670986
0.515439 0.7213
0.524832 0.708649
0.5353 0.698069
0.546265 0.694266
0.553691 0.692954
0.557943 0.706842
0.546587 0.699783
0.55728 0.722486
0.54204 0.736144
0.53202 0.737309
0.531602 0.738306
0.52734 0.729868
0.5166 0.744704
0.515795 0.746354
0.545053 0.748637
0.534475 0.757926
0.519426 0.767363
0.519541 0.767758
0.512567 0.808777
0.511485 0.808349
0.514548 0.769651
0.514237 0.771192
0.50955 0.744994
0.509826 0.790314
0.507169 0.788327
0.499932 0.821313
0.496376 0.835049
0.494281 0.84264
0.491646 0.848139
0.50328 0.771432
0.501208 0.774988
0.522603 0.688243
0.494375 0.796683
0.482195 0.826805
0.468191 0.881
0.467517 0.883761
0.481278 0.842168
0.471832 0.876688
0.467376 0.890535
0.490757 0.885747
0.484139 0.885985
0.497145 0.871123
0.516384 0.879876
0.528712 0.920061
0.54852 0.922721
0.537698 0.892342
0.54266 0.893816
0.545319 0.898298
0.548744 0.893552
0.548494 0.869862
0.552173 0.849377
0.553865 0.82704
0.53307 0.837084
0.529226 0.839195
0.546521 0.809887
0.531983 0.820845
0.520261 0.835741
0.49126 0.860949
0.531708 0.789143
0.507576 0.830092
0.508229 0.827382
0.512511 0.820209
0.49675 0.842709
0.54665 0.759438
0.559465 0.742331
0.549315 0.760567
0.550152 0.761954
0.543829 0.777844
0.533208 0.804739
0.554376 0.762864
0.561765 0.74732
0.567888 0.743172
0.565099 0.774652
0.562112 0.8071
0.560508 0.834952
0.556845 0.894182
0.557372 0.853146
0.55233 0.913956
0.555836 0.891404
0.55494 0.912268
0.535591 1.17371
0.543043 1.08611
0.548666 1.02992
0.541935 1.12068
0.539965 1.15184
0.545731 1.14728
0.542667 1.18806
0.548727 1.18047
0.552642 1.11784
0.553383 1.12605
0.554516 1.11411
0.552675 1.10392
0.551709 1.05689
0.556999 1.07467
0.55925 0.961091
0.557046 1.05718
0.555592 1.02627
0.557563 0.959731
0.562084 0.838184
0.567861 0.767418
0.56579 0.830289
0.563805 0.891888
0.570784 0.698239
0.574397 0.706339
0.567941 0.837987
0.575134 0.716099
0.574049 0.748117
0.557876 1.06737
0.565805 0.943639
0.556945 1.14387
0.560466 1.09433
0.562719 1.14743
0.564002 1.16249
0.56368 1.12986
0.569794 0.997005
0.567811 0.9866
0.573927 0.827965
0.568107 0.961249
0.5731 0.842656
0.574602 0.791902
0.579064 0.698404
0.580778 0.723262
0.583624 0.698695
0.577499 0.785845
0.576578 0.78137
0.57361 0.88924
0.573815 0.896184
0.576165 0.849205
0.572152 0.978547
0.568397 1.0729
0.572703 0.978368
0.57033 1.04217
0.566307 1.12714
0.566257 1.14601
0.570842 1.04239
0.571336 1.03632
0.569625 1.12313
0.571245 1.15333
0.575944 0.9505
0.582515 0.768702
0.584912 0.808215
0.584881 0.813213
0.575671 0.970435
0.589164 0.809355
0.591389 0.813806
0.602466 0.9146
0.587476 0.846229
0.594513 0.884819
0.594395 0.902567
0.597599 0.942412
0.604229 0.936558
0.601906 0.946599
0.600657 0.982285
0.598459 0.997563
0.598448 0.96509
0.593187 0.959987
0.589852 0.930096
0.585262 0.920148
0.583041 0.919701
0.592705 0.966545
0.583714 0.931981
0.583036 0.948166
0.583234 0.960919
0.583952 0.969508
0.590223 1.03425
0.587178 1.06312
0.583351 1.05371
0.581313 0.942868
0.576031 1.00525
0.575766 1.02928
0.576645 1.0762
0.573081 1.08876
0.574027 1.09366
0.572452 1.12509
0.57405 1.13295
0.579143 1.11162
0.582969 1.12505
0.588027 1.06783
0.597017 1.09015
0.594042 1.05592
0.595835 1.04911
0.599859 1.00665
0.605221 0.971533
0.606255 0.973489
0.608372 0.981273
0.600687 1.03115
0.607861 1.02699
0.604639 1.04345
0.61208 1.05889
0.602928 1.09133
0.588498 1.13101
0.581336 1.15684
0.578632 1.13662
0.577105 1.13358
0.574515 1.1475
0.567769 1.19551
0.576674 1.18357
0.577959 1.18452
0.575323 1.19008
0.577011 1.19641
0.591348 1.20972
0.590232 1.19772
0.592377 1.19042
0.596844 1.19464
0.602091 1.20097
0.621287 1.20579
0.613802 1.19649
0.603251 1.18754
0.604315 1.17888
0.602463 1.17077
0.597203 1.16887
0.601226 1.15359
0.622113 1.1718
0.619384 1.14479
0.618541 1.13048
0.598598 1.13131
0.610515 1.13799
0.593033 1.1328
0.598825 1.11278
0.600965 1.1096
0.603127 1.11644
0.617097 1.10466
0.616941 1.10411
0.615599 1.06489
0.599443 0.860321
0.593809 0.7908
0.634268 1.26285
0.623329 1.10876
0.633612 1.22521
0.633342 1.20981
0.638851 1.19362
0.647412 1.20098
0.636132 1.18004
0.641319 1.18293
0.627167 1.12425
0.62486 1.09592
0.636944 1.1473
0.642689 1.16917
0.647322 1.17029
0.653011 1.19217
0.660214 1.21872
0.664202 1.22384
0.66733 1.22484
0.681842 1.24381
0.673364 1.24622
0.660176 1.26289
0.660244 1.24594
0.646744 1.22932
0.643492 1.22014
0.6366 1.21403
0.64099 1.22635
0.636478 1.24114
0.638803 1.25114
0.642398 1.26193
0.646841 1.26466
0.654915 1.25623
0.649161 1.27534
0.648948 1.27605
0.646853 1.30246
0.647376 1.30661
0.648015 1.32119
0.654421 1.28323
0.659069 1.31125
0.662839 1.29767
0.674584 1.30258
0.673421 1.28381
0.669557 1.2817
0.658305 1.26978
0.675803 1.25361
0.687806 1.25972
0.674703 1.27922
0.685501 1.28254
0.692501 1.27853
0.690471 1.2657
0.69226 1.26859
0.711238 1.26195
0.738999 1.25423
0.713876 1.26665
0.716092 1.26904
0.73078 1.2664
0.725436 1.27341
0.711824 1.28084
0.699946 1.28826
0.702778 1.29227
0.753747 1.26831
0.730456 1.27827
0.777991 1.25423
0.795021 1.24595
0.770048 1.24992
0.787519 1.24352
0.797471 1.24447
0.872637 1.20286
0.850414 1.21174
0.816864 1.22583
0.769737 1.23876
0.804814 1.2253
0.767827 1.23581
0.756259 1.23807
0.744072 1.24131
0.705189 1.2465
0.713336 1.24243
0.796538 1.2186
0.85728 1.20432
0.901328 1.19092
0.847154 1.2055
0.896487 1.18975
0.885413 1.19179
0.778304 1.2175
0.770783 1.21919
0.777734 1.21749
0.808147 1.20935
0.841501 1.19957
0.849993 1.19477
0.918751 1.17396
0.765581 1.21847
0.798736 1.20708
0.82229 1.1981
0.804301 1.20307
0.77835 1.20671
0.833753 1.19001
0.860835 1.18643
0.854706 1.19196
0.874839 1.18314
0.919431 1.17316
0.873724 1.18297
0.87363 1.18083
0.905852 1.17446
0.908098 1.16246
0.876288 1.17752
0.88445 1.16967
0.853649 1.17058
0.846064 1.17146
0.844262 1.16932
0.842912 1.16841
0.830788 1.17478
0.863619 1.17545
0.81437 1.1777
0.785651 1.1937
0.836645 1.18577
0.769147 1.20742
0.750873 1.21522
0.73516 1.22053
0.708941 1.22812
0.695594 1.23396
0.696279 1.2329
0.728309 1.19644
0.772796 1.17706
0.77136 1.17424
0.807365 1.16888
0.800293 1.16848
0.733352 1.17288
0.814548 1.16491
0.826691 1.16433
0.79416 1.1563
0.755874 1.16288
0.767669 1.14196
0.775973 1.14332
0.799494 1.15139
0.802321 1.14822
0.810223 1.15298
0.79887 1.14484
0.779781 1.13543
0.760021 1.13057
0.785858 1.12959
0.791132 1.12428
0.867705 1.13143
0.837981 1.13022
0.820877 1.13234
0.81771 1.1331
0.840713 1.13731
0.838126 1.14591
0.871903 1.14782
0.878423 1.15109
0.902011 1.15213
0.880637 1.15291
0.840203 1.15463
0.883508 1.15666
0.827145 1.15951
0.855579 1.16008
0.916976 1.15964
0.923121 1.15915
0.959576 1.15543
0.917267 1.15628
0.92974 1.15197
0.960309 1.15177
0.936902 1.1437
0.933399 1.14065
0.922875 1.13789
0.971993 1.14294
0.954964 1.14082
0.89968 1.13343
0.868025 1.12972
0.820263 1.12432
0.793463 1.12114
0.881955 1.1288
0.927304 1.1358
0.975184 1.13962
0.998759 1.14092
1.00977 1.14014
1.01789 1.1339
1.02176 1.12462
1.02633 1.12049
1.03376 1.11619
1.03089 1.12377
1.03108 1.12375
1.04886 1.11118
1.05172 1.10815
1.0737 1.10391
1.04539 1.09525
1.01759 1.11269
0.993383 1.11604
1.01747 1.10401
0.985327 1.11477
1.00797 1.10158
0.998876 1.1013
0.959271 1.11644
0.944269 1.12741
0.92862 1.13179
0.925078 1.11346
0.923353 1.11407
0.919069 1.12059
0.924487 1.13286
0.889823 1.12531
0.894454 1.11743
0.920678 1.11117
0.892562 1.11407
0.85843 1.11772
0.847247 1.11765
0.843328 1.11492
0.854309 1.11303
0.855827 1.11115
0.848638 1.11033
0.931268 1.1037
0.946239 1.10244
0.949937 1.10116
1.00063 1.09976
0.968558 1.10017
0.960219 1.10016
0.984971 1.08678
0.993472 1.08278
0.967353 1.09451
0.964265 1.0834
1.00676 1.07425
0.985762 1.09329
1.03727 1.07728
1.01675 1.0911
1.01919 1.09042
1.03178 1.0833
1.03827 1.08045
1.02928 1.08581
1.05326 1.086
1.06393 1.07265
1.06883 1.07231
1.0685 1.0686
1.0636 1.06879
1.04528 1.0428
1.04663 1.05645
1.03814 1.04304
1.02812 1.04729
1.02229 1.05424
1.00942 1.04719
0.99129 1.05618
0.964207 1.06187
0.975922 1.04832
0.982016 1.04661
1.00268 1.04305
1.0103 1.04078
1.02793 1.04022
1.02631 1.03035
1.05473 1.02048
1.04465 1.02218
1.05389 1.01638
1.02666 1.018
1.031 1.01273
1.01244 1.0214
0.979473 1.04031
0.987602 1.02118
1.02848 1.0084
1.02084 0.990137
0.998598 1.00488
1.0383 0.960287
1.01919 0.980206
0.988496 1.01461
0.984613 1.02031
1.00573 0.985006
0.97334 1.03732
1.01264 0.969515
1.0299 0.94278
1.03595 0.929735
1.03507 0.930464
1.02365 0.898676
1.02358 0.873829
1.02263 0.865758
1.01287 0.845494
1.01875 0.905562
1.0124 0.908383
1.01329 0.923675
1.00607 0.892243
1.00965 0.910341
1.00118 0.880103
1.0004 0.88864
0.997403 0.915079
1.00157 0.88216
1.00942 0.912536
1.00009 0.927581
1.01311 0.945097
1.00329 0.935577
1.00722 0.943106
1.01632 0.960456
1.00068 0.980112
0.998958 0.977576
0.996942 0.994925
0.977087 1.01503
0.981957 0.996319
0.964704 1.03283
0.968115 1.02158
0.959496 1.04071
0.978221 0.983116
0.991557 0.940309
0.968198 1.00024
0.982998 0.965914
0.960953 1.029
0.963248 1.00728
0.971859 0.962177
0.978271 0.935644
0.998197 0.875325
0.998199 0.867398
1.01301 0.823071
0.997692 0.861003
0.976887 0.8972
0.975586 0.905109
0.971046 0.935323
0.963906 0.986591
0.963234 0.95848
0.960488 1.00042
0.956758 1.01245
0.954255 0.983978
0.949843 1.01382
0.938153 1.05143
0.955007 1.04501
0.954796 1.06149
0.949483 1.08993
0.947491 1.08679
0.943424 1.08292
0.940701 1.0534
0.939825 1.06914
0.935956 1.07773
0.92803 1.1019
0.927448 1.08641
0.931656 1.06258
0.919388 1.09958
0.961163 0.949812
0.918283 1.1016
0.925152 1.07562
0.962006 0.944875
0.92087 1.08979
0.901917 1.0782
0.862276 1.08374
0.917218 1.09141
0.891831 1.09576
0.912039 1.0955
0.878021 1.0982
0.887064 1.10157
0.858517 1.09967
0.851923 1.10428
0.846267 1.10785
0.766369 1.11405
0.81993 1.10778
0.798602 1.1045
0.811258 1.09818
0.779611 1.09377
0.80753 1.09707
0.786017 1.08448
0.824241 1.07992
0.914939 1.06984
0.899104 1.06987
0.922497 1.06684
0.920064 1.06134
0.921202 1.06108
0.800193 1.08
0.794208 1.07776
0.817756 1.07203
0.830318 1.06469
0.916232 1.06116
0.83368 1.06216
0.821142 1.05095
0.828326 1.04221
0.847651 1.0428
0.833031 1.037
0.852419 1.03744
0.855673 1.03589
0.855326 1.03722
0.872655 1.01608
0.821241 1.02189
0.850386 1.01793
0.861234 1.00503
0.842941 1.01821
0.837818 1.01177
0.827011 1.01833
0.844128 0.992417
0.895791 0.954532
0.915129 0.951546
0.899515 0.975881
0.872384 1.00805
0.896533 0.991512
0.894957 1.00278
0.910553 1.00624
0.859506 1.05045
0.865137 1.0462
0.889365 1.05663
0.892393 1.05899
0.89835 1.02966
0.892314 1.0312
0.901647 1.02399
0.884534 1.03408
0.876297 1.0385
0.910648 1.00803
0.917717 0.990809
0.926559 0.982622
0.908642 1.04546
0.910885 1.05013
0.922133 1.03451
0.923784 1.01918
0.93269 1.02524
0.934013 0.981912
0.945032 0.984104
0.937779 0.97538
0.947189 0.972318
0.929591 0.970567
0.947218 0.967147
0.940267 0.956692
0.931909 0.960382
0.929736 0.955405
0.930521 0.951857
0.934652 0.926892
0.956581 0.911811
0.95161 0.931652
0.951259 0.951852
0.957743 0.926586
0.968085 0.914062
0.966846 0.89809
0.974853 0.888689
0.970326 0.864998
0.949546 0.869612
0.950737 0.860803
0.979297 0.859756
0.986897 0.84476
0.992398 0.824781
0.998881 0.802905
0.964642 0.846757
0.969585 0.840043
0.969007 0.838875
0.969775 0.829116
0.981824 0.814078
0.968172 0.795846
0.960402 0.790516
0.959658 0.79082
0.936974 0.826702
0.954643 0.819145
0.947064 0.830213
0.950826 0.841166
0.954125 0.847303
0.935453 0.835667
0.933013 0.859177
0.950786 0.873094
0.946673 0.875352
0.933192 0.875
0.943724 0.880263
0.956723 0.899306
0.940691 0.891115
0.927458 0.88326
0.925599 0.887427
0.926306 0.890607
0.92647 0.897646
0.928645 0.907678
0.934245 0.912079
0.924207 0.927302
0.921702 0.924259
0.918146 0.90722
0.91156 0.90671
0.893899 0.947837
0.900177 0.929869
0.913731 0.89005
0.921153 0.854194
0.905709 0.89136
0.890793 0.927323
0.872016 0.962866
0.861301 0.974399
0.867322 0.956308
0.869511 0.944969
0.873923 0.943659
0.885868 0.917737
0.870908 0.937856
0.848451 0.962983
0.83768 0.991183
0.810506 1.00775
0.793216 1.03457
0.794355 1.04233
0.800817 1.04284
0.811225 1.03801
0.776143 1.05725
0.791146 1.03136
0.842216 0.965381
0.816171 0.998314
0.852117 0.951797
0.808364 1.00626
0.775249 1.04556
0.775442 1.04481
0.793191 1.01018
0.761183 1.06099
0.736602 1.11809
0.740609 1.11425
0.720673 1.1561
0.740237 1.11713
0.742168 1.1171
0.74405 1.11577
0.773138 1.06632
0.753085 1.10837
0.788104 1.05735
0.791371 1.05718
0.744294 1.12679
0.788775 1.07424
0.789473 1.07401
0.750549 1.1229
0.722756 1.17389
0.7378 1.15077
0.74262 1.14167
0.732922 1.16931
0.71536 1.19745
0.705151 1.19611
0.720858 1.15993
0.714889 1.16866
0.728914 1.12967
0.718695 1.1497
0.761774 1.05051
0.764139 1.03796
0.749862 1.056
0.748349 1.05629
0.749529 1.07094
0.733523 1.1038
0.704808 1.14744
0.709267 1.13058
0.709143 1.12721
0.702659 1.13306
0.72912 1.07422
0.689828 1.12565
0.711631 1.10285
0.695719 1.12768
0.69582 1.13844
0.687531 1.14419
0.684791 1.17441
0.697124 1.14947
0.694994 1.16058
0.698684 1.15639
0.698128 1.19446
0.685701 1.1923
0.697911 1.19806
0.689263 1.20745
0.683388 1.23591
0.683903 1.19905
0.674401 1.16887
0.681182 1.21227
0.663788 1.17755
0.659231 1.17024
0.660997 1.15345
0.663047 1.13808
0.679829 1.14507
0.675228 1.13063
0.680943 1.11752
0.675122 1.12252
0.661123 1.13344
0.641171 1.13256
0.663594 1.12009
0.700832 1.09665
0.68854 1.09948
0.729838 1.06479
0.762832 1.03442
0.73954 1.05302
0.689405 1.09765
0.778663 1.0171
0.757313 1.03533
0.735457 1.05345
0.706064 1.07855
0.718061 1.06734
0.645498 1.12881
0.810972 0.986553
0.69146 1.08557
0.75555 1.03107
0.825199 0.973067
0.813426 0.982244
0.761152 1.02595
0.707402 1.06953
0.747154 1.02668
0.714039 1.05867
0.682501 1.08537
0.650178 1.11982
0.633881 1.11526
0.636146 1.10536
0.677362 1.07643
0.714348 1.04863
0.674169 1.07605
0.684544 1.06408
0.691146 1.05885
0.690649 1.06368
0.78153 0.996992
0.749638 1.01988
0.760734 1.01138
0.840357 0.951867
0.767557 1.00035
0.828325 0.956414
0.775889 0.992143
0.770344 0.996345
0.747637 1.01431
0.765898 0.999811
0.73464 1.02403
0.775203 0.987675
0.833926 0.940692
0.782841 0.981158
0.68409 1.05829
0.654927 1.07997
0.670244 1.06797
0.699453 1.04595
0.675967 1.06283
0.818438 0.948644
0.818078 0.947803
0.808662 0.955118
0.711331 1.03321
0.647222 1.08421
0.791423 0.966986
0.819779 0.944822
0.822956 0.939338
0.835348 0.930316
0.838673 0.931511
0.839948 0.933241
0.839796 0.932525
0.84089 0.936594
0.876435 0.895912
0.882688 0.894327
0.899574 0.885053
0.896027 0.879072
0.631175 1.09637
0.779178 0.974411
0.894977 0.878802
0.820044 0.937315
0.647385 1.0823
0.706407 1.03065
0.645788 1.08104
0.6261 1.09213
0.713654 1.02146
0.642774 1.07631
0.680477 1.0459
0.70384 1.02741
0.63712 1.07994
0.633994 1.08092
0.734199 1.00188
0.786888 0.961024
0.911365 0.861334
0.898485 0.865043
0.847823 0.907262
0.784448 0.962321
0.845806 0.908372
0.7664 0.976239
0.786091 0.958301
0.750397 0.987563
0.701097 1.02038
0.753966 0.978604
0.82725 0.918865
0.896334 0.863806
0.866571 0.886493
0.853475 0.894732
0.843076 0.902716
0.936204 0.827438
0.775652 0.956095
0.899212 0.851218
0.935064 0.820876
0.825316 0.913166
0.827387 0.908272
0.81271 0.922895
0.659057 1.04941
0.743004 0.978326
0.780218 0.947515
0.918885 0.828607
0.880926 0.860741
0.637971 1.06512
0.638223 1.06106
0.654208 1.04746
0.661624 1.04273
0.723991 0.991097
0.765187 0.954438
0.948794 0.803668
0.922642 0.822095
0.9356 0.811193
0.803354 0.9213
0.798288 0.925911
0.774038 0.945803
0.916511 0.82389
0.817722 0.907559
0.73622 0.977315
0.689057 1.0113
0.886692 0.847491
0.911772 0.826112
0.910522 0.827007
0.863355 0.861933
0.903353 0.830171
0.90492 0.824551
0.930287 0.806758
0.934844 0.790986
0.915023 0.810603
0.853107 0.867019
0.841898 0.87448
0.840604 0.875524
0.77663 0.93257
0.736973 0.96495
0.766607 0.935777
0.740074 0.958456
0.826166 0.879177
0.797556 0.909304
0.787605 0.919488
0.816013 0.894138
0.873117 0.841823
0.929477 0.786859
0.90738 0.793607
0.894961 0.793441
0.911276 0.796504
0.918818 0.79406
0.906088 0.807281
0.876181 0.827224
0.878236 0.808013
0.870521 0.816305
0.835178 0.86694
0.813338 0.880299
0.786331 0.909574
0.832229 0.857235
0.83363 0.853706
0.859717 0.816215
0.85256 0.828641
0.860999 0.817677
0.847911 0.839567
0.891319 0.793029
0.879006 0.790795
0.898299 0.782257
0.895581 0.777119
0.8949 0.776416
0.899766 0.768428
0.88573 0.779096
0.846881 0.825542
0.874152 0.788245
0.849966 0.818265
0.80917 0.871855
0.765636 0.926584
0.758714 0.932213
0.771595 0.911829
0.725585 0.970024
0.723756 0.969819
0.7124 0.982503
0.749987 0.934057
0.83188 0.838437
0.83742 0.826726
0.800883 0.870378
0.735288 0.94887
0.671258 1.02528
0.778718 0.893714
0.779255 0.886859
0.751143 0.923147
0.738986 0.93587
0.70099 0.984531
0.679405 1.01147
0.674021 1.01742
0.682359 1.00659
0.641304 1.05203
0.74147 0.927174
0.781813 0.875985
0.797669 0.855457
0.803559 0.85269
0.804974 0.849681
0.829137 0.827855
0.848295 0.814058
0.863327 0.797701
0.809793 0.84054
0.896482 0.768713
0.879101 0.781638
0.867168 0.783281
0.884358 0.762612
0.858277 0.782197
0.874093 0.768008
0.859903 0.777627
0.860833 0.773169
0.840113 0.767824
0.830834 0.774416
0.83563 0.778884
0.840616 0.784273
0.833869 0.784513
0.840737 0.79891
0.826742 0.779905
0.804293 0.813493
0.824224 0.781361
0.823145 0.780119
0.809262 0.799462
0.809503 0.793895
0.813884 0.786888
0.803134 0.801517
0.793695 0.81883
0.787016 0.828929
0.790786 0.827397
0.77904 0.836192
0.75416 0.876951
0.772232 0.853682
0.799244 0.829808
0.833029 0.803134
0.824872 0.812217
0.790491 0.84133
0.815212 0.830403
0.782217 0.850903
0.738784 0.903067
0.740597 0.903585
0.791888 0.849313
0.788891 0.85345
0.758452 0.895427
0.748417 0.902119
0.717688 0.939929
0.71464 0.947241
0.696577 0.968925
0.753898 0.873861
0.74507 0.880738
0.739792 0.889388
0.740962 0.872743
0.73058 0.906736
0.720689 0.925764
0.699175 0.961657
0.725745 0.90388
0.737101 0.87784
0.715567 0.911274
0.711982 0.92063
0.71329 0.92345
0.69776 0.933525
0.691292 0.937553
0.688047 0.936482
0.690617 0.94053
0.701871 0.94593
0.678226 0.988871
0.666834 1.00528
0.655911 1.02765
0.659998 1.01141
0.657637 1.01478
0.656407 1.01627
0.651637 1.02514
0.647141 1.01005
0.651394 1.00225
0.635509 1.02095
0.620057 1.03873
0.627352 1.0285
0.638989 1.00593
0.651165 0.995219
0.658671 0.989866
0.665062 0.972701
0.649433 0.98679
0.652107 0.977602
0.644956 0.985993
0.624155 1.00681
0.69269 0.925785
0.696902 0.909297
0.631572 0.996269
0.656949 0.959111
0.639815 0.9774
0.704728 0.89698
0.76729 0.840034
0.801233 0.799123
0.774486 0.82383
0.763658 0.834313
0.723816 0.870524
0.716865 0.874478
0.703855 0.885143
0.687308 0.906455
0.683855 0.91301
0.657976 0.939241
0.662926 0.926034
0.651302 0.943806
0.637414 0.970822
0.618083 1.00605
0.616637 0.994364
0.615752 0.988862
0.624361 0.973113
0.628834 0.956362
0.615366 0.968106
0.638205 0.937537
0.772947 0.821572
0.799034 0.798034
0.814905 0.784306
0.822108 0.774838
0.672803 0.904339
0.611338 0.954152
0.794461 0.795807
0.762048 0.820942
0.670763 0.901103
0.740274 0.837915
0.723563 0.850834
0.688814 0.8808
0.686162 0.884927
0.670336 0.899625
0.666165 0.900626
0.615571 0.940474
0.743918 0.831316
0.613016 0.942357
0.655127 0.905255
0.824358 0.757532
0.820449 0.754686
0.826423 0.747254
0.82348 0.7471
0.820201 0.749987
0.817742 0.749192
0.794076 0.776966
0.804825 0.746654
0.765006 0.732456
0.737378 0.723383
0.796466 0.738348
0.667542 0.702803
0.802519 0.748924
0.764034 0.742961
0.787075 0.750379
0.787139 0.754356
0.737621 0.739514
0.767113 0.750251
0.779029 0.761618
0.780086 0.76836
0.779642 0.771152
0.764497 0.761453
0.740538 0.749474
0.681679 0.714043
0.768522 0.767425
0.776968 0.774284
0.762275 0.766815
0.718809 0.740944
0.764478 0.773957
0.713452 0.738735
0.769433 0.780925
0.729264 0.752443
0.697979 0.73051
0.684592 0.721879
0.708184 0.748208
0.684871 0.727838
0.681096 0.724849
0.674459 0.717007
0.665091 0.709655
0.65975 0.706914
0.678575 0.736342
0.687949 0.743236
0.686557 0.744775
0.775414 0.787435
0.737189 0.816405
0.773431 0.791039
0.724504 0.826988
0.756261 0.793481
0.732807 0.812245
0.698801 0.845189
0.718913 0.815318
0.710171 0.830744
0.734157 0.802926
0.734567 0.796239
0.733222 0.796431
0.735678 0.791812
0.763443 0.78393
0.761169 0.783504
0.722252 0.781586
0.73215 0.769389
0.707925 0.777875
0.701018 0.811395
0.69921 0.792521
0.68832 0.822299
0.685943 0.828689
0.685321 0.802478
0.673924 0.793941
0.677527 0.780209
0.697707 0.783429
0.697318 0.778644
0.690282 0.776799
0.699675 0.773414
0.687486 0.760689
0.665274 0.75337
0.657053 0.728581
0.663085 0.769265
0.651414 0.716324
0.647312 0.708527
0.658058 0.773244
0.667723 0.781178
0.685634 0.853606
0.685851 0.86656
0.671949 0.837093
0.668465 0.830973
0.662396 0.801437
0.665434 0.80051
0.658339 0.780098
0.633136 0.714431
0.634054 0.72493
0.625355 0.714368
0.626747 0.730698
0.628989 0.740382
0.650131 0.78165
0.663622 0.823036
0.667143 0.877736
0.662255 0.821328
0.660035 0.838335
0.648041 0.810039
0.650931 0.826753
0.65113 0.827591
0.649229 0.848293
0.64886 0.853988
0.660933 0.898164
0.651849 0.880599
0.650041 0.899468
0.642481 0.824987
0.641697 0.804996
0.635938 0.790471
0.64881 0.797824
0.631354 0.761507
0.641186 0.780491
0.629862 0.75658
0.631927 0.790674
0.628409 0.775762
0.622504 0.743103
0.627145 0.741933
0.61477 0.702887
0.614239 0.706829
0.61499 0.718237
0.611377 0.745246
0.61271 0.76468
0.616992 0.779386
0.616188 0.749418
0.625523 0.804836
0.638125 0.816037
0.636516 0.821412
0.645393 0.869523
0.61631 0.784076
0.617817 0.796055
0.619788 0.823353
0.635438 0.887509
0.633213 0.853504
0.643624 0.880084
0.644503 0.903766
0.638714 0.906255
0.626284 0.921766
0.623356 0.905344
0.621262 0.907644
0.618245 0.850987
0.62224 0.933644
0.615256 0.824785
0.615607 0.865433
0.606897 0.765156
0.601059 0.762931
0.615191 0.883927
0.619499 0.928091
0.610193 0.880207
0.605601 0.854445
0.606937 0.91606
0.601237 0.860527
0.599189 0.804928
0.596482 0.801312
0.587425 0.714396
0.602488 0.711101
0.593761 0.692437
0.59438 0.695188
0.589931 0.694201
0.592394 0.681622
0.735403 0.719995
0.631111 0.691643
0.542055 0.667566
0.57484 0.676078
0.64133 0.693631
0.487193 0.652166
0.709456 0.711633
0.698059 0.708314
0.638158 0.691681
0.723066 0.712354
0.640513 0.688907
0.71459 0.706563
0.707494 0.703512
0.65144 0.688401
0.633161 0.685755
0.628835 0.684426
0.608818 0.679684
0.55459 0.668785
0.61139 0.678918
0.636538 0.68325
0.633703 0.682012
0.556968 0.666223
0.498461 0.651341
0.468602 0.644797
0.422678 0.634738
0.453817 0.641193
0.699099 0.692513
0.572821 0.665591
0.696714 0.6915
0.666622 0.684795
0.631294 0.676815
0.547579 0.658084
0.451096 0.639548
0.427084 0.634499
0.453311 0.639141
0.42422 0.632359
0.549429 0.657653
0.623006 0.672386
0.626412 0.670901
0.599568 0.662526
0.549819 0.644801
0.540747 0.643867
0.518235 0.639738
0.593898 0.665387
0.584549 0.663218
0.533724 0.647735
0.51488 0.643213
0.474743 0.639823
0.377241 0.621543
0.425756 0.628362
0.461783 0.634333
0.460964 0.633321
0.428794 0.626009
0.42596 0.625114
0.436777 0.625267
0.460193 0.625396
0.484142 0.626921
0.607143 0.657563
0.585919 0.651466
0.52806 0.635669
0.628983 0.661427
0.63435 0.662484
0.632457 0.659431
0.586248 0.646789
0.579794 0.643838
0.552752 0.636434
0.550719 0.632473
0.491002 0.627282
0.531205 0.625077
0.525998 0.622926
0.564721 0.629231
0.521223 0.612656
0.511005 0.614625
0.491698 0.618337
0.520827 0.611347
0.498446 0.592106
0.502953 0.604998
0.476697 0.605484
0.474824 0.584434
0.464223 0.608569
0.436304 0.61972
0.43189 0.587063
0.42569 0.585352
0.434566 0.585297
0.473269 0.583995
0.431254 0.56326
0.41927 0.558677
0.45722 0.582858
0.42218 0.569212
0.421116 0.576185
0.414398 0.574334
0.398793 0.573958
0.39847 0.571909
0.374796 0.563604
0.402685 0.58361
0.41137 0.592084
0.418345 0.593985
0.397656 0.59542
0.368579 0.610683
0.37883 0.583208
0.369225 0.578617
0.352069 0.578316
0.355068 0.561184
0.357093 0.55315
0.362201 0.5472
0.364382 0.535858
0.369034 0.546812
0.376677 0.537579
0.372298 0.544849
0.368075 0.554498
0.374801 0.549672
0.382875 0.537422
0.393424 0.542906
0.381389 0.551806
0.398389 0.551181
0.411306 0.548905
0.469394 0.57403
0.425203 0.550871
0.359827 0.522447
0.367963 0.518415
0.363412 0.51293
0.366527 0.507494
0.452771 0.561501
0.483048 0.578933
0.505987 0.587959
0.526866 0.59913
0.499953 0.587956
0.499343 0.589399
0.602278 0.64234
0.544855 0.607431
0.43333 0.546841
0.49323 0.577967
0.434091 0.546666
0.449135 0.552424
0.435154 0.544473
0.465401 0.557682
0.418564 0.526897
0.38792 0.513544
0.375575 0.504211
0.386036 0.506336
0.568125 0.614462
0.448768 0.54387
0.56632 0.617838
0.629041 0.653152
0.668173 0.675107
0.40099 0.512309
0.438483 0.535043
0.592321 0.62794
0.610937 0.63874
0.492493 0.566835
0.479435 0.558649
0.360608 0.477092
0.445234 0.531313
0.536481 0.588586
0.600537 0.628894
0.450998 0.532173
0.538373 0.587893
0.535248 0.585849
0.648505 0.659226
0.635014 0.648008
0.518704 0.573835
0.498911 0.561038
0.616159 0.633624
0.648959 0.654942
0.727191 0.702327
0.759421 0.724016
0.765815 0.727854
0.724095 0.698846
0.748667 0.713766
0.602662 0.622895
0.728821 0.698814
0.491927 0.555823
0.380943 0.487947
0.366117 0.472775
0.360722 0.455374
0.352894 0.441262
0.364437 0.457008
0.382176 0.463244
0.383065 0.456253
0.382266 0.427858
0.385138 0.422501
0.356252 0.430559
0.385168 0.413803
0.391391 0.400327
0.384445 0.402211
0.359675 0.423884
0.365641 0.39153
0.352738 0.405139
0.351819 0.378747
0.358209 0.380096
0.35933 0.376292
0.350443 0.359084
0.366579 0.376545
0.374891 0.388991
0.375771 0.407564
0.389739 0.392372
0.401434 0.385441
0.398066 0.409056
0.396734 0.435436
0.393207 0.474253
0.398845 0.440396
0.400938 0.417407
0.402727 0.408056
0.405459 0.424724
0.403816 0.468512
0.407787 0.471604
0.40995 0.496948
0.416303 0.498818
0.42553 0.495654
0.416919 0.463031
0.414718 0.452018
0.420565 0.437755
0.42514 0.459168
0.425277 0.401215
0.427432 0.420382
0.427539 0.45957
0.449931 0.430622
0.440178 0.45769
0.437739 0.46413
0.431279 0.479516
0.441032 0.474338
0.467653 0.448691
0.452059 0.466843
0.42671 0.497125
0.439224 0.511382
0.468799 0.517229
0.437316 0.493555
0.453044 0.501068
0.439929 0.490374
0.464961 0.483682
0.483442 0.496643
0.476159 0.509115
0.474736 0.515026
0.521095 0.49826
0.527235 0.49744
0.448309 0.475294
0.49341 0.486711
0.457247 0.472524
0.4618 0.466735
0.488635 0.456327
0.504358 0.473881
0.50931 0.491394
0.512009 0.479807
0.508875 0.475734
0.532446 0.494919
0.517736 0.480783
0.489793 0.447618
0.418197 0.391258
0.403207 0.380504
0.37521 0.3577
0.403658 0.371045
0.401212 0.368665
0.457529 0.412327
0.429646 0.384159
0.393308 0.362238
0.389662 0.356518
0.408472 0.36559
0.428223 0.379664
0.436937 0.388721
0.440854 0.392582
0.424671 0.371417
0.472287 0.417809
0.471903 0.415583
0.475186 0.396291
0.469434 0.400164
0.46098 0.394616
0.463476 0.389985
0.457497 0.387807
0.452793 0.386182
0.442239 0.37831
0.447263 0.371443
0.42481 0.359386
0.447514 0.35935
0.477734 0.364778
0.48299 0.373122
0.490881 0.386291
0.502351 0.374223
0.492417 0.366315
0.523861 0.369104
0.473405 0.357966
0.425018 0.353509
0.462738 0.355956
0.53444 0.361016
0.507471 0.387392
0.508958 0.390201
0.501806 0.399889
0.51294 0.395944
0.522733 0.382574
0.528915 0.378798
0.533836 0.37644
0.53477 0.388787
0.548527 0.367886
0.556372 0.354348
0.564037 0.351756
0.547865 0.377708
0.558384 0.370772
0.588256 0.352414
0.60513 0.352184
0.627581 0.352013
0.512457 0.401497
0.565048 0.381617
0.52799 0.397843
0.527427 0.398419
0.500978 0.419065
0.490776 0.433108
0.530713 0.407632
0.521327 0.422528
0.568766 0.391967
0.573331 0.387422
0.587028 0.377603
0.601681 0.370169
0.578336 0.386724
0.573933 0.389789
0.534657 0.417274
0.513629 0.441432
0.540996 0.417908
0.552897 0.405808
0.580622 0.39082
0.631857 0.352402
0.611087 0.36842
0.633044 0.359644
0.61231 0.371426
0.604233 0.376639
0.663832 0.394382
0.663479 0.389757
0.648949 0.385641
0.648062 0.378475
0.656419 0.376966
0.686505 0.373371
0.647868 0.372837
0.68407 0.353765
0.683779 0.350879
0.691673 0.361245
0.69284 0.401819
0.703832 0.364535
0.709023 0.352527
0.712572 0.35465
0.708917 0.370133
0.717028 0.370202
0.72161 0.375854
0.706972 0.394065
0.711911 0.394594
0.709818 0.397121
0.723002 0.412826
0.720106 0.405261
0.724358 0.389438
0.725129 0.388473
0.732543 0.396915
0.735212 0.402431
0.730393 0.415959
0.696796 0.407352
0.695434 0.411787
0.65321 0.42566
0.678454 0.414314
0.66985 0.417018
0.653437 0.424508
0.641173 0.425651
0.615211 0.435419
0.608738 0.435866
0.595448 0.439842
0.617027 0.432903
0.596039 0.437269
0.662295 0.409074
0.654502 0.410419
0.658964 0.405824
0.601281 0.412842
0.669976 0.4004
0.663879 0.399445
0.648682 0.39522
0.604034 0.391705
0.624815 0.400495
0.57808 0.41324
0.601866 0.419734
0.607572 0.424994
0.572257 0.428869
0.579317 0.431001
0.558952 0.443467
0.536522 0.454666
0.565934 0.428274
0.534652 0.444203
0.568273 0.412105
0.560504 0.414902
0.580859 0.400159
0.602393 0.379101
0.523709 0.437912
0.51479 0.454968
0.525453 0.462219
0.565356 0.45293
0.587204 0.450357
0.619492 0.443439
0.660593 0.433137
0.718484 0.418762
0.715196 0.420919
0.690179 0.430072
0.681659 0.43465
0.709936 0.435838
0.672343 0.442803
0.700321 0.438513
0.680577 0.444732
0.658499 0.448233
0.551023 0.467238
0.59991 0.459454
0.66328 0.449925
0.553975 0.468295
0.564246 0.468736
0.670067 0.449535
0.702321 0.44294
0.672584 0.450372
0.726953 0.442724
0.687465 0.454233
0.674895 0.45779
0.677907 0.455273
0.64327 0.459109
0.643307 0.463198
0.641599 0.464162
0.607095 0.471093
0.604056 0.470606
0.607325 0.467593
0.554256 0.474421
0.547077 0.492142
0.565808 0.489497
0.611849 0.476329
0.619508 0.475142
0.568131 0.494474
0.622073 0.475731
0.614351 0.481271
0.599497 0.48988
0.644804 0.474066
0.667456 0.462944
0.733391 0.441806
0.678401 0.46425
0.702271 0.455881
0.72673 0.451278
0.750247 0.451
0.743922 0.452733
0.730684 0.461962
0.75065 0.461413
0.702405 0.46564
0.668295 0.471035
0.753831 0.461706
0.727501 0.465776
0.743508 0.471683
0.765156 0.482053
0.762723 0.487278
0.737627 0.474849
0.725825 0.471512
0.731492 0.482001
0.699185 0.471251
0.68334 0.477702
0.737083 0.485152
0.747504 0.489287
0.739142 0.490127
0.679518 0.481087
0.728998 0.494116
0.754055 0.499723
0.754455 0.504743
0.771451 0.524334
0.789373 0.552469
0.755784 0.508096
0.747192 0.499312
0.757843 0.513983
0.797749 0.567432
0.76081 0.521455
0.800911 0.577788
0.745315 0.503174
0.752446 0.518841
0.746094 0.510633
0.735875 0.504477
0.732182 0.504737
0.691913 0.492129
0.68609 0.491614
0.725064 0.50748
0.74543 0.520378
0.727268 0.510651
0.72194 0.51065
0.757355 0.540797
0.781103 0.560078
0.774039 0.558844
0.783222 0.563678
0.795293 0.575042
0.793184 0.577097
0.780867 0.566725
0.766577 0.556031
0.753692 0.54629
0.703176 0.511528
0.649245 0.475341
0.690725 0.505468
0.751871 0.550096
0.648336 0.47724
0.670767 0.499702
0.740926 0.551973
0.759522 0.564416
0.732302 0.549128
0.73203 0.550118
0.72916 0.550238
0.701862 0.535682
0.671667 0.512386
0.679382 0.518747
0.638676 0.491663
0.674642 0.520724
0.663175 0.514481
0.666534 0.519229
0.706031 0.542182
0.613727 0.499926
0.645251 0.516889
0.674245 0.532445
0.692001 0.540273
0.710667 0.547877
0.727725 0.55526
0.731181 0.556905
0.71703 0.556514
0.754755 0.570571
0.768614 0.575292
0.805593 0.588885
0.783736 0.586063
0.775201 0.58326
0.737876 0.568199
0.632049 0.522897
0.655007 0.532366
0.5798 0.500055
0.601274 0.509817
0.646317 0.529385
0.663729 0.546389
0.648713 0.541599
0.616598 0.526463
0.583318 0.512289
0.60308 0.524615
0.663178 0.560362
0.623068 0.538448
0.630062 0.543272
0.610959 0.533486
0.683665 0.580053
0.67517 0.577592
0.683114 0.587593
0.702044 0.594445
0.70496 0.589625
0.692896 0.572399
0.691488 0.569693
0.693077 0.567101
0.702603 0.580624
0.683991 0.549629
0.703985 0.557589
0.726542 0.566419
0.752108 0.586612
0.768528 0.583168
0.77254 0.586804
0.780773 0.612756
0.780611 0.613906
0.779558 0.613293
0.763777 0.604076
0.756557 0.597204
0.752478 0.596831
0.70532 0.569079
0.763437 0.615249
0.766261 0.617973
0.76519 0.627321
0.738022 0.60278
0.732423 0.616378
0.729857 0.602926
0.72795 0.601752
0.708019 0.590879
0.716121 0.610228
0.614417 0.568964
0.649068 0.585815
0.667385 0.598313
0.669718 0.599871
0.648078 0.589811
0.607278 0.573386
0.593584 0.56529
0.581635 0.560771
0.571832 0.558837
0.568531 0.546403
0.57896 0.549194
0.6493 0.579164
0.672091 0.589189
0.685664 0.594031
0.650645 0.577067
0.644995 0.573965
0.660178 0.579307
0.62792 0.561546
0.636246 0.565266
0.606839 0.543163
0.598393 0.53427
0.56834 0.527587
0.574925 0.535676
0.618781 0.562446
0.60382 0.553991
0.589539 0.54987
0.56718 0.537187
0.566646 0.529348
0.561718 0.496959
0.559501 0.499675
0.559229 0.530357
0.55926 0.534657
0.557671 0.541864
0.554403 0.547201
0.551591 0.545922
0.549998 0.529451
0.546529 0.550312
0.546834 0.500238
0.504592 0.511792
0.497522 0.514621
0.521568 0.51998
0.507316 0.529703
0.511467 0.531754
0.523102 0.541304
0.48469 0.526045
0.495454 0.533341
0.514541 0.546132
0.490478 0.536738
0.46716 0.525661
0.457664 0.523172
0.493496 0.545045
0.453465 0.530862
0.490344 0.545188
0.496533 0.548174
0.494613 0.555214
0.546926 0.568368
0.541988 0.564641
0.573322 0.577759
0.57161 0.573842
0.553386 0.565598
0.540111 0.557814
0.573454 0.573982
0.580767 0.576845
0.593027 0.583496
0.522833 0.543184
0.603027 0.574191
0.55193 0.553822
0.543753 0.54998
0.639911 0.588712
0.638344 0.588897
0.671993 0.601536
0.582789 0.568485
0.568485 0.567973
0.59858 0.580178
0.623339 0.592426
0.652502 0.601
0.76209 0.630463
0.76182 0.63233
0.78492 0.638987
0.652424 0.607009
0.742558 0.62987
0.715105 0.624059
0.787859 0.642585
0.766182 0.640382
0.764241 0.646294
0.742738 0.646064
0.749904 0.635459
0.696579 0.620482
0.722465 0.64394
0.687152 0.624848
0.618191 0.605124
0.585568 0.602387
0.586482 0.593967
0.571519 0.598085
0.577603 0.603568
0.595983 0.605028
0.621039 0.606681
0.625509 0.610361
0.64072 0.623109
0.613581 0.622206
0.663696 0.634137
0.683551 0.637345
0.670549 0.639505
0.668829 0.640362
0.65383 0.640839
0.635363 0.638191
0.62821 0.635629
0.644617 0.64535
0.682577 0.647455
0.675539 0.648946
0.666468 0.653948
0.665169 0.655989
0.671131 0.662288
0.67878 0.665185
0.684356 0.663869
0.687188 0.661729
0.691582 0.668351
0.693694 0.676824
0.706837 0.667133
0.695377 0.662157
0.709483 0.664994
0.726578 0.66807
0.717419 0.674693
0.721163 0.677633
0.724648 0.678787
0.745647 0.699388
0.73788 0.685647
0.735507 0.672625
0.742357 0.679607
0.745038 0.677901
0.743671 0.675413
0.733645 0.667166
0.734444 0.664096
0.740459 0.653483
0.742607 0.659257
0.743232 0.658724
0.782262 0.675924
0.766996 0.675239
0.762635 0.68543
0.768494 0.701009
0.771381 0.721595
0.786821 0.680036
0.782825 0.715399
0.796046 0.703728
0.780425 0.727184
0.797971 0.723929
0.802462 0.714215
0.807144 0.713577
0.804525 0.709681
0.830491 0.725127
0.816348 0.700402
0.85454 0.737471
0.824999 0.727586
0.825217 0.74007
0.815221 0.741816
0.869491 0.753419
0.868209 0.749312
0.855125 0.71829
0.833597 0.700908
0.830259 0.697119
0.811572 0.686636
0.81732 0.679958
0.846164 0.70295
0.830467 0.647625
0.812499 0.663405
0.808808 0.668663
0.803307 0.703138
0.803072 0.684267
0.791095 0.647998
0.780747 0.591114
0.807522 0.641593
0.820635 0.621903
0.836628 0.662679
0.749485 0.436206
0.718726 0.355466
0.846126 0.683712
0.833087 0.645789
0.861857 0.710778
0.845883 0.671638
0.829835 0.632039
0.870597 0.720723
0.797607 0.552527
0.806566 0.570124
0.866895 0.707771
0.779864 0.50782
0.776111 0.501307
0.730937 0.384175
0.763387 0.469091
0.771581 0.49055
0.722181 0.363428
0.74187 0.403281
0.7546 0.436862
0.75702 0.443496
0.777918 0.493673
0.860285 0.685189
0.876789 0.721995
0.890845 0.752727
0.886363 0.739197
0.873542 0.700648
0.798091 0.533195
0.86188 0.673725
0.854273 0.654926
0.883782 0.719758
0.792219 0.513704
0.88981 0.732815
0.890091 0.732901
0.895228 0.740687
0.895491 0.740591
0.812992 0.55838
0.810372 0.551137
0.750693 0.419414
0.744749 0.406365
0.730858 0.379592
0.726778 0.366242
0.729195 0.371237
0.752246 0.421973
0.732454 0.37523
0.758699 0.433596
0.771424 0.461685
0.782984 0.488004
0.812658 0.554329
0.838814 0.612184
0.820669 0.570651
0.821435 0.567814
0.786863 0.491822
0.755154 0.418901
0.787957 0.49789
0.745284 0.396516
0.747836 0.401781
0.757518 0.420093
0.750782 0.402326
0.801816 0.515007
0.819413 0.554654
0.762009 0.411727
0.830367 0.574621
0.828681 0.58334
0.847079 0.628071
0.832565 0.579764
0.853825 0.629851
0.850008 0.630203
0.852817 0.639775
0.863377 0.663784
0.865814 0.656517
0.886703 0.703377
0.869226 0.661438
0.899271 0.725549
0.888693 0.6972
0.866563 0.641185
0.865274 0.640743
0.866337 0.653352
0.858769 0.626336
0.856993 0.611147
0.858132 0.613027
0.853106 0.592601
0.851572 0.61473
0.841872 0.566753
0.805901 0.47039
0.817332 0.505072
0.806879 0.482432
0.820289 0.528116
0.823761 0.5542
0.812024 0.528222
0.80595 0.50973
0.792452 0.472025
0.777442 0.441088
0.775827 0.415238
0.77948 0.420511
0.785414 0.437389
0.777948 0.415607
0.798813 0.452091
0.850128 0.578226
0.862452 0.608792
0.805825 0.459947
0.788301 0.424734
0.782679 0.408849
0.803697 0.445955
0.814432 0.470854
0.819426 0.478475
0.826686 0.491754
0.874862 0.582492
0.878813 0.600519
0.859213 0.555006
0.878912 0.605718
0.834315 0.513739
0.861711 0.571231
0.883652 0.617988
0.873875 0.600427
0.894976 0.646761
0.889117 0.642457
0.892253 0.651644
0.853547 0.561732
0.860281 0.582072
0.869537 0.604971
0.900086 0.679938
0.865189 0.604662
0.887991 0.680865
0.88942 0.683885
0.878192 0.640288
0.886079 0.66238
0.892744 0.694674
0.894068 0.695433
0.908265 0.705012
0.901664 0.717349
0.910163 0.741531
0.919894 0.7677
0.920925 0.746882
0.916558 0.725208
0.9168 0.723267
0.880782 0.591955
0.894728 0.636555
0.901492 0.658262
0.893322 0.614948
0.913805 0.704568
0.93076 0.770138
0.900563 0.629392
0.935432 0.774484
0.934727 0.768296
0.938419 0.762236
0.934403 0.751091
0.9167 0.690107
0.912856 0.672878
0.916727 0.674015
0.921896 0.683223
0.922349 0.696422
0.928569 0.708503
0.933652 0.706045
0.937165 0.730148
0.940914 0.737009
0.950893 0.772587
0.950395 0.765488
0.952979 0.769012
0.947723 0.755016
0.94967 0.754922
0.961749 0.774296
0.965806 0.772212
0.968031 0.77236
0.946441 0.721614
0.964976 0.747961
0.923144 0.674452
0.965144 0.743951
0.982317 0.771325
0.946462 0.705532
0.848425 0.525953
0.88031 0.582728
0.956137 0.719226
0.87746 0.574791
0.993044 0.786078
0.901768 0.614482
0.893556 0.599286
0.948768 0.69937
0.919944 0.645434
1.0008 0.794005
0.993957 0.77004
0.947308 0.682129
0.995647 0.758736
0.989783 0.742447
0.936418 0.653416
0.954476 0.687309
0.950128 0.680648
0.93606 0.655872
0.909509 0.611262
0.912597 0.620153
0.915181 0.625006
0.917293 0.630754
0.908545 0.616275
0.907312 0.617684
0.936938 0.668678
0.962193 0.715578
0.890409 0.592008
0.897777 0.601993
0.875452 0.568071
0.846464 0.517671
0.815461 0.461523
0.835181 0.493073
0.855897 0.528659
0.860328 0.536753
0.852894 0.51754
0.885625 0.579164
0.881441 0.56364
0.90189 0.587742
0.909188 0.59872
0.933823 0.632263
0.930335 0.631474
0.932509 0.638543
0.971188 0.704497
0.947481 0.656668
0.988127 0.7322
0.946162 0.647025
0.959639 0.661019
0.925466 0.609813
0.891362 0.566422
0.953646 0.640708
0.955269 0.642658
0.907407 0.584204
0.966569 0.652086
0.898239 0.569596
0.860604 0.524185
0.866265 0.533388
0.848759 0.509259
0.845502 0.503702
0.849661 0.505333
0.881852 0.544802
0.923944 0.597831
0.879426 0.541438
0.956379 0.635902
0.840113 0.49127
0.855744 0.508063
0.866378 0.516611
0.816342 0.450792
0.869707 0.514917
0.849105 0.485952
0.901574 0.55343
0.915846 0.571525
0.887326 0.533908
0.948574 0.614028
0.968046 0.635084
0.967003 0.631967
0.952663 0.605593
0.937478 0.587474
0.91284 0.561561
0.892235 0.538435
0.884846 0.527489
0.937436 0.585708
0.941581 0.587107
0.954104 0.600009
0.857651 0.493152
0.941588 0.585924
0.925309 0.561501
0.956773 0.602214
0.937411 0.571845
0.920748 0.545807
0.942864 0.573838
0.926886 0.549133
0.923181 0.5438
0.904582 0.52805
0.896357 0.517466
0.829929 0.454414
0.751549 0.363257
0.830022 0.45399
0.817463 0.433117
0.807272 0.419503
0.787421 0.394439
0.822529 0.430855
0.78963 0.393579
0.828978 0.437174
0.817541 0.42383
0.930764 0.544544
0.908204 0.506727
0.876467 0.479832
0.892696 0.482359
0.891446 0.47342
0.884704 0.470942
0.862715 0.430814
0.861483 0.447125
0.846358 0.430885
0.853 0.418385
0.844269 0.42809
0.846616 0.415389
0.840039 0.432215
0.808772 0.409061
0.803894 0.408616
0.792639 0.393378
0.787408 0.373011
0.759432 0.356466
0.773084 0.358791
0.776062 0.357331
0.784042 0.354076
0.810317 0.366271
0.849221 0.405916
0.845233 0.400771
0.8489 0.403908
0.84817 0.396446
0.827998 0.368199
0.824872 0.352779
0.83323 0.351247
0.84114 0.374919
0.845893 0.388085
0.853052 0.395541
0.871418 0.429033
0.848002 0.381898
0.852817 0.376083
0.874827 0.421993
0.903543 0.484694
0.903472 0.480423
0.890727 0.452202
0.898382 0.464407
0.881675 0.417413
0.87721 0.404614
0.890485 0.439527
0.885367 0.424551
0.907358 0.487503
0.895695 0.448716
0.870553 0.359439
0.869927 0.352235
0.881581 0.384812
0.918185 0.479982
0.892234 0.426315
0.897896 0.440994
0.913602 0.48714
0.915664 0.503658
0.931904 0.525957
0.935888 0.527121
0.955019 0.508146
0.952839 0.508239
0.932765 0.517354
0.95869 0.497149
0.957721 0.496316
0.967965 0.488302
0.944392 0.494859
0.938876 0.494438
0.936101 0.490481
0.989319 0.466558
0.995883 0.470916
0.962731 0.504975
1.02456 0.450899
1.01355 0.466523
0.993473 0.482763
0.996811 0.479762
0.966405 0.504258
0.947628 0.518628
0.970226 0.510327
1.01534 0.467887
0.990255 0.497945
1.03694 0.462939
1.0003 0.506632
0.986598 0.527916
0.98725 0.522343
0.975729 0.546143
0.986267 0.50564
0.963249 0.523248
0.949263 0.532734
0.958579 0.55162
0.96781 0.543526
0.961129 0.571218
0.978019 0.556008
0.965653 0.596303
0.972567 0.586355
1.00457 0.540978
1.00165 0.549625
0.983659 0.592563
1.00687 0.546834
0.98736 0.589778
1.0211 0.516672
1.02935 0.510739
1.02666 0.523192
1.02531 0.542831
1.02179 0.549358
1.00843 0.585388
1.03134 0.55991
1.04089 0.551365
1.04984 0.533999
1.06394 0.504441
1.05235 0.523538
1.03865 0.537003
1.06847 0.49371
1.07847 0.489221
1.05941 0.495533
1.02697 0.506795
1.04672 0.490126
1.0535 0.471266
1.08523 0.47989
1.06003 0.464237
1.05661 0.460785
1.08399 0.478331
1.05812 0.45977
1.08379 0.457129
1.08742 0.4437
1.05562 0.454745
1.09808 0.430917
1.14163 0.401659
1.11345 0.41307
1.09859 0.423023
1.07245 0.440009
1.0574 0.452186
1.06857 0.436302
1.06639 0.437104
1.04966 0.452741
1.05709 0.440793
1.06554 0.433004
1.01066 0.449345
0.951827 0.473323
0.976384 0.462071
0.983269 0.45745
0.982533 0.455762
0.917536 0.475363
0.921363 0.467599
0.943047 0.462161
0.955652 0.459117
0.949918 0.45903
0.925437 0.465042
0.932785 0.454699
0.928476 0.449489
0.980417 0.447773
1.00015 0.446362
0.942769 0.440421
1.00404 0.44193
1.01312 0.442431
1.02491 0.440985
0.988203 0.433999
0.997501 0.431349
0.98061 0.431944
0.931459 0.436686
0.929457 0.437278
0.91004 0.437831
0.901599 0.4354
0.901203 0.434185
1.07563 0.424188
0.954037 0.42951
0.938789 0.428569
0.941133 0.427677
0.994061 0.42504
0.980655 0.424215
0.972657 0.422894
1.0267 0.423178
1.09676 0.419019
1.05592 0.419825
1.03219 0.419884
1.01644 0.419634
0.963371 0.419796
0.985998 0.4187
1.04138 0.418075
1.10311 0.412785
1.10674 0.407041
0.956072 0.417937
0.917378 0.419671
0.899629 0.398689
0.88462 0.386138
0.880571 0.377106
0.90159 0.382494
0.904433 0.365727
0.901683 0.370482
0.896166 0.364786
0.905796 0.353484
0.917368 0.416185
0.912176 0.385368
0.916633 0.401943
0.911465 0.358876
0.924097 0.392069
0.921435 0.362975
0.932436 0.352204
0.941049 0.375728
0.930523 0.390962
0.93666 0.394437
0.939762 0.402039
0.954962 0.370237
0.958551 0.370705
0.958613 0.374837
0.965592 0.370611
0.953677 0.38627
0.956598 0.387811
0.946291 0.39606
0.953181 0.392891
0.958628 0.389637
0.960924 0.390137
0.962503 0.392261
0.959445 0.396924
0.969152 0.387969
0.975589 0.38957
0.982592 0.385191
0.986569 0.388175
0.979453 0.394293
0.95247 0.411044
1.00073 0.38246
0.991042 0.375703
0.973492 0.374288
0.989095 0.366219
0.997529 0.372535
1.05141 0.351421
1.02426 0.363679
1.03394 0.370873
1.0796 0.351369
1.07878 0.352205
1.05662 0.363798
1.06989 0.359611
1.10123 0.351866
1.0416 0.371343
1.02428 0.381011
1.04465 0.378434
0.980658 0.399984
1.05994 0.375255
1.00547 0.396114
0.984845 0.403032
0.994516 0.402788
1.02145 0.393182
1.03744 0.391704
1.04385 0.390519
1.06573 0.383868
1.08039 0.377734
1.10005 0.370467
1.08834 0.37061
1.08495 0.370813
1.15295 0.350643
1.14256 0.354935
1.12359 0.364781
1.15995 0.356495
1.11918 0.370121
0.996115 0.411785
1.06373 0.391987
1.12001 0.371414
1.17469 0.358569
1.05346 0.39585
1.03256 0.404017
1.03379 0.40361
1.05153 0.399263
1.07113 0.395355
1.05229 0.407227
1.1085 0.391502
1.10178 0.400157
1.1228 0.393067
1.14912 0.386821
1.09644 0.403516
1.1535 0.392031
1.16286 0.391253
1.18395 0.377456
1.16628 0.385214
1.21993 0.35501
1.19238 0.373361
1.20938 0.367642
1.21598 0.365642
1.16985 0.387146
1.17362 0.385681
1.18175 0.384073
1.14835 0.401192
1.19632 0.381919
1.18571 0.390347
1.13386 0.436789
1.10412 0.466091
1.10849 0.465024
1.11017 0.465609
1.08845 0.488822
1.13624 0.439791
1.19272 0.386932
1.16596 0.41463
1.18395 0.398404
1.10669 0.474117
1.06872 0.51389
1.11559 0.476556
1.04863 0.542669
1.1131 0.483278
1.15159 0.445632
1.14732 0.447763
1.11722 0.468282
1.18338 0.408952
1.24952 0.357558
1.06998 0.527035
1.09269 0.506829
1.16134 0.449097
1.13119 0.471305
1.18418 0.425595
1.19362 0.414893
1.19953 0.407832
1.22355 0.385572
1.21681 0.398209
1.23188 0.38784
1.22571 0.395197
1.27925 0.350887
1.19089 0.426537
1.16016 0.453849
1.11002 0.496667
1.11576 0.494463
1.0767 0.527822
1.09204 0.515149
1.25522 0.378413
1.20704 0.421731
1.20326 0.422543
1.16728 0.456125
1.15476 0.465585
1.17036 0.452556
1.19981 0.425349
1.14292 0.474605
1.04638 0.55365
1.13946 0.477617
1.03463 0.564634
1.11444 0.500681
1.04768 0.558865
1.06773 0.543181
1.02894 0.582159
0.984902 0.640496
1.00081 0.62726
1.00178 0.629139
0.98563 0.658189
0.990703 0.655608
1.07127 0.54105
1.05617 0.566887
1.05672 0.566151
1.0552 0.56864
0.992109 0.656392
1.00344 0.641933
0.998731 0.650426
1.02885 0.614393
1.00121 0.665551
1.0142 0.648255
1.00232 0.674301
1.02743 0.655827
1.02749 0.647397
1.0298 0.637562
1.02768 0.626877
1.0357 0.646294
1.03643 0.627264
1.02884 0.622405
1.03306 0.608107
1.04518 0.622452
1.03696 0.606785
1.06634 0.614299
1.05685 0.574586
1.06388 0.585148
1.07464 0.559054
1.07944 0.544586
1.06758 0.556528
1.07039 0.548036
1.08329 0.536889
1.07242 0.547279
1.08307 0.538357
1.07001 0.585678
1.07151 0.589809
1.07986 0.562379
1.08613 0.555777
1.06893 0.612903
1.09929 0.578417
1.08555 0.586059
1.07783 0.593228
1.08061 0.586612
1.08808 0.565541
1.09116 0.549104
1.09848 0.555788
1.08834 0.54196
1.08883 0.539376
1.09634 0.520331
1.09507 0.525365
1.10469 0.54144
1.11017 0.553295
1.11351 0.530758
1.11406 0.558548
1.11908 0.519771
1.12724 0.533235
1.11799 0.508752
1.11652 0.503048
1.14014 0.490916
1.1514 0.482263
1.15526 0.472528
1.16567 0.464818
1.15008 0.509364
1.16232 0.491406
1.21614 0.416389
1.16291 0.496573
1.17948 0.478062
1.20215 0.441008
1.20894 0.431165
1.21426 0.42443
1.2455 0.391089
1.21776 0.422133
1.19798 0.457134
1.19853 0.456512
1.22448 0.422282
1.25304 0.386839
1.19416 0.467299
1.18698 0.480622
1.26667 0.381286
1.26973 0.382463
1.26739 0.385643
1.20908 0.456065
1.16661 0.505665
1.26215 0.400941
1.26771 0.395347
1.22788 0.443521
1.24977 0.419261
1.21428 0.460029
1.20917 0.473388
1.21172 0.470779
1.22646 0.456497
1.25791 0.41704
1.29445 0.37454
1.27373 0.405155
1.28773 0.390695
1.31545 0.364631
1.26303 0.433867
1.27648 0.413243
1.25831 0.429629
1.24556 0.444647
1.23304 0.46214
1.21509 0.477298
1.19232 0.495138
1.15033 0.526213
1.09487 0.585092
1.13254 0.547969
1.12023 0.564439
1.15125 0.535133
1.19992 0.492152
1.09854 0.591947
1.16147 0.535221
1.08252 0.610222
1.07356 0.616106
1.06313 0.6302
1.0566 0.633697
1.03948 0.648065
1.03266 0.660034
1.23968 0.46078
1.11691 0.579919
1.22942 0.472337
1.19372 0.507687
1.17709 0.523671
1.09903 0.598505
1.00487 0.689158
1.06039 0.636376
1.12152 0.578748
1.03617 0.660223
1.01373 0.68588
1.03168 0.670557
1.02673 0.673794
1.07321 0.637961
1.00253 0.696894
1.00514 0.710948
1.00749 0.705401
1.00595 0.698979
1.01513 0.720695
1.01883 0.712987
1.03077 0.692078
1.02683 0.70832
1.02312 0.713723
1.1047 0.617266
1.09082 0.638766
1.05023 0.692352
1.03958 0.700668
1.01846 0.727384
1.03786 0.714956
1.08658 0.646252
1.09205 0.638869
1.04053 0.712715
1.07342 0.667689
1.05712 0.69296
1.08104 0.658832
1.11172 0.614036
1.11208 0.615014
1.10397 0.633789
1.10164 0.636576
1.07089 0.677853
1.04219 0.718766
1.09856 0.647893
1.10666 0.635748
1.12735 0.608485
1.11361 0.612493
1.13392 0.601396
1.09987 0.615706
1.11213 0.605235
1.11614 0.602302
1.15193 0.581477
1.16842 0.556569
1.13388 0.581028
1.14981 0.567395
1.18193 0.537843
1.19342 0.522882
1.21591 0.499876
1.21591 0.496777
1.19263 0.519811
1.1465 0.566852
1.06723 0.631374
1.16613 0.544796
1.17974 0.531746
1.0944 0.606054
1.16658 0.541712
1.18781 0.52106
1.18737 0.520486
1.22548 0.484962
1.25091 0.458655
1.24153 0.475594
1.33659 0.354991
1.20279 0.525444
1.21772 0.51319
1.22417 0.510268
1.18776 0.561549
1.19636 0.550073
1.27512 0.442793
1.29568 0.413169
1.31602 0.393227
1.24192 0.491339
1.33595 0.369319
1.20238 0.54555
1.17858 0.574901
1.19039 0.541986
1.19423 0.530121
1.18297 0.543954
1.15357 0.583067
1.15006 0.591808
1.15461 0.5896
1.13948 0.606968
1.17334 0.577697
1.17779 0.575632
1.14031 0.608212
1.14147 0.610902
1.12408 0.623082
1.11849 0.628973
1.14184 0.61765
1.13066 0.638198
1.10716 0.651256
1.09568 0.661694
1.11568 0.656387
1.08057 0.673245
1.03484 0.730412
1.08356 0.674268
1.06536 0.697166
1.06713 0.697396
1.06281 0.702302
1.04374 0.725912
1.02783 0.74513
1.03522 0.739366
1.04995 0.727127
1.04297 0.74529
1.05671 0.722851
1.07262 0.711037
1.07727 0.698112
1.07659 0.702394
1.07844 0.701299
1.0863 0.689147
1.07848 0.695877
1.09098 0.681549
1.10001 0.669882
1.09627 0.686825
1.11538 0.662433
1.11941 0.657917
1.1138 0.665108
1.17627 0.59123
1.14513 0.626203
1.18184 0.583115
1.22585 0.532278
1.28122 0.465184
1.29573 0.437512
1.27314 0.469784
1.24149 0.511922
1.22661 0.523402
1.17858 0.585652
1.20798 0.544605
1.1689 0.592687
1.16417 0.59787
1.1993 0.551886
1.20087 0.549988
1.19969 0.550808
1.22081 0.523724
1.32201 0.396769
1.29601 0.430546
1.32123 0.398914
1.32087 0.399564
1.31805 0.408866
1.32666 0.392018
1.32133 0.410681
1.34051 0.367879
1.33397 0.395935
1.33373 0.401427
1.33699 0.398847
1.2416 0.514421
1.27455 0.476335
1.26449 0.490086
1.33421 0.40299
1.31871 0.433897
1.29007 0.47422
1.26682 0.491993
1.23453 0.527916
1.13418 0.644948
1.22144 0.546827
1.25151 0.515004
1.26322 0.505422
1.24076 0.573101
1.27008 0.513941
1.24513 0.570948
1.2589 0.558884
1.26173 0.550218
1.26086 0.541364
1.26849 0.537153
1.26855 0.543256
1.2789 0.489721
1.27628 0.515925
1.27494 0.525159
1.2909 0.487946
1.30754 0.4597
1.29952 0.478121
1.28304 0.522054
1.2963 0.543144
1.29454 0.525752
1.28698 0.519914
1.28955 0.519996
1.30769 0.503593
1.32808 0.471576
1.31169 0.476059
1.30297 0.479336
1.31171 0.466066
1.32478 0.458052
1.31939 0.455318
1.32249 0.444262
1.33546 0.43822
1.32528 0.490655
1.32935 0.482157
1.33262 0.475267
1.33713 0.45701
1.34791 0.427283
1.34877 0.454393
1.34811 0.485929
1.34647 0.494297
1.32133 0.532784
1.31447 0.552101
1.31772 0.548213
1.3432 0.507281
1.34492 0.507453
1.31055 0.567588
1.31723 0.560305
1.3089 0.572282
1.32547 0.557883
1.3223 0.577806
1.31966 0.579496
1.31329 0.584681
1.32551 0.586272
1.3285 0.538397
1.33424 0.534156
1.34269 0.5171
1.34453 0.5963
1.34387 0.514497
1.34898 0.517791
1.34857 0.556626
1.34845 0.575125
1.34953 0.60132
1.31392 0.585978
1.33433 0.599722
1.34402 0.613893
1.34918 0.623399
1.34662 0.643317
1.3296 0.604171
1.31565 0.593903
1.30357 0.586072
1.3016 0.569119
1.28399 0.542921
1.28573 0.556992
1.29255 0.571252
1.28089 0.562386
1.28154 0.556552
1.27743 0.551008
1.27302 0.574979
1.27173 0.575755
1.27153 0.579828
1.28669 0.598745
1.28729 0.597041
1.32453 0.617315
1.33297 0.633993
1.31517 0.637256
1.28317 0.626805
1.28882 0.642537
1.33989 0.652578
1.28662 0.643144
1.29588 0.652593
1.29991 0.68782
1.31493 0.709337
1.32086 0.696988
1.32015 0.681658
1.31225 0.675273
1.30468 0.662045
1.33379 0.670992
1.33102 0.684686
1.32033 0.708854
1.32326 0.709659
1.33607 0.712798
1.31554 0.719878
1.30833 0.738655
1.3474 0.714258
1.32621 0.736598
1.31995 0.741659
1.32631 0.761861
1.31442 0.772543
1.30823 0.756274
1.29046 0.671132
1.29527 0.697623
1.29939 0.720399
1.29359 0.699915
1.3127 0.782342
1.28837 0.6997
1.29666 0.756146
1.2972 0.758357
1.2859 0.729909
1.27617 0.695566
1.2758 0.671642
1.27494 0.677316
1.26593 0.657301
1.27299 0.655646
1.27739 0.663856
1.27892 0.643336
1.27376 0.632617
1.2722 0.615592
1.26746 0.622009
1.26713 0.591713
1.26008 0.587764
1.25614 0.588004
1.25848 0.608266
1.25767 0.606358
1.25583 0.597401
1.25341 0.612843
1.25219 0.624337
1.27203 0.700883
1.25101 0.635559
1.23813 0.571177
1.23555 0.585211
1.23248 0.581979
1.21964 0.561543
1.22745 0.591086
1.23134 0.604583
1.24483 0.635923
1.24867 0.649952
1.27375 0.71266
1.24077 0.636328
1.22259 0.590279
1.23313 0.62975
1.24972 0.666799
1.23507 0.640946
1.23666 0.644894
1.24381 0.657668
1.27036 0.71087
1.20024 0.577706
1.21039 0.610067
1.21311 0.616478
1.19769 0.628678
1.19504 0.592762
1.19308 0.596715
1.1881 0.626509
1.17537 0.637554
1.17246 0.644148
1.17752 0.620528
1.17534 0.619324
1.16851 0.628327
1.1582 0.624744
1.10632 0.677341
1.12315 0.664137
1.15352 0.656785
1.15576 0.65777
1.16704 0.652776
1.16579 0.658127
1.2135 0.631497
1.22175 0.632511
1.2332 0.64517
1.23978 0.660904
1.22552 0.666745
1.19571 0.658334
1.1965 0.659449
1.20038 0.663087
1.19026 0.666984
1.24213 0.676481
1.1942 0.670104
1.16108 0.663467
1.15364 0.667636
1.14627 0.662388
1.15643 0.673734
1.18347 0.678276
1.17672 0.68501
1.1924 0.685367
1.24413 0.688098
1.20658 0.693809
1.25145 0.689213
1.25536 0.696671
1.2274 0.697914
1.23702 0.698882
1.26153 0.702316
1.2689 0.711959
1.27168 0.731725
1.26322 0.727707
1.24189 0.708954
1.21785 0.699877
1.2314 0.720161
1.24582 0.728622
1.27526 0.748162
1.21995 0.720158
1.26112 0.742317
1.28418 0.755329
1.2816 0.764175
1.2343 0.731735
1.19481 0.710398
1.21267 0.723733
1.13645 0.674106
1.11947 0.685098
1.13358 0.690823
1.15948 0.696848
1.18386 0.715849
1.12712 0.690359
1.19737 0.723361
1.21241 0.734573
1.27377 0.764826
1.25932 0.762842
1.28297 0.77281
1.29318 0.783174
1.25684 0.763074
1.21512 0.742732
1.25455 0.765617
1.21881 0.750593
1.19967 0.743769
1.18981 0.741052
1.18597 0.740398
1.17202 0.732302
1.14886 0.724548
1.16373 0.713148
1.1432 0.706087
1.1253 0.696548
1.11901 0.695594
1.1157 0.69502
1.09773 0.695494
1.14175 0.721966
1.14431 0.725132
1.1328 0.722834
1.11201 0.720069
1.22504 0.761715
1.25999 0.774112
1.25037 0.771492
1.08747 0.71865
1.09335 0.724142
1.1209 0.732776
1.11195 0.733755
1.19609 0.756441
1.23602 0.767815
1.22435 0.765148
1.10203 0.732264
1.16661 0.751397
1.11184 0.736983
1.15757 0.757617
1.11727 0.744902
1.09057 0.736717
1.08773 0.7352
1.08401 0.729221
1.06309 0.728369
1.10799 0.743989
1.1168 0.747572
1.10621 0.744426
1.13959 0.75709
1.11131 0.749421
1.10956 0.748396
1.10782 0.748882
1.05439 0.738345
1.14365 0.760353
1.09442 0.75259
1.05684 0.750207
1.23156 0.772588
1.04016 0.749671
1.25763 0.77859
1.23423 0.777386
1.27045 0.782881
1.27409 0.785923
1.23367 0.778254
1.23164 0.78695
1.155 0.769198
1.15024 0.769128
1.11179 0.761713
1.16696 0.775224
1.24168 0.791319
1.18743 0.78304
1.28766 0.805593
1.26892 0.801579
1.25066 0.797616
1.1962 0.788217
1.30583 0.821851
1.30354 0.822754
1.30421 0.826761
1.08377 0.757448
1.06472 0.755679
1.14649 0.781206
1.06004 0.758296
1.20188 0.797972
1.22142 0.80405
1.28623 0.823188
1.29903 0.827755
1.18802 0.796047
1.13375 0.781128
1.0578 0.759513
1.07143 0.765413
1.2509 0.816818
1.21361 0.811422
1.2189 0.814037
1.23645 0.816334
1.25434 0.827407
1.2935 0.832884
1.29755 0.838844
1.2809 0.845802
1.23206 0.832356
1.28258 0.856777
1.28757 0.860127
1.21101 0.824693
1.14042 0.795018
1.16323 0.798922
1.14324 0.788789
1.10223 0.775445
1.03413 0.757654
1.07533 0.895466
1.07546 0.893855
1.08759 0.932197
1.0466 0.795928
1.05953 0.834203
1.09728 0.947278
1.05304 0.807513
1.10856 0.97896
1.06202 0.834746
1.04259 0.774891
1.11313 0.98957
1.11058 0.970226
1.1005 0.932376
1.07949 0.853475
1.08769 0.90399
1.06644 0.831909
1.0689 0.815124
1.1082 0.953329
1.10837 0.94679
1.05691 0.76769
1.09465 0.894065
1.08226 0.843974
1.08091 0.822505
1.07629 0.777091
1.08222 0.79228
1.08167 0.80662
1.09613 0.866334
1.10134 0.876153
1.10688 0.890066
1.10961 0.897662
1.11251 0.910942
1.10845 0.867891
1.1156 0.906863
1.11001 0.850803
1.12383 0.961088
1.10841 0.918305
1.11892 0.98309
1.12534 1.00686
1.12393 0.964074
1.13083 0.993503
1.13376 0.976343
1.13624 0.963266
1.12545 0.92534
1.12632 0.947101
1.11961 0.882994
1.1412 0.865083
1.13313 0.863643
1.12974 0.868224
1.13434 0.847593
1.11867 0.864243
1.12777 0.850269
1.13036 0.845813
1.142 0.822011
1.13426 0.82786
1.13502 0.825031
1.1179 0.858941
1.10646 0.829488
1.12387 0.825694
1.11812 0.824307
1.13156 0.818671
1.12855 0.816935
1.11208 0.821457
1.10567 0.816791
1.12189 0.808206
1.12318 0.806767
1.12989 0.805173
1.14164 0.806363
1.15194 0.860404
1.15552 0.848791
1.16258 0.817514
1.17159 0.826505
1.16217 0.832024
1.17126 0.838733
1.1792 0.834089
1.18696 0.82266
1.19499 0.834892
1.22167 0.846114
1.23795 0.858448
1.19753 0.843078
1.22873 0.859625
1.22635 0.860455
1.19026 0.889863
1.18555 0.866736
1.17467 0.864073
1.17046 0.862175
1.16082 0.876382
1.16444 0.86416
1.16286 0.868611
1.14883 0.892292
1.13651 0.89976
1.12896 0.908454
1.1398 0.908212
1.15247 0.895463
1.15929 0.893193
1.17039 0.884772
1.16372 0.906108
1.18223 0.900937
1.20951 0.887592
1.22388 0.877866
1.22981 0.871419
1.21995 0.874271
1.23347 0.869253
1.22859 0.870718
1.24806 0.863982
1.25674 0.859279
1.22243 0.89095
1.23577 0.892045
1.25841 0.870566
1.25837 0.862142
1.26571 0.865132
1.26349 0.872201
1.27574 0.863097
1.25131 0.891025
1.19873 0.902485
1.15966 0.913937
1.14396 0.928748
1.16312 0.914064
1.15516 0.921254
1.2299 0.903994
1.18761 0.922026
1.14651 0.93961
1.15257 0.937431
1.18018 0.92791
1.19504 0.925788
1.19479 0.930996
1.19415 0.939667
1.14126 0.952071
1.14069 0.963915
1.14916 0.962571
1.15354 0.94947
1.16951 0.948414
1.19332 0.941544
1.15383 0.972282
1.17116 0.966401
1.19572 0.944218
1.12404 1.01255
1.18081 0.9623
1.14706 0.995474
1.14721 0.999274
1.1787 0.975204
1.1486 1.00914
1.14401 1.00953
1.14146 1.01848
1.14467 1.01699
1.18549 0.9775
1.13396 1.05507
1.16196 1.01399
1.1752 0.993714
1.17045 1.00568
1.13927 1.06649
1.15063 1.07337
1.14892 1.05405
1.16056 1.03733
1.15714 1.04872
1.18827 0.984113
1.18541 0.990629
1.16135 1.05127
1.20488 0.949238
1.14608 1.08914
1.17323 1.02991
1.21546 0.928616
1.19155 0.993912
1.22437 0.920758
1.22658 0.918103
1.2285 0.917822
1.23407 0.924694
1.2302 0.935935
1.22934 0.938419
1.22737 0.931836
1.2159 0.957168
1.20307 0.996007
1.22527 0.95067
1.19532 1.01552
1.22113 0.934025
1.2103 0.967312
1.18463 1.04607
1.19901 1.00038
1.21177 0.959915
1.21328 0.952757
1.19928 0.994814
1.1951 0.997224
1.18297 1.02531
1.18571 1.02615
1.1663 1.06287
1.16328 1.09757
1.17014 1.08704
1.17878 1.06934
1.1891 1.04393
1.1942 1.03177
1.20032 1.02371
1.19479 1.04282
1.20769 1.01001
1.2281 0.948391
1.23166 0.947038
1.25925 0.888568
1.256 0.904751
1.26965 0.879689
1.26218 0.907277
1.25816 0.920764
1.24802 0.935853
1.25203 0.930847
1.22226 0.981912
1.24245 0.952308
1.2159 1.00698
1.21221 1.01493
1.25339 0.932718
1.19749 1.05356
1.27536 0.885717
1.27715 0.886162
1.20368 1.04098
1.20431 1.04324
1.27047 0.904567
1.28027 0.895107
1.28101 0.897941
1.27609 0.909119
1.27314 0.920991
1.2452 0.984692
1.24995 0.963251
1.23091 1.00775
1.2112 1.04701
1.21453 1.03941
1.22569 1.01412
1.2174 1.01978
1.19978 1.06479
1.20154 1.05585
1.19265 1.07395
1.17817 1.0972
1.17327 1.10846
1.17764 1.092
1.16323 1.13214
1.19324 1.08651
1.19967 1.08064
1.20756 1.06865
1.18176 1.11067
1.18014 1.139
1.1785 1.15502
1.18437 1.13648
1.18547 1.1304
1.18431 1.12023
1.18919 1.11928
1.20448 1.08921
1.19155 1.1164
1.20794 1.08502
1.20366 1.10295
1.19588 1.12199
1.19228 1.14196
1.20203 1.11303
1.20229 1.11058
1.21477 1.08353
1.2333 1.03857
1.22304 1.05249
1.19798 1.0971
1.22346 1.04517
1.23777 1.02481
1.22854 1.03437
1.22728 1.03573
1.20576 1.06379
1.21642 1.04075
1.2307 1.01619
1.25073 0.990436
1.22267 1.0687
1.19868 1.1375
1.23567 1.0347
1.34662 0.724708
1.33563 0.759474
1.34474 0.735818
1.24748 1.00391
1.34767 0.729092
1.23468 1.0402
1.27696 0.928653
1.30985 0.841999
1.32052 0.814051
1.34065 0.760572
1.33505 0.778328
1.25547 0.992446
1.30365 0.867358
1.1854 1.17679
1.24506 1.02408
1.27268 0.952823
1.21391 1.10553
1.30314 0.877188
1.28493 0.928971
1.31892 0.843737
1.24649 1.0284
1.21465 1.11079
1.25915 1.00125
1.2077 1.1289
1.21754 1.10668
1.25975 1.00019
1.24704 1.03939
1.2239 1.09509
1.24099 1.05707
1.23573 1.07152
1.2252 1.10921
1.2177 1.1097
1.20775 1.13893
1.20255 1.16861
1.21569 1.1527
1.22464 1.14456
1.23799 1.13392
1.26961 1.1298
1.28102 1.12736
1.28479 1.12212
1.27203 1.1128
1.2672 1.1061
1.27698 1.10502
1.28986 1.11216
1.2886 1.10784
1.29315 1.0935
1.28869 1.10013
1.29229 1.09094
1.29491 1.08105
1.2697 1.10101
1.22654 1.13796
1.29351 1.07919
1.22689 1.13296
1.22401 1.13337
1.23461 1.10161
1.28525 0.948758
1.31628 0.856202
1.23194 1.11409
1.26314 1.031
1.25223 1.07005
1.25765 1.06046
1.27434 1.00584
1.28092 0.978562
1.2977 0.92903
1.31552 0.869492
1.33295 0.813662
1.29415 0.942698
1.29781 0.93548
1.30993 0.893137
1.31278 0.886906
1.2961 0.942842
1.31223 0.897662
1.34198 0.793084
1.31596 0.885976
1.32761 0.850612
1.30311 0.930571
1.27062 1.03136
1.30106 0.945373
1.29751 0.956112
1.2854 0.999625
1.28488 1.00849
1.30384 0.94493
1.3033 0.950438
1.31056 0.917682
1.30731 0.949032
1.30549 0.950304
1.30596 0.959336
1.30879 0.947095
1.31834 0.896564
1.32149 0.900136
1.32718 0.866425
1.32756 0.873318
1.32585 0.893849
1.33475 0.833386
1.33133 0.866098
1.33553 0.862136
1.33511 0.863608
1.33313 0.874147
1.33015 0.893399
1.34335 0.852074
1.34719 0.836884
1.33518 0.90389
1.31653 0.947611
1.31516 0.943376
1.31099 0.94818
1.30171 0.98358
1.28879 1.01647
1.28932 1.01787
1.28528 1.03173
1.27952 1.03743
1.27492 1.05088
1.26976 1.07861
1.29575 1.01915
1.29694 1.00171
1.31628 0.956045
1.30537 0.984627
1.31321 0.969422
1.31738 0.968546
1.27767 1.06193
1.32071 0.961368
1.28422 1.04683
1.26696 1.08718
1.26713 1.08942
1.27401 1.08788
1.28475 1.06838
1.28835 1.06542
1.30502 1.01044
1.31296 0.992915
1.3076 1.02095
1.30325 1.04741
1.32583 0.944354
1.32294 0.964005
1.31857 0.983485
1.33017 0.937724
1.33462 0.92597
1.33118 0.939812
1.30718 1.04368
1.31717 0.995723
1.30461 1.05436
1.3035 1.06062
1.34575 0.890237
1.34228 0.906344
1.34659 0.894655
1.34289 0.91111
1.34104 0.920458
1.32572 0.992445
1.33997 0.945443
1.3447 0.942433
1.32848 1.00207
1.32464 1.01607
1.30048 1.10369
1.3474 0.968561
1.34515 0.982943
1.31741 1.07086
1.34822 1.0104
1.32578 1.06223
1.33352 1.06755
1.33745 1.07131
1.34925 1.00998
1.34672 1.08843
1.34493 1.09457
1.32745 1.10235
1.3226 1.10566
1.32699 1.08983
1.31074 1.10784
1.30678 1.11595
1.32176 1.1118
1.21281 1.16526
1.30801 1.12036
1.18339 1.18997
1.18108 1.19233
1.25521 1.15327
1.1828 1.19196
1.24115 1.16722
1.32035 1.11716
1.33406 1.11024
1.32129 1.12192
1.30743 1.13272
1.34078 1.11874
1.28635 1.14712
1.33749 1.122
1.31626 1.13554
1.26427 1.16169
1.17901 1.19878
1.18155 1.20274
1.23616 1.1807
1.17786 1.21144
1.16617 1.22933
1.17832 1.22312
1.1923 1.21401
1.251 1.18146
1.19949 1.2133
1.19596 1.2223
1.16407 1.25712
1.20197 1.2221
1.21554 1.21362
1.2628 1.18225
1.24073 1.19534
1.29049 1.16042
1.25638 1.19085
1.18551 1.24244
1.31314 1.15129
1.32778 1.14108
1.30707 1.15809
1.29363 1.1671
1.28741 1.17219
1.25841 1.19428
1.25574 1.19964
1.30017 1.16684
1.31692 1.15793
1.34547 1.14129
1.31629 1.16846
1.23565 1.22136
1.2726 1.19617
1.27054 1.19245
1.22227 1.23013
1.21834 1.22738
1.2257 1.21971
1.14793 1.27668
1.19888 1.24231
1.18088 1.25648
1.18173 1.25785
1.18605 1.25552
1.20763 1.2444
1.29387 1.18799
1.17512 1.26946
1.19681 1.25483
1.23435 1.23229
1.29088 1.19488
1.34807 1.15322
1.30101 1.18816
1.26024 1.2157
1.32327 1.17573
1.24837 1.22708
1.25106 1.22963
1.29035 1.24593
1.26804 1.23166
1.30418 1.23996
1.30759 1.23537
1.30521 1.23241
1.30151 1.23148
1.30017 1.2182
1.30648 1.21569
1.29975 1.19831
1.30917 1.22195
1.31645 1.22839
1.31926 1.19869
1.31296 1.20322
1.32867 1.17934
1.33494 1.17044
1.33388 1.18203
1.34156 1.16739
1.3237 1.21662
1.31849 1.2315
1.32087 1.23715
1.32513 1.22215
1.34833 1.16598
1.34742 1.21005
1.34871 1.21863
1.34948 1.23971
1.31652 1.26299
1.31896 1.26526
1.34067 1.26152
1.34167 1.26241
1.33993 1.2756
1.33406 1.28307
1.33692 1.293
1.34857 1.30909
1.29937 1.26483
1.28161 1.25136
1.27463 1.24573
1.28261 1.25934
1.28394 1.26206
1.33924 1.32696
1.3394 1.32914
1.25531 1.23999
1.24809 1.23246
1.30401 1.30095
1.26094 1.26664
1.24691 1.24814
1.2403 1.2449
1.25294 1.26161
1.25784 1.26788
1.34079 1.34341
1.32109 1.32656
1.30951 1.32366
1.30912 1.33211
1.32147 1.33165
1.31097 1.33768
1.321 1.34607
1.29811 1.34281
1.28843 1.34142
1.29126 1.33561
1.28806 1.33544
1.28045 1.32917
1.27606 1.31684
1.29567 1.30574
1.27398 1.30881
1.27854 1.30563
1.26971 1.31005
1.26726 1.31074
1.26725 1.30752
1.25829 1.29787
1.26825 1.30162
1.2701 1.29944
1.27477 1.2954
1.27158 1.28626
1.2562 1.27578
1.2486 1.28359
1.23704 1.26765
1.23746 1.28273
1.24428 1.29857
1.23785 1.28968
1.24178 1.29939
1.26492 1.31749
1.27142 1.32141
1.26375 1.32523
1.29202 1.3497
1.2537 1.34042
1.24424 1.34655
1.21873 1.34968
1.22857 1.30425
1.23073 1.30607
1.23457 1.31195
1.23672 1.31449
1.24006 1.31258
1.23043 1.28308
1.22635 1.28273
1.2196 1.31478
1.21471 1.33898
1.20242 1.32957
1.20112 1.3392
1.19357 1.33971
1.19544 1.32946
1.21482 1.3224
1.21926 1.31034
1.22393 1.26921
1.21886 1.2577
1.19794 1.29087
1.18074 1.32894
1.19508 1.29171
1.18003 1.3123
1.17158 1.34485
1.17299 1.31336
1.16939 1.34377
1.15166 1.33571
1.15738 1.3437
1.1447 1.33675
1.18739 1.29393
1.20092 1.2716
1.14257 1.31743
1.18041 1.28202
1.1932 1.26991
1.22636 1.24476
1.16851 1.2834
1.13567 1.31014
1.13174 1.23863
1.13103 1.26808
1.12642 1.25914
1.12397 1.21093
1.12041 1.22886
1.10099 1.1356
1.09845 1.1225
1.11079 1.19625
1.11778 1.23871
1.08838 1.11101
1.08488 1.07044
1.0871 1.07364
1.07109 1.01495
1.09891 1.11139
1.05829 0.963143
1.10035 1.11145
1.10975 1.14965
1.12351 1.19918
1.11519 1.16471
1.09392 1.08004
1.1289 1.21344
1.10138 1.10698
1.11119 1.12795
1.10629 1.12437
1.11631 1.1598
1.11915 1.17047
1.12631 1.19035
1.13337 1.22614
1.14403 1.22988
1.13493 1.19175
1.1367 1.19957
1.12819 1.16973
1.1088 1.10844
1.05016 0.925451
1.11288 1.11701
1.05972 0.951735
1.09779 1.06403
1.11597 1.12199
1.09376 1.04939
1.08136 0.998013
1.1266 1.13217
1.13183 1.12204
1.13915 1.14884
1.12296 1.13155
1.12384 1.13454
1.13841 1.1641
1.13878 1.17054
1.13163 1.17378
1.1337 1.17652
1.13302 1.17744
1.14489 1.205
1.15033 1.21842
1.15104 1.18192
1.16387 1.20007
1.04263 0.895158
1.06012 0.937931
1.09119 1.01589
1.05352 0.920602
1.04347 0.892843
1.08404 0.993783
1.13379 1.107
1.15996 1.16673
1.15909 1.16463
1.17007 1.1888
1.12236 1.07631
1.08803 0.995239
1.10692 1.03343
1.08963 0.9903
1.07671 0.969743
1.07491 0.963907
1.07617 0.962651
1.04158 0.877988
1.03647 0.858992
1.02905 0.836033
1.04218 0.866412
1.05275 0.89224
1.07311 0.940969
1.16478 1.16597
1.16347 1.15966
1.03709 0.84679
1.07924 0.949653
1.0763 0.941741
1.13751 1.08909
1.09737 0.992134
1.08552 0.963293
1.08258 0.95605
1.10906 1.01878
1.11702 1.03686
1.10299 1.00323
1.07287 0.92974
1.04392 0.861518
1.06713 0.915237
1.06491 0.908507
1.05847 0.888082
1.0602 0.880477
1.07007 0.905417
1.08548 0.958811
1.0905 0.9571
1.10911 1.00436
1.07718 0.917536
1.05697 0.858037
1.11357 1.01061
1.03616 0.796273
1.03931 0.817711
1.04011 0.820989
1.03897 0.825604
1.02328 0.769353
1.02597 0.77962
1.02662 0.811215
1.01757 0.770945
1.0091 0.737404
0.997199 0.705845
0.986904 0.665389
0.982941 0.666303
0.995136 0.708075
1.00049 0.740813
0.983247 0.679144
0.987396 0.697809
1.01536 0.810761
1.01689 0.81196
1.03227 0.888086
1.03187 0.886965
1.02228 0.858737
1.069 1.05653
1.0325 0.876272
1.01852 0.802551
1.02709 0.841087
1.04598 0.929119
1.05564 0.973321
1.05035 0.947252
1.03426 0.873126
1.06907 1.03198
1.10356 1.18211
1.10877 1.20959
1.12078 1.25721
1.10048 1.17948
1.11775 1.26069
1.12928 1.32115
1.09594 1.17932
1.10669 1.2304
1.11635 1.27883
1.10467 1.22968
1.11553 1.29659
1.11957 1.32273
1.10789 1.25432
1.10466 1.23406
1.10548 1.24594
1.10735 1.28769
1.10207 1.22496
1.09756 1.26342
1.10135 1.22383
1.09384 1.1982
1.09155 1.21205
1.09286 1.19589
1.08059 1.181
1.08081 1.1885
1.07309 1.18535
1.07142 1.19565
1.09359 1.25448
1.10278 1.27968
1.11108 1.30838
1.09722 1.27624
1.08246 1.24269
1.06917 1.20533
1.06652 1.2001
1.07575 1.22967
1.05932 1.19671
1.05648 1.19642
1.07407 1.25158
1.11709 1.33203
1.1209 1.34088
1.07075 1.26061
1.04169 1.21247
1.07666 1.27256
1.07544 1.2767
1.08908 1.29978
1.09465 1.30835
1.11227 1.34338
1.09556 1.32078
1.10536 1.34508
1.10013 1.34122
1.09174 1.32759
1.0715 1.28925
1.091 1.34154
1.08005 1.3238
1.07159 1.3061
1.06145 1.27685
1.04771 1.24603
1.07205 1.3165
1.06705 1.33397
1.05445 1.34872
1.05153 1.33621
1.05074 1.33185
1.04575 1.28924
1.04432 1.26541
1.04534 1.30536
1.04606 1.3393
1.04382 1.34569
1.03706 1.22926
1.03295 1.25156
1.03473 1.26724
1.03828 1.26728
1.03246 1.32974
1.03074 1.32188
1.01581 1.34349
0.999863 1.34807
1.00401 1.34328
0.981163 1.34531
0.955417 1.34434
0.931281 1.34314
0.910458 1.34577
0.906968 1.34015
0.958599 1.33897
0.959542 1.33793
1.00184 1.33235
0.995384 1.32998
0.918237 1.33454
0.936138 1.32062
0.954066 1.30698
0.942751 1.30279
0.973142 1.29858
0.973515 1.30524
0.998827 1.27996
0.991136 1.2927
0.971029 1.30969
0.976194 1.3183
0.984683 1.32467
0.991305 1.3257
1.01561 1.32314
0.997875 1.31534
1.00177 1.31365
1.0121 1.30976
1.00555 1.28712
1.01029 1.27997
1.00539 1.28067
1.00198 1.28357
1.01878 1.25909
1.02085 1.24083
1.02015 1.2425
1.01249 1.24769
1.01872 1.24056
1.02376 1.23167
0.961962 1.28455
0.988776 1.26103
0.99405 1.25452
0.981355 1.26618
0.960398 1.28323
0.957892 1.28269
1.0552 1.19557
1.01748 1.22877
1.06676 1.1847
0.998026 1.2364
1.06374 1.18154
1.06409 1.17948
1.05072 1.18871
1.05493 1.18177
1.07609 1.1654
1.07812 1.15944
1.07225 1.15956
1.02215 1.21034
1.00469 1.22616
1.03287 1.19397
1.08116 1.14246
1.00151 1.22413
1.04363 1.17969
1.07744 1.14338
1.08313 1.12652
1.08098 1.12491
1.05934 1.15652
1.01421 1.20792
1.01079 1.21201
1.0109 1.21075
1.05845 1.14997
1.05234 1.15044
1.0449 1.15731
1.0105 1.20516
1.00358 1.21326
1.04414 1.156
0.999906 1.18647
0.929277 1.23703
0.926635 1.23969
0.880756 1.27262
0.847338 1.29741
0.90614 1.25566
1.01919 1.17759
0.976913 1.20791
0.895097 1.26759
0.919915 1.25056
0.920876 1.24987
0.929428 1.24361
0.944821 1.23299
0.948669 1.23607
0.930966 1.24823
0.934881 1.27401
0.94379 1.24183
0.942361 1.2498
0.942299 1.26258
0.951981 1.24043
0.953582 1.23592
0.959463 1.24451
0.996036 1.21094
1.00545 1.20799
1.00279 1.2118
0.977642 1.24174
0.948251 1.28992
0.934081 1.29194
0.922534 1.3047
0.918585 1.30907
0.914006 1.31383
0.903113 1.32607
0.919988 1.3061
0.884012 1.34417
0.872305 1.34218
0.872253 1.32972
0.880064 1.32195
0.886194 1.3333
0.886871 1.32726
0.890321 1.32271
0.894143 1.3207
0.921206 1.29773
0.905871 1.30882
0.901052 1.30531
0.899578 1.30517
0.890563 1.31876
0.90525 1.29014
0.912013 1.27916
0.916531 1.27072
0.923706 1.25298
0.905668 1.28515
0.897064 1.28637
0.87044 1.32005
0.865239 1.32566
0.863872 1.32826
0.839572 1.34886
0.867272 1.30574
0.882206 1.28177
0.871513 1.29481
0.838564 1.32501
0.876268 1.28518
0.845916 1.3146
0.84218 1.31618
0.834312 1.31376
0.818713 1.34194
0.828993 1.32603
0.835224 1.32545
0.816881 1.34552
0.81714 1.32508
0.813692 1.33983
0.7988 1.34229
0.810119 1.32507
0.823294 1.31318
0.809151 1.32214
0.849436 1.28986
0.973919 1.20378
0.986654 1.19476
1.00843 1.17905
1.03865 1.15654
0.925295 1.23695
1.00273 1.17956
0.998649 1.18136
0.990578 1.18068
0.985134 1.18664
0.968678 1.19481
0.937236 1.22056
0.958827 1.20781
0.944162 1.21688
0.910057 1.24078
0.965131 1.2055
0.823218 1.30644
0.872231 1.26634
0.840313 1.28463
0.8424 1.28286
0.853785 1.27514
0.867154 1.26712
0.813565 1.29653
0.808954 1.30931
0.810124 1.31483
0.77706 1.32566
0.769959 1.33136
0.769494 1.32869
0.76126 1.3345
0.798835 1.32451
0.787502 1.33199
0.755764 1.3421
0.729476 1.34818
0.928985 1.22252
0.930608 1.22049
0.899837 1.23904
0.883819 1.24919
0.8299 1.27789
0.938766 1.21318
0.98174 1.18299
0.99232 1.17629
0.942342 1.20349
0.995355 1.16856
0.952772 1.19551
0.917892 1.21744
0.934785 1.20637
0.887416 1.23528
0.791085 1.29985
0.764484 1.31323
0.74119 1.32809
0.72837 1.33768
0.725206 1.3367
0.707587 1.34359
0.7193 1.33791
0.693529 1.34928
0.685158 1.34819
0.724915 1.32773
0.739053 1.32088
0.735607 1.32766
0.788201 1.28435
0.775502 1.29623
0.759124 1.31397
0.810234 1.27828
0.843378 1.26283
0.847069 1.25681
0.854798 1.25446
0.9247 1.20833
0.90722 1.21378
0.801589 1.27548
0.735406 1.31534
0.746422 1.3081
0.752156 1.30331
0.817206 1.26589
0.735776 1.31022
0.708718 1.32673
0.733425 1.30971
0.713555 1.32042
0.679664 1.33855
0.664568 1.34497
0.663616 1.34492
0.661669 1.34309
0.680622 1.32577
0.730324 1.30268
0.823849 1.25861
0.879333 1.22685
0.796227 1.27066
0.798367 1.26862
0.739575 1.29561
0.751773 1.28843
0.863338 1.23249
0.924377 1.20234
1.02157 1.15498
1.01504 1.15495
1.0277 1.14726
0.885957 1.21847
0.808902 1.25716
0.681446 1.32124
0.720465 1.30107
0.872375 1.22404
0.687809 1.31357
0.924061 1.19745
0.899281 1.20799
0.932729 1.19158
0.998057 1.16071
0.986348 1.16471
1.01943 1.14835
1.02398 1.14419
0.987903 1.16318
0.813639 1.24986
0.789747 1.26034
0.749562 1.28043
0.773049 1.26823
0.961461 1.17164
0.947516 1.17646
0.920022 1.18987
0.980991 1.15723
0.864354 1.21796
0.793766 1.25365
0.702213 1.30014
0.670269 1.31473
0.700987 1.29888
0.922811 1.18584
0.628442 1.33497
0.696916 1.30018
0.799777 1.24794
0.963025 1.16521
0.614113 1.34185
0.646301 1.32391
0.606848 1.34184
0.599621 1.3441
0.593823 1.33631
0.607582 1.32804
0.604348 1.30573
0.605877 1.31331
0.614458 1.33641
0.609264 1.31577
0.620385 1.31968
0.632586 1.31255
0.635427 1.30364
0.624909 1.25961
0.619166 1.2659
0.597783 1.30822
0.582584 1.27358
0.585181 1.30198
0.580133 1.26784
0.582678 1.31163
0.579297 1.30121
0.586183 1.34861
0.582015 1.34904
0.572049 1.30464
0.572966 1.27948
0.570762 1.26754
0.564783 1.25984
0.54725 1.25226
0.543626 1.24936
0.540345 1.24695
0.569194 1.2524
0.59319 1.25574
0.572063 1.24618
0.584929 1.24187
0.598295 1.25533
0.608229 1.24753
0.622134 1.25241
0.62328 1.2442
0.614551 1.23546
0.606745 1.2363
0.604157 1.23164
0.585797 1.23934
0.593101 1.22771
0.563668 1.23638
0.550246 1.23124
0.594756 1.22321
0.586401 1.22206
0.573742 1.21583
0.57412 1.2111
0.56167 1.21184
0.562946 1.20867
0.555887 1.20248
0.545761 1.19669
0.541942 1.19642
0.534883 1.19724
0.534313 1.18842
0.530735 1.18915
0.527745 1.19015
0.526285 1.20095
0.527177 1.21472
0.52974 1.23273
0.533485 1.28164
0.533747 1.24068
0.534192 1.2554
0.538582 1.2642
0.543661 1.26353
0.558493 1.30398
0.548336 1.28775
0.545932 1.2922
0.541346 1.30159
0.554818 1.30317
0.545919 1.31059
0.567087 1.3368
0.566633 1.33807
0.572512 1.34935
0.549019 1.34257
0.550614 1.33775
0.545621 1.32047
0.537551 1.3219
0.534855 1.34725
0.525773 1.22941
0.523951 1.20741
0.522226 1.22534
0.522241 1.24055
0.520982 1.24987
0.525819 1.3176
0.518327 1.26615
0.516958 1.23236
0.518054 1.26752
0.505055 1.27041
0.50332 1.26191
0.503867 1.25717
0.500164 1.25483
0.515607 1.22712
0.508672 1.22444
0.496762 1.2526
0.514222 1.19
0.504171 1.17767
0.502687 1.18644
0.476796 1.15804
0.472675 1.15969
0.469334 1.18724
0.473438 1.19528
0.478731 1.20389
0.489182 1.20426
0.480927 1.21361
0.497314 1.24067
0.491353 1.24399
0.493602 1.24019
0.480911 1.22077
0.507637 1.28928
0.526537 1.33936
0.511326 1.33648
0.487076 1.34063
0.504569 1.34454
0.508491 1.34566
0.493395 1.34241
0.496664 1.34516
0.45057 1.33869
0.457471 1.33842
0.391733 1.33286
0.394769 1.33717
0.437251 1.34943
0.415601 1.34814
0.408323 1.34937
0.374183 1.34734
0.371042 1.34873
0.35328 1.34243
0.367063 1.34035
0.373802 1.33397
0.380389 1.3367
0.367448 1.3264
0.518832 1.3351
0.43463 1.32776
0.424098 1.27315
0.421598 1.24377
0.416447 1.26531
0.414766 1.31
0.413861 1.305
0.407084 1.30932
0.412766 1.26791
0.416345 1.21566
0.409581 1.26802
0.410236 1.24581
0.405841 1.19245
0.405245 1.21005
0.400201 1.31807
0.403559 1.21128
0.399549 1.20763
0.395802 1.21159
0.379592 1.25005
0.373832 1.26365
0.398175 1.23066
0.386104 1.25602
0.3807 1.26559
0.396072 1.27047
0.391885 1.28667
0.3864 1.28873
0.377623 1.27186
0.378948 1.2928
0.388655 1.30893
0.372152 1.29365
0.376274 1.31013
0.389079 1.3262
