1
500 1
-0.348305 -0.04517
-0.327771 -0.117302
-0.339861 -0.154115
-0.31558 -0.339573
-0.313804 -0.140614
-0.290537 -0.251469
-0.300951 -0.334914
-0.293347 -0.33497
-0.270016 -0.315329
-0.167954 -0.348245
-0.186846 -0.271512
-0.190981 -0.202466
-0.185756 -0.192838
-0.15852 -0.310561
-0.08509 -0.305713
-0.087416 -0.305031
-0.12418 -0.297768
-0.025828 -0.308757
0.000325 -0.347373
0.010265 -0.345369
0.015274 -0.339551
-0.054942 -0.266322
-0.037416 -0.252071
0.011656 -0.249311
0.063239 -0.240095
-0.020032 -0.243265
0.016157 -0.234357
0.01794 -0.202767
-0.046188 -0.209883
-0.12745 -0.237573
-0.071773 -0.209545
-0.120636 -0.223631
0.041837 -0.169571
0.034628 -0.163317
-0.037711 -0.195155
-0.153876 -0.177304
-0.010338 -0.139152
-0.040146 -0.138064
-0.161719 -0.170784
-0.08592 -0.123316
-0.061289 -0.103011
-0.045244 -0.092254
-0.067067 -0.099722
-0.097796 -0.099039
-0.07346 -0.03673
-0.023389 -0.064704
-0.021396 -0.060431
-0.014717 -0.050106
0.01955 -0.13617
0.029898 -0.129554
0.031639 -0.101242
0.051463 -0.118703
0.057418 -0.146905
0.110052 -0.021962
0.130337 -0.003237
0.194812 0.077409
0.062038 0.015971
0.041948 0.01627
0.138525 0.095019
0.023047 0.060422
-0.005316 0.045911
-0.023437 0.06796
-0.011452 0.172663
-0.006522 0.172135
0.028541 0.195051
0.050687 0.207841
-0.003831 0.127371
0.113906 0.179599
0.228607 0.173302
0.174662 0.168987
0.146029 0.174693
0.156887 0.149925
0.215824 0.118091
0.248802 0.170709
0.271057 0.129716
0.229725 0.114398
0.237227 0.065186
0.220491 0.084314
0.229155 0.035608
0.200626 0.044573
0.227148 0.024351
0.190905 -0.035878
0.132586 -0.177518
0.12054 -0.126071
0.114437 -0.144602
0.0615 -0.336815
0.143418 -0.167275
0.151093 -0.159148
0.196117 -0.070891
0.190513 -0.082418
0.283783 0.070772
0.306445 0.098025
0.250751 -0.040686
0.240519 -0.052656
0.233254 -0.068688
0.108728 -0.252218
0.158246 -0.217809
0.149171 -0.244808
0.163932 -0.248613
0.146457 -0.320792
0.143923 -0.328385
0.229152 -0.121052
0.193831 -0.212716
0.252312 -0.066784
0.163803 -0.30429
0.166307 -0.349085
0.224559 -0.178753
0.17867 -0.303719
0.311103 0.07155
0.236659 -0.162811
0.258626 -0.144249
0.258138 -0.174751
0.263669 -0.20631
0.241567 -0.332487
0.247877 -0.335471
0.253699 -0.327013
0.304449 -0.092042
0.278846 -0.244784
0.289974 -0.215489
0.294047 -0.218092
0.313311 -0.0867
0.344368 -0.044153
0.297448 -0.321945
0.318341 -0.304715
0.349264 -0.08385
0.354451 -0.16634
0.369805 -0.326785
0.371142 -0.338866
0.357606 -0.136415
0.361205 -0.15341
0.361128 -0.058623
0.357455 -0.035024
0.3527 -0.033933
0.359596 0.008074
0.365275 0.039904
0.370586 -0.236332
0.373674 -0.001285
0.373593 -0.071953
0.375254 -0.097849
0.375272 -0.109628
0.394079 -0.011391
0.400846 -0.135755
0.394632 -0.137626
0.386778 -0.175135
0.37348 -0.262121
0.372278 -0.27044
0.409749 -0.326305
0.406404 -0.311388
0.40231 -0.281946
0.408594 -0.239504
0.409636 -0.210601
0.411268 -0.229541
0.425671 -0.282952
0.416139 0.044453
0.434574 0.138627
0.449162 0.152119
0.442447 0.077077
0.46383 0.096276
0.454213 0.09999
0.50556 0.1983
0.496405 0.136012
0.520136 0.163777
0.493525 0.054913
0.527112 0.065124
0.486982 0.023293
0.422298 -0.001705
0.430303 -0.034025
0.452451 -0.001239
0.462241 -0.066221
0.454702 -0.106025
0.513863 0.028677
0.492174 -0.027305
0.482088 -0.052433
0.598089 0.166203
0.571054 0.112387
0.556753 0.080299
0.541679 0.041974
0.561777 0.047988
0.485483 -0.07689
0.498539 -0.060122
0.448185 -0.178792
0.524671 -0.014512
0.436802 -0.232405
0.455544 -0.198409
0.529234 -0.047409
0.459033 -0.212104
0.461779 -0.252127
0.458604 -0.276437
0.491178 -0.207493
0.495097 -0.19433
0.498591 -0.199513
0.52704 -0.074711
0.488817 -0.251897
0.547815 -0.075473
0.495869 -0.257461
0.554247 -0.078581
0.509449 -0.220488
0.537607 -0.151557
0.562138 -0.177173
0.495175 -0.290812
0.475016 -0.331183
0.52715 -0.263209
0.572601 -0.281389
0.582378 -0.311734
0.583626 -0.252509
0.564647 -0.187186
0.603048 -0.056519
0.602648 -0.13296
0.598186 -0.193438
0.649918 -0.324383
0.644863 -0.052775
0.643495 -0.199337
0.642883 0.010953
0.619749 -0.010902
0.594785 -0.028648
0.600505 -0.009249
0.625829 0.047905
0.635086 0.070351
0.60105 -0.00374
0.595712 -0.013606
0.627606 0.122435
0.61657 0.16937
0.644126 0.125406
0.645717 0.182032
0.622152 0.212899
0.612301 0.307431
0.604967 0.339519
0.64845 0.435507
0.587842 0.380752
0.58974 0.442781
0.584327 0.463966
0.6467 0.543471
0.642924 0.604828
0.609932 0.636842
0.547403 0.575079
0.544708 0.548397
0.532536 0.531485
0.563396 0.29762
0.552547 0.209848
0.551368 0.211751
0.541688 0.321064
0.521697 0.493994
0.49181 0.613577
0.462356 0.554565
0.492256 0.582517
0.496531 0.480295
0.506955 0.459977
0.527575 0.368555
0.537818 0.247288
0.516092 0.273152
0.499331 0.374966
0.487172 0.435886
0.458893 0.437477
0.442831 0.445671
0.436889 0.388862
0.428507 0.366807
0.422847 0.338126
0.455715 0.385802
0.455968 0.390547
0.475326 0.342927
0.493115 0.295767
0.459507 0.267973
0.490924 0.211651
0.470354 0.19963
0.436893 0.229615
0.46339 0.226612
0.440994 0.249688
0.421829 0.253762
0.405163 0.292206
0.35372 0.143528
0.337721 0.221496
0.322192 0.10177
0.30824 0.202421
0.315839 0.224238
0.263975 0.183995
0.26172 0.184952
0.286834 0.251551
0.303317 0.265826
0.314063 0.256028
0.311575 0.264568
0.368518 0.29693
0.316855 0.329493
0.353508 0.315784
0.379958 0.318948
0.391539 0.329769
0.405985 0.335998
0.389007 0.359975
0.374852 0.389532
0.350297 0.334186
0.302702 0.337105
0.399981 0.479343
0.410295 0.507169
0.395602 0.513044
0.431866 0.572319
0.41464 0.587029
0.426419 0.623198
0.398875 0.638001
0.356382 0.609956
0.360283 0.572642
0.338332 0.627215
0.338281 0.615436
0.308783 0.411491
0.324239 0.597179
0.301341 0.452484
0.27316 0.516778
0.266932 0.399418
0.249145 0.454298
0.164351 0.477657
0.144032 0.506657
0.220536 0.493589
0.094117 0.546343
0.134733 0.549552
0.255955 0.544384
0.278243 0.577681
0.275418 0.581436
0.231193 0.594086
0.289053 0.624925
0.260976 0.648555
0.141574 0.644241
0.250296 0.617041
0.010812 0.643169
0.011491 0.627186
0.010729 0.617252
-0.006051 0.604553
0.054658 0.600405
0.086459 0.597533
0.018834 0.58697
0.092918 0.596783
0.059976 0.56155
0.132048 0.576689
0.052157 0.552435
0.119739 0.460418
0.173318 0.446176
0.139348 0.42756
0.19391 0.427154
0.20181 0.416537
0.211077 0.378526
0.227866 0.381059
0.233771 0.341237
0.218153 0.342585
0.232824 0.314839
0.237455 0.278052
0.221611 0.287965
0.122334 0.433313
0.155492 0.375594
0.141383 0.369354
0.078048 0.466197
0.171884 0.308132
0.174972 0.300754
0.114669 0.400601
0.059487 0.488794
0.047196 0.508221
0.02263 0.541313
-0.041147 0.608254
-0.061547 0.580483
-0.008939 0.512245
0.07188 0.461301
0.110501 0.375753
0.157646 0.297337
0.175813 0.271175
0.182942 0.25993
0.067206 0.409658
-0.067615 0.582775
-0.037216 0.539276
-0.0221 0.514606
0.07546 0.392341
0.097535 0.358076
0.004113 0.470603
0.157375 0.279821
0.114566 0.30737
-0.005405 0.433362
-0.104583 0.590025
-0.062678 0.542517
0.063861 0.380631
-0.097642 0.593177
-0.13554 0.635177
-0.009058 0.422326
-0.08068 0.5313
-0.082702 0.527032
-0.117708 0.575429
-0.178507 0.645553
-0.169294 0.616596
-0.110601 0.539761
-0.229342 0.610526
-0.222523 0.595776
-0.115804 0.541803
-0.069936 0.453729
-0.117288 0.507078
-0.144467 0.552049
-0.144429 0.543931
-0.277712 0.617973
-0.267207 0.597428
0.016484 0.357154
-0.014716 0.379923
-0.088634 0.441003
0.134187 0.243983
-0.168303 0.506175
0.096305 0.275043
-0.011076 0.365254
-0.166445 0.496469
0.011703 0.327102
-0.19803 0.517233
-0.26051 0.560179
-0.203214 0.436466
-0.229581 0.463041
-0.24335 0.496727
-0.246533 0.505647
-0.243147 0.463385
-0.260743 0.535888
-0.290272 0.530366
-0.296003 0.540507
-0.289931 0.576253
-0.292812 0.56579
-0.310598 0.58508
-0.311953 0.582068
-0.328285 0.57034
-0.340796 0.513335
-0.332765 0.48049
-0.336876 0.466659
-0.342264 0.464857
-0.31737 0.446802
-0.311201 0.440602
-0.254991 0.426359
-0.324466 0.413489
-0.339284 0.286266
-0.294928 0.348614
-0.315284 0.243622
-0.262534 0.37445
-0.319112 0.212629
-0.240846 0.334334
-0.217694 0.370306
-0.175944 0.313699
-0.212047 0.246665
-0.274458 0.202152
-0.185607 0.225779
-0.08921 0.23392
-0.207806 0.396038
-0.181531 0.394576
-0.160953 0.374598
-0.122712 0.325048
-0.146637 0.372231
-0.132798 0.431331
-0.120755 0.377505
-0.09598 0.322233
-0.092382 0.310907
-0.087916 0.35743
-0.048298 0.342714
-0.023036 0.319214
-0.02191 0.259081
-0.007956 0.264993
0.014894 0.249027
0.020395 0.230051
-0.050063 0.212338
-0.076979 0.186016
-0.109838 0.158629
-0.153592 0.170244
-0.209119 0.155324
-0.211139 0.172637
-0.246275 0.180566
-0.219496 0.167488
-0.307743 0.138469
-0.314726 0.074997
-0.314513 0.071646
-0.276421 0.021994
-0.265972 0.018713
-0.25336 0.088325
-0.221467 0.024719
-0.181788 0.03202
-0.213647 0.00455
-0.138489 0.057796
-0.125818 0.08131
-0.111857 0.118964
-0.05298 0.09521
-0.055285 0.018498
-0.121708 -0.005345
-0.110367 0.008696
-0.229812 -0.006219
-0.225551 -0.044352
-0.229668 -0.052449
-0.112865 -0.01634
-0.127186 -0.038249
-0.158981 -0.102388
-0.195756 -0.083211
-0.20028 -0.10769
-0.212591 -0.170122
-0.219531 -0.2103
-0.227729 -0.23282
-0.230339 -0.16372
-0.233856 -0.100469
-0.252968 -0.197941
-0.269524 -0.154646
-0.266196 -0.284842
-0.30235 -0.072128
-0.290099 -0.008537
-0.285159 0.007441
-0.319149 0.033584
-0.325266 0.003247
-0.323458 -0.033153
-0.337976 -0.02483
-0.345054 0.025772
