1
500 1
0.251325 0.341012
0.260879 0.426699
0.261277 0.5076
0.263682 0.489819
0.32213 0.598145
0.287796 0.455878
0.281665 0.445331
0.301073 0.525893
0.27006 0.490363
0.28082 0.45599
0.272463 0.410758
0.271317 0.413266
0.269007 0.308956
0.299831 0.361367
0.319047 0.396322
0.325408 0.394224
0.372777 0.49482
0.416526 0.534154
0.349214 0.42084
0.351177 0.423611
0.443311 0.554671
0.443798 0.54767
0.467114 0.573816
0.426889 0.461152
0.430915 0.452002
0.446538 0.466473
0.413232 0.407313
0.368693 0.329009
0.355895 0.317162
0.304527 0.301574
0.375454 0.301164
0.521516 0.506319
0.48848 0.432459
0.4643 0.387659
0.526329 0.482769
0.504314 0.431994
0.472882 0.368859
0.593932 0.48689
0.490252 0.362129
0.519623 0.376656
0.376062 0.282476
0.387002 0.263309
0.472699 0.319939
0.463914 0.308336
0.470023 0.293169
0.519474 0.329649
0.587389 0.453365
0.766161 0.724327
0.60065 0.451161
0.682916 0.577692
0.714435 0.624209
0.615116 0.471226
0.500748 0.259434
0.55561 0.353038
0.617281 0.461396
0.642489 0.510386
0.691052 0.583823
0.728905 0.638844
0.789022 0.717665
0.797839 0.73065
0.796048 0.704822
0.690994 0.521151
0.653122 0.487555
0.571505 0.351385
0.5135 0.258988
0.563022 0.328597
0.680452 0.502443
0.831694 0.69697
0.814619 0.668425
0.672472 0.469232
0.623485 0.395954
0.619324 0.387364
0.557601 0.251743
0.649552 0.352511
0.593974 0.268979
0.663519 0.350349
0.669933 0.306281
0.744965 0.524828
0.766063 0.521754
0.728055 0.427218
0.768603 0.441935
0.701093 0.299339
0.75709 0.388113
0.746954 0.332007
0.713649 0.262305
0.73999 0.311017
0.788465 0.363706
0.790248 0.36838
0.789889 0.534633
0.800702 0.321018
0.80827 0.32457
0.818973 0.267577
0.831238 0.330046
0.863161 0.258896
0.863697 0.260571
0.864333 0.337135
0.871186 0.383359
0.844909 0.379429
0.834787 0.384336
0.860731 0.400485
0.817096 0.509523
0.843734 0.509384
0.864149 0.437863
0.865476 0.399606
0.879285 0.407194
0.906093 0.283882
0.960574 0.278425
0.925747 0.255635
0.976624 0.263329
1.01553 0.293261
0.945896 0.392274
1.04247 0.315351
1.05287 0.320592
1.06958 0.257184
1.10651 0.257452
1.13052 0.259103
1.09085 0.311732
1.16906 0.266805
1.19062 0.263862
1.22744 0.259286
1.16802 0.274295
1.19211 0.287372
1.23942 0.290096
1.19047 0.325024
1.18366 0.342472
1.17226 0.360369
1.14809 0.393449
1.14311 0.383755
1.09344 0.363216
1.13202 0.390464
1.04599 0.403195
1.07758 0.393521
1.06897 0.371158
1.00923 0.396067
1.02778 0.392389
1.0255 0.393517
1.00763 0.408436
1.01823 0.427116
0.971247 0.452422
0.98328 0.430964
0.924465 0.418976
0.918755 0.460556
0.942828 0.485105
1.17702 0.394529
1.1208 0.434174
0.964282 0.50857
1.16738 0.413809
1.19575 0.421962
1.20045 0.422308
1.24675 0.539932
1.2196 0.546606
1.18122 0.475842
1.15356 0.56594
1.10888 0.543347
1.15087 0.519618
1.09353 0.518553
1.14925 0.476197
1.13349 0.46935
1.16583 0.431592
1.15948 0.421462
1.10599 0.46143
1.0729 0.490731
1.03328 0.499945
1.02817 0.494221
1.05828 0.56301
1.05289 0.563912
1.07028 0.584554
1.17068 0.572613
1.11881 0.609134
1.20803 0.569068
1.08544 0.629204
1.12294 0.619078
1.16156 0.626948
1.16018 0.676764
1.24107 0.708477
1.19651 0.700718
1.11775 0.672037
1.11477 0.676468
1.219 0.732892
1.24312 0.734099
1.24642 0.763153
1.19723 0.752676
1.21646 0.770986
1.12814 0.720546
1.10521 0.695158
1.14244 0.750075
1.1619 0.790789
1.10879 0.787776
1.04834 0.694279
1.05644 0.679918
1.07453 0.661237
1.00887 0.604739
0.975532 0.548777
0.919196 0.564666
0.92125 0.597846
0.901823 0.582462
0.845867 0.594931
0.810577 0.593308
0.830797 0.620289
0.831436 0.656549
0.834604 0.631135
0.880198 0.620815
0.864501 0.637665
0.87664 0.630015
0.930367 0.629515
0.920703 0.634053
0.874137 0.681328
0.927884 0.66
0.942238 0.640123
0.972631 0.646083
0.878356 0.73218
0.873842 0.738821
0.942131 0.715856
0.948571 0.710527
1.00578 0.625623
1.01291 0.650421
1.02496 0.713007
0.997888 0.650583
0.986108 0.731888
0.980272 0.75457
0.992804 0.758193
1.04 0.743233
1.06457 0.78431
0.977369 0.778395
1.02667 0.814496
1.10081 0.869937
1.14001 0.900322
1.14849 0.893786
1.04235 0.804546
1.13133 0.798012
1.19212 0.809092
1.11644 0.815386
1.19476 0.815981
1.19284 0.841809
1.20726 0.835737
1.18316 0.899921
1.22151 0.896079
1.20633 0.961009
1.19337 0.957445
1.17649 0.946693
1.12633 0.905967
0.996188 0.800546
1.05619 0.866984
1.12505 0.915386
0.921252 0.779661
0.942852 0.797013
1.1463 0.961258
1.22436 1.02923
0.985355 0.84847
0.870376 0.769466
1.09158 0.942742
1.18412 1.00997
1.15199 0.988693
1.10678 0.993107
1.15314 1.04365
1.11266 1.03428
1.06142 0.992039
1.1027 0.98945
0.964632 0.885928
1.0433 0.943464
1.06114 0.935702
0.896678 0.828915
0.831035 0.767615
0.835972 0.787562
0.910654 0.882477
0.998613 0.960626
1.05772 1.00923
1.21071 1.15621
0.845385 0.831736
0.76571 0.764955
0.87412 0.867941
0.952879 0.938858
0.983305 0.956231
1.21838 1.16745
1.16652 1.14918
1.14126 1.1247
1.03067 1.07059
1.09495 1.12807
1.11793 1.14625
1.13668 1.1682
1.09201 1.15814
1.19995 1.21043
1.12757 1.2179
1.01546 1.24286
0.995239 1.2337
1.02609 1.2336
1.1002 1.20315
1.11043 1.19068
1.05182 1.19968
1.03361 1.20492
1.01136 1.20471
1.04009 1.16382
0.993156 1.21273
0.987775 1.12542
0.98565 1.13074
0.954269 1.22103
0.849108 1.23956
0.897347 1.23905
0.822219 1.24774
0.808504 1.24547
0.860568 1.21368
0.984444 1.12498
0.82374 1.19432
0.848838 1.17246
0.875126 1.15114
0.885473 1.12227
0.832811 1.12624
0.786653 1.14586
0.791417 1.15941
0.778216 1.18424
0.793412 1.20586
0.712884 1.19285
0.716236 1.18566
0.655866 1.18936
0.581016 1.19981
0.632663 1.21309
0.697723 1.19562
0.657235 1.21245
0.616824 1.2215
0.540934 1.20006
0.566115 1.23908
0.541352 1.2384
0.541389 1.23921
0.335822 1.22148
0.431511 1.2247
0.423446 1.18956
0.375814 1.18699
0.424783 1.17409
0.464751 1.17286
0.77734 1.14304
0.808111 1.12605
0.603248 1.14325
0.576899 1.14453
0.613929 1.13918
0.684826 1.1108
0.505705 1.15087
0.685385 1.08698
0.705605 1.09766
0.708298 1.07174
0.725651 1.07167
0.745097 1.09699
0.849397 1.10026
0.876307 1.06991
0.724983 1.06306
0.858612 1.02815
0.840681 1.03164
0.819163 1.03668
0.722118 1.04534
0.780415 0.993997
0.797593 0.989905
0.867191 1.01923
0.818808 0.974785
0.79728 0.9559
0.751615 0.956786
0.75689 0.938669
0.688105 0.928811
0.700437 0.945212
0.678825 0.953214
0.669483 0.973132
0.554293 1.09101
0.54012 1.11233
0.491803 1.12236
0.424471 1.15792
0.432864 1.11984
0.554002 1.07333
0.469173 1.09572
0.592992 0.965143
0.631035 0.93706
0.651639 0.921919
0.649028 0.917359
0.751674 0.882498
0.780627 0.905505
0.78026 0.896412
0.905701 1.02177
0.937374 1.04846
0.907969 1.01127
0.929795 1.03331
0.990732 1.07302
0.965905 1.02559
0.992123 1.00826
0.950335 0.962498
0.85987 0.938241
0.849644 0.928295
0.857828 0.930885
0.866069 0.925646
0.82059 0.892651
0.825382 0.877014
0.920892 0.938943
0.939361 0.949851
0.879936 0.895426
0.7916 0.825757
0.80425 0.841772
0.748233 0.820039
0.70693 0.849853
0.667075 0.83001
0.687835 0.869217
0.630037 0.916969
0.616532 0.910867
0.563696 0.972867
0.593089 0.946468
0.547171 0.996325
0.587835 0.877442
0.512714 0.993994
0.454405 1.09231
0.527635 0.956151
0.481598 1.01111
0.546487 0.894183
0.420164 1.09887
0.38113 1.15837
0.516644 0.933054
0.540033 0.894494
0.540261 0.894083
0.50589 0.944329
0.547995 0.882269
0.539729 0.875517
0.475399 0.930881
0.473891 0.901026
0.540835 0.824921
0.482591 0.882023
0.429921 0.933478
0.396068 1.03173
0.392883 1.04817
0.383905 1.07202
0.502823 0.924636
0.471601 0.974788
0.40393 1.07695
0.3343 1.13671
0.450462 0.841673
0.370772 0.967519
0.282756 1.24086
0.277788 1.19706
0.297468 1.17501
0.331798 1.03466
0.321353 1.05903
0.339634 0.984308
0.326791 1.00669
0.307174 1.07484
0.266781 1.07738
0.28447 0.98025
0.278686 0.927267
0.347215 0.865111
0.454576 0.833273
0.267382 0.882652
0.382374 0.844341
0.324247 0.841373
0.569401 0.785628
0.277971 0.841381
0.426293 0.805021
0.277935 0.825452
0.305639 0.807751
0.266257 0.758111
0.2783 0.749431
0.321125 0.740354
0.353636 0.742008
0.389312 0.723496
0.447339 0.772496
0.44911 0.723039
0.503605 0.74073
0.506026 0.747033
0.508428 0.751816
0.625645 0.744593
0.720272 0.746895
0.728056 0.708604
0.726546 0.699502
0.728735 0.694189
0.705061 0.721014
0.711694 0.669776
0.689317 0.650562
0.617739 0.64422
0.627798 0.676323
0.529506 0.69028
0.515419 0.709016
0.508748 0.703675
0.5147 0.67557
0.628789 0.590941
0.543138 0.650795
0.58555 0.615365
0.619769 0.557845
0.63048 0.530314
0.625994 0.529557
0.518663 0.573006
0.515269 0.597585
0.502261 0.631582
0.466805 0.656908
0.390153 0.670096
0.391316 0.653166
0.472965 0.586143
0.417847 0.60744
0.365007 0.500032
0.366167 0.515281
0.369968 0.55509
0.399325 0.595579
0.362901 0.571008
0.376386 0.598227
0.337219 0.619054
0.335792 0.649681
0.317728 0.659884
0.288052 0.648452
0.267232 0.600463
0.25932 0.543501
