1
500 1
-0.296921 0.212868
-0.284227 0.170965
-0.277415 0.184888
-0.266765 0.208333
-0.241803 0.232085
-0.068877 0.299495
-0.192232 0.24211
-0.082134 0.292739
-0.022789 0.290399
-0.190861 0.208573
-0.15444 0.245711
-0.255808 0.210431
-0.264882 0.173282
-0.271914 0.167735
-0.16063 0.20687
-0.228359 0.163061
-0.165792 0.199598
-0.207408 0.173529
0.019667 0.306311
0.001778 0.291119
-0.226898 0.157474
-0.110197 0.20864
-0.096981 0.13525
-0.092092 0.062054
-0.137824 0.055529
-0.140597 0.091983
-0.146306 0.091286
-0.138973 0.135656
-0.132649 0.174624
-0.162791 0.029693
-0.165325 0.087045
-0.156251 0.093764
-0.167877 0.1327
-0.173039 0.144876
-0.174272 0.142407
-0.201309 0.090367
-0.192256 0.059554
-0.181815 0.027258
-0.190045 0.00939
-0.177534 -0.016251
-0.196376 -0.078642
-0.128698 -0.176177
-0.124376 -0.171301
-0.133899 -0.16172
-0.112693 -0.159532
-0.095972 -0.165991
-0.099877 -0.18136
-0.095591 -0.181482
-0.069637 -0.183911
-0.03331 -0.225348
-0.152228 -0.028951
-0.158862 -0.017452
-0.038309 -0.177653
-0.026797 -0.198652
-0.043801 -0.133291
-0.094183 -0.065717
-0.101563 -0.041345
-0.066991 -0.080286
-0.056724 -0.053513
-0.065842 -0.033946
-0.059649 -0.032545
-0.072278 0.036534
-0.032006 -0.017284
-0.038527 -0.012489
-0.018942 -0.029521
-0.015499 -0.078149
0.005624 -0.075741
-0.000819 -0.107864
0.020609 -0.245979
0.036017 -0.268279
0.061885 -0.2268
0.136416 -0.282722
0.055097 -0.209689
0.038836 -0.140546
0.090786 -0.202181
-0.00091 -0.046737
-0.037669 0.015865
0.051044 -0.107444
0.009409 -0.03875
0.057711 -0.107544
0.001168 0.009773
-0.072826 0.108485
-0.034579 0.099286
-0.071407 0.12813
-0.097378 0.177256
-0.060315 0.170764
-0.08711 0.168064
-0.042882 0.169848
-0.048412 0.184171
-0.095079 0.182359
-0.054825 0.185276
-0.061723 0.195425
-0.068728 0.214838
-0.049371 0.218855
0.079565 -0.161157
0.041697 -0.035363
0.028827 0.015518
0.030646 0.015457
0.096861 -0.186404
0.056654 -0.048258
0.098353 -0.103849
0.081068 -0.067882
0.057178 -0.018148
0.075414 -0.010705
0.076458 -0.006898
0.021416 0.045647
0.064635 0.02245
0.101785 -0.059347
0.116514 -0.125283
0.124803 -0.144406
0.136727 -0.180412
0.131609 -0.129969
0.153528 -0.22397
0.16973 -0.293952
0.16639 -0.262669
0.177539 -0.285336
0.154118 -0.18225
0.143587 -0.152986
0.145996 -0.120883
0.148366 -0.145596
0.185886 -0.195131
0.165199 -0.172042
0.237626 -0.282226
0.185448 -0.158239
0.202292 -0.200721
0.206304 -0.219474
0.090506 -0.000293
0.029869 0.116924
0.065623 0.085339
0.117534 0.028263
-0.01124 0.18924
-0.000528 0.182039
0.047669 0.141607
0.125795 0.040796
0.12518 0.029302
0.188108 0.045282
0.206886 -0.034065
0.207536 -0.096674
0.160184 -0.024739
0.147219 -0.034756
0.167892 -0.10686
0.204322 -0.173944
0.259561 -0.280256
0.312212 -0.216299
0.31205 -0.24922
0.324381 -0.283733
0.322725 -0.204867
0.273566 -0.221515
0.25099 -0.151287
0.299044 -0.16696
0.276846 -0.138678
0.332505 -0.182232
0.302263 -0.115999
0.3546 -0.180566
0.363135 -0.159164
0.424444 -0.199047
0.40425 -0.165234
0.303658 -0.083746
0.342288 -0.105692
0.367265 -0.126634
0.377257 -0.119004
0.439647 -0.138245
0.371409 -0.101532
0.342547 -0.08606
0.207146 0.015825
0.276344 -0.013909
0.444703 -0.125434
0.486307 -0.151108
0.508461 -0.146087
0.521063 -0.143761
0.458734 -0.109239
0.456493 -0.104509
0.560346 -0.130378
0.566048 -0.13007
0.499613 -0.09333
0.471635 -0.079681
0.555644 -0.089611
0.580963 -0.086806
0.603277 -0.094745
0.602877 -0.07769
0.61247 -0.059824
0.627968 -0.026372
0.625756 0.005944
0.597838 -0.02756
0.593187 0.045791
0.576825 -0.022849
0.545809 -0.043789
0.594081 -0.036021
0.563153 -0.062705
0.535012 -0.054254
0.532211 -0.053246
0.487827 -0.034003
0.499485 -0.024796
0.52908 -0.012254
0.557805 0.03689
0.538666 0.02759
0.431307 0.130314
0.373698 0.146766
0.520894 0.032086
0.466404 0.069634
0.414495 0.109884
0.438683 0.084652
0.455259 0.068169
0.494 -0.008047
0.463261 -0.012124
0.456855 0.02227
0.402244 0.107384
0.432402 0.039208
0.424176 0.028742
0.428829 -0.039654
0.40498 0.027034
0.431257 -0.070164
0.389178 0.048178
0.375303 0.083469
0.363967 0.142062
0.35308 0.160616
0.29141 0.174171
0.321683 0.102108
0.340942 0.039566
0.34973 0.034185
0.410562 -0.101071
0.334547 0.034987
0.274527 0.107269
0.315271 0.063724
0.293461 0.13081
0.278089 0.152869
0.243727 0.180175
0.238088 0.16921
0.225205 0.181648
0.265515 0.095915
0.354271 -0.053047
0.167174 0.172488
0.159267 0.168425
0.210003 0.08277
0.256522 0.044857
0.349856 -0.050115
0.292864 -0.006067
0.243589 0.022367
0.067661 0.15312
0.258125 0.198111
0.093145 0.169989
0.235637 0.205472
0.153004 0.211565
0.043498 0.178901
-0.029684 0.222257
0.132638 0.217134
0.084965 0.225554
-0.046822 0.236076
-0.02323 0.252232
0.067934 0.263753
0.017332 0.286975
0.033696 0.294334
0.130707 0.272931
0.115097 0.288158
0.260331 0.218162
0.377912 0.167861
0.428581 0.155631
0.27164 0.218796
0.400721 0.179584
0.427924 0.194904
0.43719 0.156352
0.541415 0.082517
0.590254 0.061014
0.555702 0.085251
0.598135 0.066865
0.662359 0.025272
0.460308 0.173601
0.665713 0.050824
0.631282 0.076073
0.623065 0.084688
0.428404 0.206875
0.463112 0.187805
0.495089 0.169241
0.376568 0.245992
0.375394 0.250891
0.473695 0.19243
0.64468 0.119145
0.345991 0.276274
0.395787 0.313135
0.434131 0.296364
0.418837 0.274266
0.387285 0.264477
0.448741 0.230182
0.49835 0.241841
0.538229 0.223319
0.62496 0.154098
0.50194 0.282515
0.569949 0.223007
0.568687 0.227716
0.56819 0.2334
0.60034 0.215059
0.621487 0.192648
0.637618 0.197615
0.652075 0.216881
0.650189 0.241793
0.60097 0.259663
0.66831 0.246612
0.584542 0.26727
0.632328 0.286403
0.660716 0.25899
0.667577 0.320044
0.648454 0.327228
0.568343 0.304145
0.551415 0.302959
0.475451 0.327028
0.523984 0.309613
0.533289 0.291307
0.455382 0.331833
0.50863 0.320093
0.529554 0.317895
0.599105 0.327513
0.574515 0.413487
0.553027 0.402757
0.51911 0.381461
0.529422 0.357001
0.5516 0.339852
0.5268 0.345266
0.504245 0.34126
0.497039 0.368784
0.460128 0.352513
0.401258 0.419127
0.416835 0.420201
0.440368 0.418574
0.423888 0.43291
0.435428 0.429976
0.478107 0.405978
0.466447 0.429916
0.477908 0.416555
0.507191 0.427348
0.520586 0.397969
0.526427 0.420327
0.522885 0.45119
0.48185 0.446317
0.455126 0.459629
0.562121 0.479613
0.552477 0.489125
0.520183 0.476376
0.491852 0.49792
0.468171 0.485351
0.478783 0.494546
0.500385 0.523562
0.469678 0.570024
0.498028 0.561042
0.38473 0.627489
0.520164 0.57476
0.371319 0.663335
0.357954 0.656706
0.409942 0.621543
0.307133 0.6688
0.383915 0.593544
0.404626 0.587353
0.462789 0.537436
0.451456 0.51663
0.436045 0.508625
0.417076 0.567426
0.404212 0.541671
0.362011 0.506413
0.355086 0.53923
0.375208 0.555676
0.378068 0.565165
0.310383 0.618678
0.336556 0.546728
0.264876 0.681402
0.241203 0.685799
0.281851 0.620354
0.171291 0.694813
0.215038 0.642881
0.1457 0.687802
0.213268 0.624026
0.273295 0.568191
0.278909 0.574938
0.281071 0.579549
0.287835 0.572077
0.284095 0.558441
0.39477 0.410716
0.286968 0.545222
0.28029 0.544906
0.248557 0.566132
0.234441 0.569394
0.200452 0.581966
0.116875 0.65418
0.392972 0.399458
0.402204 0.390618
0.396808 0.38215
0.328678 0.423809
0.147351 0.58482
0.11527 0.613586
0.183721 0.581207
0.107546 0.651712
0.049222 0.670273
0.228759 0.508501
0.345214 0.405148
0.309264 0.430617
0.303434 0.431197
0.192894 0.520235
0.243079 0.481265
0.106729 0.590379
0.064019 0.634712
0.06812 0.620093
0.179361 0.514192
0.012554 0.654647
0.01578 0.630194
-0.008712 0.624569
-0.063707 0.623794
-0.08014 0.542279
-0.058091 0.569482
-0.038074 0.604042
-0.042222 0.578061
-0.032499 0.585182
-0.025705 0.572939
-0.015503 0.569238
9.1e-05 0.566476
0.005545 0.578207
0.205728 0.483491
-0.034441 0.532454
-0.027135 0.526346
0.27027 0.411415
0.068265 0.485779
-0.007498 0.507672
0.244012 0.417634
0.026884 0.481669
-0.078406 0.520703
-0.093078 0.517057
-0.176968 0.521981
-0.181865 0.514611
-0.111642 0.481184
0.017077 0.459533
0.020063 0.452292
0.201477 0.421356
0.048034 0.444417
-0.118611 0.468428
-0.151995 0.463638
-0.020674 0.440192
0.030687 0.424077
-0.001916 0.408141
0.03352 0.406318
0.227693 0.401976
0.339384 0.378551
0.303334 0.377817
0.232859 0.378427
0.367133 0.353872
0.282014 0.338556
0.153804 0.3761
0.132922 0.389582
0.095227 0.381242
0.026019 0.394498
-0.004158 0.382579
0.116595 0.365552
0.261781 0.336057
0.285696 0.330836
0.303516 0.325403
0.301193 0.325146
0.365251 0.307526
0.230944 0.329334
0.199418 0.33521
0.264274 0.30644
0.340463 0.29589
0.254049 0.277229
0.223672 0.287133
0.22557 0.239937
0.075607 0.335352
0.095783 0.311097
0.076727 0.323126
0.037672 0.349385
-0.00255 0.371255
0.030657 0.347542
-0.0784 0.407141
0.057307 0.330798
0.042727 0.331223
-0.096479 0.398173
-0.088274 0.390212
-0.112947 0.396944
-0.125912 0.37735
-0.147833 0.335702
-0.167749 0.334636
-0.196855 0.348123
-0.121058 0.410352
-0.164948 0.388707
-0.181658 0.39547
-0.158101 0.426092
-0.186082 0.409267
-0.230332 0.416019
-0.272233 0.360649
-0.284007 0.286731
-0.281156 0.266299
-0.231386 0.304351
-0.049516 0.366128
-0.03935 0.366139
-0.090957 0.345755
-0.058465 0.344271
-0.123869 0.288217
-0.098341 0.316763
-0.08662 0.331498
-0.145662 0.287376
-0.121325 0.320536
-0.155898 0.306364
-0.274313 0.238235
-0.234239 0.256945
-0.199041 0.268973
-0.266874 0.228369
