1
5000 1
0.050362 0.988851
0.054359 0.954392
0.055898 0.958366
0.079411 0.927187
0.052977 0.950183
0.071344 0.928774
0.056026 0.935573
0.076621 0.917802
0.066723 0.920903
0.054731 0.916991
0.056253 0.910902
0.073632 0.90767
0.05287 0.908917
0.060847 0.874111
0.066613 0.878403
0.099304 0.891412
0.065745 0.8729
0.068394 0.864411
0.051611 0.810132
0.05797 0.826651
0.055524 0.810782
0.068935 0.812168
0.06721 0.812849
0.05856 0.81738
0.069873 0.855187
0.078699 0.81886
0.07972 0.814257
0.085012 0.819336
0.080045 0.830153
0.08357 0.849538
0.103295 0.824314
0.092413 0.840387
0.084234 0.850764
0.081949 0.855045
0.088919 0.865375
0.098576 0.852162
0.109757 0.87233
0.112393 0.87806
0.122011 0.932838
0.131749 0.992404
0.132206 0.990642
0.131736 0.986187
0.123529 0.919064
0.140699 0.983975
0.131525 0.941287
0.127029 0.91601
0.116529 0.855831
0.132966 0.923405
0.13899 0.95356
0.151282 1.00509
0.123114 0.852936
0.138536 0.935681
0.1445 0.96606
0.149639 0.990531
0.147264 0.969036
0.156442 0.992749
0.147478 0.948926
0.152929 0.96718
0.156088 0.979516
0.149135 0.949329
0.138536 0.90232
0.11974 0.829364
0.122649 0.836278
0.13963 0.89721
0.125815 0.830417
0.146372 0.920465
0.134778 0.865867
0.162742 0.992885
0.204713 1.02845
0.205156 1.01819
0.188295 1.01076
0.204678 1.01509
0.180871 1.00301
0.163159 0.987255
0.16524 0.985639
0.18728 1.00084
0.167896 0.980182
0.168366 0.978837
0.160286 0.958942
0.181743 0.980254
0.196023 1.00071
0.205591 1.01162
0.207955 1.01451
0.193595 0.992916
0.167037 0.946989
0.149201 0.916731
0.175544 0.958934
0.165431 0.940632
0.201605 0.997608
0.196652 0.984974
0.162468 0.908305
0.161077 0.931775
0.151697 0.915234
0.148279 0.912588
0.149664 0.887788
0.147776 0.884294
0.140606 0.864882
0.138962 0.855776
0.146748 0.871905
0.181644 0.948956
0.206936 1.00412
0.199307 0.985544
0.211095 1.00115
0.192343 0.962386
0.171973 0.920847
0.141186 0.857612
0.17415 0.921479
0.176303 0.92375
0.160992 0.877552
0.150149 0.856406
0.163496 0.893557
0.154377 0.872143
0.138671 0.835094
0.191923 0.858694
0.219818 0.865234
0.233672 0.869736
0.218342 0.851724
0.228189 0.853943
0.229493 0.845765
0.229457 0.834659
0.2163 0.843483
0.216515 0.838
0.236136 0.819369
0.223 0.828521
0.218316 0.827597
0.219105 0.829583
0.202862 0.831104
0.189222 0.838079
0.208618 0.840588
0.181479 0.839645
0.157761 0.836798
0.159716 0.834432
0.166879 0.829343
0.20315 0.82091
0.211013 0.816294
0.233661 0.809734
0.240007 0.795388
0.220828 0.799902
0.232585 0.785001
0.230327 0.786675
0.206099 0.806382
0.216387 0.794112
0.239156 0.77483
0.223553 0.779954
0.21568 0.78674
0.196843 0.797744
0.203074 0.793976
0.180653 0.807124
0.186089 0.811627
0.179756 0.814864
0.157391 0.821042
0.163164 0.812157
0.171681 0.807298
0.233426 0.767938
0.227319 0.769212
0.193942 0.789126
0.215559 0.773453
0.177707 0.793035
0.174203 0.792947
0.159119 0.806331
0.133837 0.829216
0.128169 0.826771
0.129029 0.824956
0.130379 0.820713
0.15341 0.804407
0.154091 0.801187
0.163765 0.787179
0.170962 0.778243
0.163811 0.780125
0.141583 0.808934
0.149236 0.792777
0.138824 0.803026
0.128826 0.803738
0.126614 0.803811
0.12319 0.79714
0.145904 0.785565
0.150063 0.783019
0.105509 0.802265
0.090401 0.804701
0.104993 0.793917
0.126744 0.783697
0.116115 0.785216
0.108408 0.784096
0.156122 0.776519
0.136264 0.777323
0.115815 0.774097
0.109604 0.776642
0.100713 0.760688
0.100034 0.757082
0.11006 0.75953
0.11887 0.755739
0.143464 0.768529
0.141807 0.74151
0.109963 0.726849
0.133933 0.733658
0.126975 0.72477
0.140288 0.730322
0.143981 0.732713
0.138063 0.724888
0.135582 0.720851
0.13855 0.723333
0.195866 0.749133
0.157418 0.745393
0.166545 0.753773
0.186826 0.752994
0.177308 0.757672
0.232956 0.765577
0.2083 0.749067
0.21858 0.75033
0.209179 0.745597
0.180958 0.724523
0.195136 0.704429
0.184611 0.706625
0.181396 0.692265
0.174755 0.675247
0.182715 0.674851
0.185839 0.689256
0.183828 0.67375
0.180464 0.664297
0.180384 0.663752
0.180267 0.661763
0.188482 0.678061
0.186187 0.668263
0.191461 0.679101
0.197765 0.69516
0.192643 0.68347
0.202969 0.710466
0.209512 0.731049
0.215753 0.727512
0.206136 0.703291
0.232266 0.753742
0.229003 0.744049
0.232177 0.737485
0.238094 0.717067
0.237818 0.707623
0.241632 0.723167
0.24609 0.669207
0.240761 0.640735
0.235043 0.644589
0.231237 0.634601
0.228673 0.662193
0.221585 0.680646
0.217897 0.66044
0.218396 0.641159
0.227761 0.652579
0.218619 0.621817
0.217172 0.625217
0.214469 0.661702
0.213449 0.614371
0.213442 0.659125
0.213336 0.661476
0.21288 0.662172
0.209168 0.64049
0.207779 0.619335
0.196338 0.616139
0.203276 0.615777
0.204147 0.615602
0.193741 0.609623
0.186197 0.605937
0.185624 0.606346
0.201699 0.650256
0.208901 0.670167
0.209076 0.682882
0.195231 0.664606
0.189887 0.651253
0.183421 0.619833
0.167988 0.615995
0.165994 0.624654
0.176319 0.704627
0.170595 0.719544
0.165266 0.690668
0.162894 0.697118
0.158208 0.689116
0.157171 0.684761
0.157785 0.729428
0.144812 0.722056
0.145334 0.673843
0.14575 0.648056
0.134366 0.665975
0.139912 0.649534
0.142635 0.650295
0.139652 0.633309
0.136035 0.649637
0.131749 0.664546
0.130315 0.662965
0.133926 0.650994
0.147925 0.583342
0.146363 0.589051
0.139416 0.600445
0.14059 0.605073
0.127946 0.642745
0.135598 0.607108
0.137486 0.594198
0.116259 0.676971
0.115958 0.682314
0.114509 0.680783
0.08741 0.784842
0.082791 0.799443
0.105739 0.70752
0.095488 0.737667
0.095733 0.725379
0.099024 0.703287
0.098803 0.696788
0.093978 0.703633
0.093121 0.702015
0.084856 0.749219
0.080417 0.775936
0.078507 0.777143
0.070919 0.7753
0.06811 0.789266
0.07854 0.72646
0.08163 0.708913
0.073632 0.751954
0.070069 0.764412
0.073976 0.723435
0.06395 0.785266
0.068226 0.753959
0.051846 0.766614
0.058184 0.74084
0.055886 0.734332
0.066319 0.735666
0.070897 0.721069
0.065758 0.721108
0.072658 0.711496
0.056207 0.7133
0.063424 0.707455
0.072041 0.699771
0.090288 0.683103
0.073979 0.696435
0.085186 0.68374
0.1074 0.668391
0.087929 0.666835
0.108218 0.661298
0.094696 0.652865
0.0635 0.674035
0.072979 0.665225
0.090444 0.646489
0.055774 0.678293
0.091946 0.619895
0.082996 0.629809
0.063256 0.655895
0.058258 0.626967
0.058607 0.635285
0.06094 0.650595
0.050444 0.596465
0.056105 0.60751
0.068747 0.632747
0.072923 0.623905
0.076202 0.628025
0.050891 0.574175
0.081004 0.611985
0.064578 0.572183
0.066242 0.560181
0.051081 0.568458
0.061463 0.549297
0.063911 0.54625
0.075764 0.571339
0.08363 0.584056
0.089274 0.565083
0.093113 0.588615
0.096289 0.629513
0.096049 0.608011
0.090688 0.568129
0.091454 0.560007
0.104583 0.647757
0.116044 0.636524
0.096895 0.574469
0.105333 0.574762
0.106557 0.587788
0.112663 0.595511
0.115035 0.628893
0.117945 0.631803
0.124706 0.624061
0.113342 0.57254
0.123011 0.594174
0.127325 0.589132
0.129825 0.573516
0.063128 0.539874
0.070097 0.511527
0.07311 0.399545
0.071438 0.384251
0.070854 0.414293
0.070529 0.426451
0.06461 0.430091
0.056019 0.491283
0.051522 0.529404
0.056811 0.447176
0.051093 0.51766
0.053021 0.400774
0.055716 0.377642
0.060364 0.33301
0.061831 0.330626
0.060416 0.324411
0.074312 0.322908
0.069814 0.342713
0.070027 0.343497
0.076264 0.361612
0.071612 0.361738
0.070344 0.362033
0.076344 0.391089
0.077202 0.378828
0.076781 0.435132
0.079276 0.432686
0.072187 0.532679
0.085312 0.518629
0.084259 0.511662
0.079287 0.4773
0.078731 0.477356
0.082478 0.455098
0.085158 0.444956
0.0838 0.412644
0.086945 0.392711
0.085229 0.381848
0.091902 0.360365
0.086062 0.348052
0.101919 0.365081
0.091808 0.345564
0.084453 0.333695
0.106999 0.361165
0.11241 0.348594
0.127474 0.362471
0.115894 0.378381
0.116169 0.378163
0.116052 0.379715
0.125724 0.369964
0.135725 0.370885
0.125994 0.382869
0.119697 0.396082
0.14734 0.390914
0.117004 0.409752
0.111445 0.410657
0.107937 0.405277
0.101828 0.402583
0.088069 0.41594
0.097115 0.443493
0.096256 0.415862
0.114386 0.440016
0.122058 0.433416
0.135488 0.416587
0.128238 0.427375
0.108698 0.457551
0.08919 0.482561
0.090499 0.495241
0.113453 0.464513
0.111282 0.480147
0.123407 0.462989
0.124644 0.48519
0.112886 0.509702
0.109155 0.495438
0.110358 0.522932
0.104617 0.493342
0.088313 0.527421
0.093674 0.543703
0.105734 0.549336
0.116654 0.529335
0.117492 0.540842
0.123775 0.567101
0.122482 0.541554
0.123711 0.540893
0.123596 0.524483
0.131265 0.569298
0.155015 0.57034
0.165687 0.560737
0.16131 0.545288
0.134637 0.535305
0.131905 0.518538
0.140865 0.52373
0.167149 0.536472
0.149516 0.51972
0.168263 0.53441
0.141589 0.500648
0.130279 0.490337
0.127919 0.484702
0.133107 0.473886
0.139162 0.475762
0.166402 0.495454
0.167688 0.498216
0.175399 0.514277
0.181697 0.515839
0.172718 0.485592
0.162442 0.479729
0.16626 0.479821
0.168446 0.48034
0.16885 0.475996
0.153119 0.473395
0.183343 0.470544
0.190262 0.467501
0.18964 0.464097
0.189147 0.464206
0.169328 0.467978
0.156761 0.462824
0.136165 0.45753
0.148601 0.454167
0.145898 0.449441
0.153457 0.442233
0.139542 0.417777
0.151396 0.422383
0.139514 0.415312
0.147679 0.416249
0.171784 0.43325
0.174227 0.433796
0.176918 0.441029
0.17004 0.439294
0.192771 0.457358
0.176231 0.431413
0.157822 0.395354
0.130173 0.355702
0.124866 0.350671
0.14247 0.356367
0.146667 0.36187
0.156867 0.373816
0.169515 0.35627
0.187477 0.424247
0.183093 0.424469
0.191345 0.443195
0.191188 0.413177
0.187634 0.3823
0.191367 0.402394
0.191538 0.401551
0.191502 0.397057
0.189225 0.380785
0.186191 0.36728
0.194071 0.362229
0.199317 0.360051
0.199714 0.40241
0.201964 0.39635
0.210699 0.359541
0.206825 0.423049
0.203611 0.422178
0.19905 0.410621
0.202899 0.431415
0.199754 0.452722
0.20116 0.448912
0.227798 0.370986
0.215439 0.4213
0.224832 0.408649
0.2353 0.398069
0.246265 0.394266
0.253691 0.392954
0.257943 0.406842
0.246587 0.399783
0.25728 0.422486
0.24204 0.436144
0.23202 0.437309
0.231602 0.438306
0.22734 0.429868
0.2166 0.444704
0.215795 0.446354
0.245053 0.448637
0.234475 0.457926
0.219426 0.467363
0.219541 0.467758
0.212567 0.508777
0.211485 0.508349
0.214548 0.469651
0.214237 0.471192
0.20955 0.444994
0.209826 0.490314
0.207169 0.488327
0.199932 0.521313
0.196376 0.535049
0.194281 0.54264
0.191646 0.548139
0.20328 0.471432
0.201208 0.474988
0.222603 0.388243
0.194375 0.496683
0.182195 0.526805
0.168191 0.581
0.167517 0.583761
0.181278 0.542168
0.171832 0.576688
0.167376 0.590535
0.190757 0.585747
0.184139 0.585985
0.197145 0.571123
0.216384 0.579876
0.228712 0.620061
0.24852 0.622721
0.237698 0.592342
0.24266 0.593816
0.245319 0.598298
0.248744 0.593552
0.248494 0.569862
0.252173 0.549377
0.253865 0.52704
0.23307 0.537084
0.229226 0.539195
0.246521 0.509887
0.231983 0.520845
0.220261 0.535741
0.19126 0.560949
0.231708 0.489143
0.207576 0.530092
0.208229 0.527382
0.212511 0.520209
0.19675 0.542709
0.24665 0.459438
0.259465 0.442331
0.249315 0.460567
0.250152 0.461954
0.243829 0.477844
0.233208 0.504739
0.254376 0.462864
0.261765 0.44732
0.267888 0.443172
0.265099 0.474652
0.262112 0.5071
0.260508 0.534952
0.256845 0.594182
0.257372 0.553146
0.25233 0.613956
0.255836 0.591404
0.25494 0.612268
0.235591 0.873706
0.243043 0.786106
0.248666 0.729919
0.241935 0.820682
0.239965 0.85184
0.245731 0.847277
0.242667 0.888055
0.248727 0.880467
0.252642 0.817836
0.253383 0.826052
0.254516 0.814107
0.252675 0.803922
0.251709 0.756893
0.256999 0.774667
0.25925 0.661091
0.257046 0.757178
0.255592 0.726266
0.257563 0.659731
0.262084 0.538184
0.267861 0.467418
0.26579 0.530289
0.263805 0.591888
0.270784 0.398239
0.274397 0.406339
0.267941 0.537987
0.275134 0.416099
0.274049 0.448117
0.257876 0.767372
0.265805 0.643639
0.256945 0.843874
0.260466 0.794334
0.262719 0.847432
0.264002 0.862488
0.26368 0.829863
0.269794 0.697005
0.267811 0.6866
0.273927 0.527965
0.268107 0.661249
0.2731 0.542656
0.274602 0.491902
0.279064 0.398404
0.280778 0.423262
0.283624 0.398695
0.277499 0.485845
0.276578 0.48137
0.27361 0.58924
0.273815 0.596184
0.276165 0.549205
0.272152 0.678547
0.268397 0.772899
0.272703 0.678368
0.27033 0.742165
0.266307 0.827143
0.266257 0.84601
0.270842 0.742388
0.271336 0.736315
0.269625 0.823129
0.271245 0.853332
0.275944 0.6505
0.282515 0.468702
0.284912 0.508215
0.284881 0.513213
0.275671 0.670435
0.289164 0.509355
0.291389 0.513806
0.302466 0.6146
0.287476 0.546229
0.294513 0.584819
0.294395 0.602567
0.297599 0.642412
0.304229 0.636558
0.301906 0.646599
0.300657 0.682285
0.298459 0.697563
0.298448 0.66509
0.293187 0.659987
0.289852 0.630096
0.285262 0.620148
0.283041 0.619701
0.292705 0.666545
0.283714 0.631981
0.283036 0.648166
0.283234 0.660919
0.283952 0.669508
0.290223 0.73425
0.287178 0.763115
0.283351 0.753714
0.281313 0.642868
0.276031 0.705247
0.275766 0.729284
0.276645 0.776202
0.273081 0.788758
0.274027 0.793657
0.272452 0.82509
0.27405 0.832945
0.279143 0.811617
0.282969 0.825052
0.288027 0.767834
0.297017 0.790152
0.294042 0.755923
0.295835 0.749106
0.299859 0.706646
0.305221 0.671533
0.306255 0.673489
0.308372 0.681273
0.300687 0.731153
0.307861 0.72699
0.304639 0.743449
0.31208 0.758891
0.302928 0.791329
0.288498 0.831006
0.281336 0.856842
0.278632 0.836617
0.277105 0.833583
0.274515 0.847502
0.267769 0.895508
0.276674 0.883574
0.277959 0.884522
0.275323 0.890078
0.277011 0.896407
0.291348 0.909722
0.290232 0.897722
0.292377 0.890417
0.296844 0.894639
0.302091 0.900974
0.321287 0.905792
0.313802 0.896493
0.303251 0.887541
0.304315 0.878883
0.302463 0.87077
0.297203 0.868874
0.301226 0.853585
0.322113 0.871798
0.319384 0.844788
0.318541 0.830476
0.298598 0.831311
0.310515 0.837985
0.293033 0.832798
0.298825 0.81278
0.300965 0.809601
0.303127 0.816437
0.317097 0.804663
0.316941 0.804112
0.315599 0.764894
0.299443 0.560321
0.293809 0.4908
0.334268 0.962853
0.323329 0.808756
0.333612 0.925208
0.333342 0.909809
0.338851 0.89362
0.347412 0.900983
0.336132 0.880044
0.341319 0.88293
0.327167 0.824253
0.32486 0.795918
0.336944 0.847298
0.342689 0.869173
0.347322 0.870291
0.353011 0.892171
0.360214 0.918719
0.364202 0.923836
0.36733 0.924835
0.381842 0.943811
0.373364 0.946218
0.360176 0.962885
0.360244 0.945939
0.346744 0.929323
0.343492 0.920138
0.3366 0.914027
0.34099 0.926345
0.336478 0.941138
0.338803 0.951135
0.342398 0.961933
0.346841 0.964655
0.354915 0.956231
0.349161 0.975335
0.348948 0.976053
0.346853 1.00246
0.347376 1.00661
0.348015 1.02119
0.354421 0.983233
0.359069 1.01125
0.362839 0.997665
0.374584 1.00258
0.373421 0.983813
0.369557 0.981699
0.358305 0.969783
0.375803 0.953605
0.387806 0.959718
0.374703 0.97922
0.385501 0.98254
0.392501 0.978534
0.390471 0.965696
0.39226 0.968586
0.411238 0.961955
0.438999 0.954234
0.413876 0.96665
0.416092 0.969039
0.43078 0.966401
0.425436 0.973408
0.411824 0.980837
0.399946 0.988261
0.402778 0.99227
0.453747 0.968309
0.430456 0.978268
0.477991 0.954226
0.495021 0.945946
0.470048 0.949925
0.487519 0.943521
0.497471 0.944471
0.572637 0.902858
0.550414 0.911744
0.516864 0.92583
0.469737 0.93876
0.504814 0.925298
0.467827 0.935805
0.456259 0.938068
0.444072 0.941312
0.405189 0.946502
0.413336 0.942434
0.496538 0.918595
0.55728 0.904321
0.601328 0.890924
0.547154 0.905497
0.596487 0.889746
0.585413 0.891787
0.478304 0.917502
0.470783 0.919192
0.477734 0.917494
0.508147 0.909349
0.541501 0.899572
0.549993 0.894772
0.618751 0.873958
0.465581 0.918473
0.498736 0.907083
0.52229 0.898102
0.504301 0.903066
0.47835 0.906713
0.533753 0.890011
0.560835 0.886432
0.554706 0.891956
0.574839 0.883136
0.619431 0.873159
0.573724 0.882974
0.57363 0.880832
0.605852 0.874462
0.608098 0.862456
0.576288 0.877522
0.58445 0.869672
0.553649 0.870582
0.546064 0.871464
0.544262 0.869322
0.542912 0.868406
0.530788 0.874779
0.563619 0.875448
0.51437 0.877699
0.485651 0.893701
0.536645 0.885773
0.469147 0.907422
0.450873 0.91522
0.43516 0.920528
0.408941 0.928123
0.395594 0.933958
0.396279 0.932897
0.428309 0.896445
0.472796 0.877059
0.47136 0.874244
0.507365 0.868884
0.500293 0.868482
0.433352 0.87288
0.514548 0.864907
0.526691 0.864327
0.49416 0.856297
0.455874 0.862878
0.467669 0.841962
0.475973 0.843318
0.499494 0.851388
0.502321 0.848223
0.510223 0.85298
0.49887 0.844837
0.479781 0.835435
0.460021 0.830566
0.485858 0.82959
0.491132 0.824276
0.567705 0.831435
0.537981 0.830222
0.520877 0.832345
0.51771 0.833098
0.540713 0.837314
0.538126 0.845906
0.571903 0.847822
0.578423 0.851091
0.602011 0.852127
0.580637 0.852905
0.540203 0.854627
0.583508 0.856661
0.527145 0.859505
0.555579 0.860077
0.616976 0.859638
0.623121 0.859153
0.659576 0.855433
0.617267 0.856277
0.62974 0.851975
0.660309 0.851769
0.636902 0.843696
0.633399 0.840645
0.622875 0.837893
0.671993 0.842942
0.654964 0.840815
0.59968 0.833425
0.568025 0.829723
0.520263 0.824318
0.493463 0.821143
0.581955 0.828802
0.627304 0.835799
0.675184 0.839622
0.698759 0.840922
0.70977 0.840139
0.717891 0.833903
0.72176 0.824624
0.726335 0.820489
0.733758 0.816187
0.730885 0.823772
0.731079 0.823748
0.748865 0.811181
0.751718 0.80815
0.7737 0.803912
0.74539 0.795248
0.717591 0.812694
0.693383 0.816039
0.717474 0.804015
0.685327 0.814767
0.707968 0.801577
0.698876 0.801305
0.659271 0.816436
0.644269 0.82741
0.62862 0.831793
0.625078 0.813461
0.623353 0.814066
0.619069 0.820591
0.624487 0.83286
0.589823 0.825314
0.594454 0.817426
0.620678 0.811168
0.592562 0.814074
0.55843 0.817719
0.547247 0.817649
0.543328 0.814922
0.554309 0.813033
0.555827 0.811154
0.548638 0.810332
0.631268 0.803702
0.646239 0.802442
0.649937 0.801159
0.700631 0.799764
0.668558 0.800174
0.660219 0.800158
0.684971 0.786783
0.693472 0.782781
0.667353 0.794508
0.664265 0.783404
0.706759 0.774251
0.685762 0.793293
0.737265 0.77728
0.716751 0.791098
0.719188 0.790416
0.731784 0.783303
0.738268 0.780449
0.729284 0.785807
0.753256 0.785997
0.763926 0.772646
0.768825 0.772312
0.768504 0.768602
0.763602 0.768795
0.745282 0.742798
0.746631 0.756451
0.73814 0.743036
0.728123 0.747292
0.722291 0.754241
0.709419 0.747188
0.69129 0.756184
0.664207 0.761868
0.675922 0.748317
0.682016 0.746608
0.702676 0.743047
0.710297 0.740777
0.72793 0.740218
0.726305 0.730349
0.754728 0.720481
0.744653 0.722177
0.753891 0.71638
0.726658 0.718004
0.730998 0.71273
0.712436 0.721395
0.679473 0.740309
0.687602 0.721179
0.728477 0.708403
0.720836 0.690137
0.698598 0.704881
0.738304 0.660287
0.719193 0.680206
0.688496 0.714611
0.684613 0.720312
0.705732 0.685006
0.67334 0.737321
0.712643 0.669515
0.729895 0.64278
0.735955 0.629735
0.735066 0.630464
0.723649 0.598676
0.723584 0.573829
0.722628 0.565758
0.712874 0.545494
0.718752 0.605562
0.712397 0.608383
0.713288 0.623675
0.706074 0.592243
0.709653 0.610341
0.701183 0.580103
0.700404 0.58864
0.697403 0.615079
0.701573 0.58216
0.709424 0.612536
0.700095 0.627581
0.713106 0.645097
0.70329 0.635577
0.707217 0.643106
0.716325 0.660456
0.700681 0.680112
0.698958 0.677576
0.696942 0.694925
0.677087 0.715026
0.681957 0.696319
0.664704 0.732825
0.668115 0.721583
0.659496 0.740708
0.678221 0.683116
0.691557 0.640309
0.668198 0.70024
0.682998 0.665914
0.660953 0.729
0.663248 0.707281
0.671859 0.662177
0.678271 0.635644
0.698197 0.575325
0.698199 0.567398
0.713008 0.523071
0.697692 0.561003
0.676887 0.5972
0.675586 0.605109
0.671046 0.635323
0.663906 0.686591
0.663234 0.65848
0.660488 0.70042
0.656758 0.712447
0.654255 0.683978
0.649843 0.713817
0.638153 0.751427
0.655007 0.74501
0.654796 0.761486
0.649483 0.789933
0.647491 0.786795
0.643424 0.782924
0.640701 0.753405
0.639825 0.769141
0.635956 0.77773
0.62803 0.8019
0.627448 0.786414
0.631656 0.76258
0.619388 0.799579
0.661163 0.649812
0.618283 0.801602
0.625152 0.775618
0.662006 0.644875
0.62087 0.789791
0.601917 0.778201
0.562276 0.783738
0.617218 0.791414
0.591831 0.795755
0.612039 0.795501
0.578021 0.798203
0.587064 0.801571
0.558517 0.79967
0.551923 0.804277
0.546267 0.807854
0.466369 0.814054
0.51993 0.807776
0.498602 0.804496
0.511258 0.79818
0.479611 0.793768
0.50753 0.79707
0.486017 0.784476
0.524241 0.779916
0.614939 0.769842
0.599104 0.769868
0.622497 0.766842
0.620064 0.761337
0.621202 0.761082
0.500193 0.779999
0.494208 0.777758
0.517756 0.772032
0.530318 0.764695
0.616232 0.761159
0.53368 0.762162
0.521142 0.750948
0.528326 0.742212
0.547651 0.742796
0.533031 0.736999
0.552419 0.737441
0.555673 0.73589
0.555326 0.737218
0.572655 0.716083
0.521241 0.721887
0.550386 0.717928
0.561234 0.705028
0.542941 0.718206
0.537818 0.711767
0.527011 0.718331
0.544128 0.692417
0.595791 0.654532
0.615129 0.651546
0.599515 0.675881
0.572384 0.708047
0.596533 0.691512
0.594957 0.702782
0.610553 0.706241
0.559506 0.750447
0.565137 0.746199
0.589365 0.756635
0.592393 0.758994
0.59835 0.729663
0.592314 0.731202
0.601647 0.723994
0.584534 0.734076
0.576297 0.738502
0.610648 0.708033
0.617717 0.690809
0.626559 0.682622
0.608642 0.74546
0.610885 0.750133
0.622133 0.734512
0.623784 0.719181
0.63269 0.725241
0.634013 0.681912
0.645032 0.684104
0.637779 0.67538
0.647189 0.672318
0.629591 0.670567
0.647218 0.667147
0.640267 0.656692
0.631909 0.660382
0.629736 0.655405
0.630521 0.651857
0.634652 0.626892
0.656581 0.611811
0.65161 0.631652
0.651259 0.651852
0.657743 0.626586
0.668085 0.614062
0.666846 0.59809
0.674853 0.588689
0.670326 0.564998
0.649546 0.569612
0.650737 0.560803
0.679297 0.559756
0.686897 0.54476
0.692398 0.524781
0.698881 0.502905
0.664642 0.546757
0.669585 0.540043
0.669007 0.538875
0.669775 0.529116
0.681824 0.514078
0.668172 0.495846
0.660402 0.490516
0.659658 0.49082
0.636974 0.526702
0.654643 0.519145
0.647064 0.530213
0.650826 0.541166
0.654125 0.547303
0.635453 0.535667
0.633013 0.559177
0.650786 0.573094
0.646673 0.575352
0.633192 0.575
0.643724 0.580263
0.656723 0.599306
0.640691 0.591115
0.627458 0.58326
0.625599 0.587427
0.626306 0.590607
0.62647 0.597646
0.628645 0.607678
0.634245 0.612079
0.624207 0.627302
0.621702 0.624259
0.618146 0.60722
0.61156 0.60671
0.593899 0.647837
0.600177 0.629869
0.613731 0.59005
0.621153 0.554194
0.605709 0.59136
0.590793 0.627323
0.572016 0.662866
0.561301 0.674399
0.567322 0.656308
0.569511 0.644969
0.573923 0.643659
0.585868 0.617737
0.570908 0.637856
0.548451 0.662983
0.53768 0.691183
0.510506 0.707753
0.493216 0.734573
0.494355 0.742331
0.500817 0.742842
0.511225 0.738013
0.476143 0.757247
0.491146 0.73136
0.542216 0.665381
0.516171 0.698314
0.552117 0.651797
0.508364 0.706256
0.475249 0.745556
0.475442 0.744809
0.493191 0.710184
0.461183 0.760991
0.436602 0.818091
0.440609 0.814246
0.420673 0.856099
0.440237 0.817135
0.442168 0.817102
0.44405 0.815766
0.473138 0.766319
0.453085 0.808368
0.488104 0.757346
0.491371 0.757184
0.444294 0.82679
0.488775 0.77424
0.489473 0.774012
0.450549 0.822904
0.422756 0.873889
0.4378 0.850774
0.44262 0.841667
0.432922 0.869307
0.41536 0.897448
0.405151 0.896114
0.420858 0.859933
0.414889 0.86866
0.428914 0.82967
0.418695 0.849703
0.461774 0.750508
0.464139 0.737957
0.449862 0.756002
0.448349 0.756293
0.449529 0.770942
0.433523 0.803804
0.404808 0.847437
0.409267 0.830582
0.409143 0.827205
0.402659 0.833057
0.42912 0.774218
0.389828 0.825654
0.411631 0.802852
0.395719 0.827676
0.39582 0.838444
0.387531 0.844191
0.384791 0.874405
0.397124 0.849473
0.394994 0.860584
0.398684 0.856389
0.398128 0.894459
0.385701 0.892301
0.397911 0.898058
0.389263 0.907452
0.383388 0.935906
0.383903 0.899048
0.374401 0.868873
0.381182 0.912267
0.363788 0.877546
0.359231 0.870237
0.360997 0.85345
0.363047 0.838081
0.379829 0.845073
0.375228 0.830634
0.380943 0.817519
0.375122 0.822524
0.361123 0.83344
0.341171 0.832561
0.363594 0.820092
0.400832 0.796654
0.38854 0.799479
0.429838 0.764792
0.462832 0.734423
0.43954 0.753019
0.389405 0.797651
0.478663 0.717102
0.457313 0.735327
0.435457 0.753454
0.406064 0.778555
0.418061 0.767344
0.345498 0.828813
0.510972 0.686553
0.39146 0.785567
0.45555 0.731065
0.525199 0.673067
0.513426 0.682244
0.461152 0.725953
0.407402 0.769529
0.447154 0.726679
0.414039 0.758667
0.382501 0.785369
0.350178 0.819816
0.333881 0.815257
0.336146 0.805361
0.377362 0.776426
0.414348 0.748628
0.374169 0.776046
0.384544 0.764075
0.391146 0.758845
0.390649 0.763678
0.48153 0.696992
0.449638 0.719885
0.460734 0.711376
0.540357 0.651867
0.467557 0.700345
0.528325 0.656414
0.475889 0.692143
0.470344 0.696345
0.447637 0.714307
0.465898 0.699811
0.43464 0.724027
0.475203 0.687675
0.533926 0.640692
0.482841 0.681158
0.38409 0.758293
0.354927 0.779974
0.370244 0.767974
0.399453 0.745945
0.375967 0.762834
0.518438 0.648644
0.518078 0.647803
0.508662 0.655118
0.411331 0.733211
0.347222 0.784206
0.491423 0.666986
0.519779 0.644822
0.522956 0.639338
0.535348 0.630316
0.538673 0.631511
0.539948 0.633241
0.539796 0.632525
0.54089 0.636594
0.576435 0.595912
0.582688 0.594327
0.599574 0.585053
0.596027 0.579072
0.331175 0.796367
0.479178 0.674411
0.594977 0.578802
0.520044 0.637315
0.347385 0.782298
0.406407 0.730652
0.345788 0.781038
0.3261 0.792131
0.413654 0.721457
0.342774 0.77631
0.380477 0.745896
0.40384 0.727414
0.33712 0.779944
0.333994 0.780915
0.434199 0.70188
0.486888 0.661024
0.611365 0.561334
0.598485 0.565043
0.547823 0.607262
0.484448 0.662321
0.545806 0.608372
0.4664 0.676239
0.486091 0.658301
0.450397 0.687563
0.401097 0.72038
0.453966 0.678604
0.52725 0.618865
0.596334 0.563806
0.566571 0.586493
0.553475 0.594732
0.543076 0.602716
0.636204 0.527438
0.475652 0.656095
0.599212 0.551218
0.635064 0.520876
0.525316 0.613166
0.527387 0.608272
0.51271 0.622895
0.359057 0.74941
0.443004 0.678326
0.480218 0.647515
0.618885 0.528607
0.580926 0.560741
0.337971 0.765117
0.338223 0.76106
0.354208 0.747463
0.361624 0.742729
0.423991 0.691097
0.465187 0.654438
0.648794 0.503668
0.622642 0.522095
0.6356 0.511193
0.503354 0.6213
0.498288 0.625911
0.474038 0.645803
0.616511 0.52389
0.517722 0.607559
0.43622 0.677315
0.389057 0.711299
0.586692 0.547491
0.611772 0.526112
0.610522 0.527007
0.563355 0.561933
0.603353 0.530171
0.60492 0.524551
0.630287 0.506758
0.634844 0.490986
0.615023 0.510603
0.553107 0.567019
0.541898 0.57448
0.540604 0.575524
0.47663 0.63257
0.436973 0.66495
0.466607 0.635777
0.440074 0.658456
0.526166 0.579177
0.497556 0.609304
0.487605 0.619488
0.516013 0.594138
0.573117 0.541823
0.629477 0.486859
0.60738 0.493607
0.594961 0.493441
0.611276 0.496504
0.618818 0.49406
0.606088 0.507281
0.576181 0.527224
0.578236 0.508013
0.570521 0.516305
0.535178 0.56694
0.513338 0.580299
0.486331 0.609574
0.532229 0.557235
0.53363 0.553706
0.559717 0.516215
0.55256 0.528641
0.560999 0.517677
0.547911 0.539567
0.591319 0.493029
0.579006 0.490795
0.598299 0.482257
0.595581 0.477119
0.5949 0.476416
0.599766 0.468428
0.58573 0.479096
0.546881 0.525542
0.574152 0.488245
0.549966 0.518265
0.50917 0.571855
0.465636 0.626584
0.458714 0.632213
0.471595 0.611829
0.425585 0.670024
0.423756 0.669819
0.4124 0.682503
0.449987 0.634057
0.53188 0.538437
0.53742 0.526726
0.500883 0.570378
0.435288 0.64887
0.371258 0.725276
0.478718 0.593714
0.479255 0.586859
0.451143 0.623147
0.438986 0.63587
0.40099 0.684531
0.379405 0.711469
0.374021 0.717416
0.382359 0.706585
0.341304 0.752033
0.44147 0.627174
0.481813 0.575985
0.497669 0.555457
0.503559 0.55269
0.504974 0.549681
0.529137 0.527855
0.548295 0.514058
0.563327 0.497701
0.509793 0.54054
0.596482 0.468713
0.579101 0.481638
0.567168 0.483281
0.584358 0.462612
0.558277 0.482197
0.574093 0.468008
0.559903 0.477627
0.560833 0.473169
0.540113 0.467824
0.530834 0.474416
0.53563 0.478884
0.540616 0.484273
0.533869 0.484513
0.540737 0.49891
0.526742 0.479905
0.504293 0.513493
0.524224 0.481361
0.523145 0.480119
0.509262 0.499462
0.509503 0.493895
0.513884 0.486888
0.503134 0.501517
0.493695 0.51883
0.487016 0.528929
0.490786 0.527397
0.47904 0.536192
0.45416 0.576951
0.472232 0.553682
0.499244 0.529808
0.533029 0.503134
0.524872 0.512217
0.490491 0.54133
0.515212 0.530403
0.482217 0.550903
0.438784 0.603067
0.440597 0.603585
0.491888 0.549313
0.488891 0.55345
0.458452 0.595427
0.448417 0.602119
0.417688 0.639929
0.41464 0.647241
0.396577 0.668925
0.453898 0.573861
0.44507 0.580738
0.439792 0.589388
0.440962 0.572743
0.43058 0.606736
0.420689 0.625764
0.399175 0.661657
0.425745 0.60388
0.437101 0.57784
0.415567 0.611274
0.411982 0.62063
0.41329 0.62345
0.39776 0.633525
0.391292 0.637553
0.388047 0.636482
0.390617 0.64053
0.401871 0.64593
0.378226 0.688871
0.366834 0.705283
0.355911 0.727654
0.359998 0.711413
0.357637 0.714778
0.356407 0.716267
0.351637 0.725145
0.347141 0.710054
0.351394 0.702249
0.335509 0.72095
0.320057 0.738735
0.327352 0.7285
0.338989 0.70593
0.351165 0.695219
0.358671 0.689866
0.365062 0.672701
0.349433 0.68679
0.352107 0.677602
0.344956 0.685993
0.324155 0.706814
0.39269 0.625785
0.396902 0.609297
0.331572 0.696269
0.356949 0.659111
0.339815 0.6774
0.404728 0.59698
0.46729 0.540034
0.501233 0.499123
0.474486 0.52383
0.463658 0.534313
0.423816 0.570524
0.416865 0.574478
0.403855 0.585143
0.387308 0.606455
0.383855 0.61301
0.357976 0.639241
0.362926 0.626034
0.351302 0.643806
0.337414 0.670822
0.318083 0.706045
0.316637 0.694364
0.315752 0.688862
0.324361 0.673113
0.328834 0.656362
0.315366 0.668106
0.338205 0.637537
0.472947 0.521572
0.499034 0.498034
0.514905 0.484306
0.522108 0.474838
0.372803 0.604339
0.311338 0.654152
0.494461 0.495807
0.462048 0.520942
0.370763 0.601103
0.440274 0.537915
0.423563 0.550834
0.388814 0.5808
0.386162 0.584927
0.370336 0.599625
0.366165 0.600626
0.315571 0.640474
0.443918 0.531316
0.313016 0.642357
0.355127 0.605255
0.524358 0.457532
0.520449 0.454686
0.526423 0.447254
0.52348 0.4471
0.520201 0.449987
0.517742 0.449192
0.494076 0.476966
0.504825 0.446654
0.465006 0.432456
0.437378 0.423383
0.496466 0.438348
0.367542 0.402803
0.502519 0.448924
0.464034 0.442961
0.487075 0.450379
0.487139 0.454356
0.437621 0.439514
0.467113 0.450251
0.479029 0.461618
0.480086 0.46836
0.479642 0.471152
0.464497 0.461453
0.440538 0.449474
0.381679 0.414043
0.468522 0.467425
0.476968 0.474284
0.462275 0.466815
0.418809 0.440944
0.464478 0.473957
0.413452 0.438735
0.469433 0.480925
0.429264 0.452443
0.397979 0.43051
0.384592 0.421879
0.408184 0.448208
0.384871 0.427838
0.381096 0.424849
0.374459 0.417007
0.365091 0.409655
0.35975 0.406914
0.378575 0.436342
0.387949 0.443236
0.386557 0.444775
0.475414 0.487435
0.437189 0.516405
0.473431 0.491039
0.424504 0.526988
0.456261 0.493481
0.432807 0.512245
0.398801 0.545189
0.418913 0.515318
0.410171 0.530744
0.434157 0.502926
0.434567 0.496239
0.433222 0.496431
0.435678 0.491812
0.463443 0.48393
0.461169 0.483504
0.422252 0.481586
0.43215 0.469389
0.407925 0.477875
0.401018 0.511395
0.39921 0.492521
0.38832 0.522299
0.385943 0.528689
0.385321 0.502478
0.373924 0.493941
0.377527 0.480209
0.397707 0.483429
0.397318 0.478644
0.390282 0.476799
0.399675 0.473414
0.387486 0.460689
0.365274 0.45337
0.357053 0.428581
0.363085 0.469265
0.351414 0.416324
0.347312 0.408527
0.358058 0.473244
0.367723 0.481178
0.385634 0.553606
0.385851 0.56656
0.371949 0.537093
0.368465 0.530973
0.362396 0.501437
0.365434 0.50051
0.358339 0.480098
0.333136 0.414431
0.334054 0.42493
0.325355 0.414368
0.326747 0.430698
0.328989 0.440382
0.350131 0.48165
0.363622 0.523036
0.367143 0.577736
0.362255 0.521328
0.360035 0.538335
0.348041 0.510039
0.350931 0.526753
0.35113 0.527591
0.349229 0.548293
0.34886 0.553988
0.360933 0.598164
0.351849 0.580599
0.350041 0.599468
0.342481 0.524987
0.341697 0.504996
0.335938 0.490471
0.34881 0.497824
0.331354 0.461507
0.341186 0.480491
0.329862 0.45658
0.331927 0.490674
0.328409 0.475762
0.322504 0.443103
0.327145 0.441933
0.31477 0.402887
0.314239 0.406829
0.31499 0.418237
0.311377 0.445246
0.31271 0.46468
0.316992 0.479386
0.316188 0.449418
0.325523 0.504836
0.338125 0.516037
0.336516 0.521412
0.345393 0.569523
0.31631 0.484076
0.317817 0.496055
0.319788 0.523353
0.335438 0.587509
0.333213 0.553504
0.343624 0.580084
0.344503 0.603766
0.338714 0.606255
0.326284 0.621766
0.323356 0.605344
0.321262 0.607644
0.318245 0.550987
0.32224 0.633644
0.315256 0.524785
0.315607 0.565433
0.306897 0.465156
0.301059 0.462931
0.315191 0.583927
0.319499 0.628091
0.310193 0.580207
0.305601 0.554445
0.306937 0.61606
0.301237 0.560527
0.299189 0.504928
0.296482 0.501312
0.287425 0.414396
0.302488 0.411101
0.293761 0.392437
0.29438 0.395188
0.289931 0.394201
0.292394 0.381622
0.435403 0.419995
0.331111 0.391643
0.242055 0.367566
0.27484 0.376078
0.34133 0.393631
0.187193 0.352166
0.409456 0.411633
0.398059 0.408314
0.338158 0.391681
0.423066 0.412354
0.340513 0.388907
0.41459 0.406563
0.407494 0.403512
0.35144 0.388401
0.333161 0.385755
0.328835 0.384426
0.308818 0.379684
0.25459 0.368785
0.31139 0.378918
0.336538 0.38325
0.333703 0.382012
0.256968 0.366223
0.198461 0.351341
0.168602 0.344797
0.122678 0.334738
0.153817 0.341193
0.399099 0.392513
0.272821 0.365591
0.396714 0.3915
0.366622 0.384795
0.331294 0.376815
0.247579 0.358084
0.151096 0.339548
0.127084 0.334499
0.153311 0.339141
0.12422 0.332359
0.249429 0.357653
0.323006 0.372386
0.326412 0.370901
0.299568 0.362526
0.249819 0.344801
0.240747 0.343867
0.218235 0.339738
0.293898 0.365387
0.284549 0.363218
0.233724 0.347735
0.21488 0.343213
0.174743 0.339823
0.077241 0.321543
0.125756 0.328362
0.161783 0.334333
0.160964 0.333321
0.128794 0.326009
0.12596 0.325114
0.136777 0.325267
0.160193 0.325396
0.184142 0.326921
0.307143 0.357563
0.285919 0.351466
0.22806 0.335669
0.328983 0.361427
0.33435 0.362484
0.332457 0.359431
0.286248 0.346789
0.279794 0.343838
0.252752 0.336434
0.250719 0.332473
0.191002 0.327282
0.231205 0.325077
0.225998 0.322926
0.264721 0.329231
0.221223 0.312656
0.211005 0.314625
0.191698 0.318337
0.220827 0.311347
0.198446 0.292106
0.202953 0.304998
0.176697 0.305484
0.174824 0.284434
0.164223 0.308569
0.136304 0.31972
0.13189 0.287063
0.12569 0.285352
0.134566 0.285297
0.173269 0.283995
0.131254 0.26326
0.11927 0.258677
0.15722 0.282858
0.12218 0.269212
0.121116 0.276185
0.114398 0.274334
0.098793 0.273958
0.09847 0.271909
0.074796 0.263604
0.102685 0.28361
0.11137 0.292084
0.118345 0.293985
0.097656 0.29542
0.068579 0.310683
0.07883 0.283208
0.069225 0.278617
0.052069 0.278316
0.055068 0.261184
0.057093 0.25315
0.062201 0.2472
0.064382 0.235858
0.069034 0.246812
0.076677 0.237579
0.072298 0.244849
0.068075 0.254498
0.074801 0.249672
0.082875 0.237422
0.093424 0.242906
0.081389 0.251806
0.098389 0.251181
0.111306 0.248905
0.169394 0.27403
0.125203 0.250871
0.059827 0.222447
0.067963 0.218415
0.063412 0.21293
0.066527 0.207494
0.152771 0.261501
0.183048 0.278933
0.205987 0.287959
0.226866 0.29913
0.199953 0.287956
0.199343 0.289399
0.302278 0.34234
0.244855 0.307431
0.13333 0.246841
0.19323 0.277967
0.134091 0.246666
0.149135 0.252424
0.135154 0.244473
0.165401 0.257682
0.118564 0.226897
0.08792 0.213544
0.075575 0.204211
0.086036 0.206336
0.268125 0.314462
0.148768 0.24387
0.26632 0.317838
0.329041 0.353152
0.368173 0.375107
0.10099 0.212309
0.138483 0.235043
0.292321 0.32794
0.310937 0.33874
0.192493 0.266835
0.179435 0.258649
0.060608 0.177092
0.145234 0.231313
0.236481 0.288586
0.300537 0.328894
0.150998 0.232173
0.238373 0.287893
0.235248 0.285849
0.348505 0.359226
0.335014 0.348008
0.218704 0.273835
0.198911 0.261038
0.316159 0.333624
0.348959 0.354942
0.427191 0.402327
0.459421 0.424016
0.465815 0.427854
0.424095 0.398846
0.448667 0.413766
0.302662 0.322895
0.428821 0.398814
0.191927 0.255823
0.080943 0.187947
0.066117 0.172775
0.060722 0.155374
0.052894 0.141262
0.064437 0.157008
0.082176 0.163244
0.083065 0.156253
0.082266 0.127858
0.085138 0.122501
0.056252 0.130559
0.085168 0.113803
0.091391 0.100327
0.084445 0.102211
0.059675 0.123884
0.065641 0.09153
0.052738 0.105139
0.051819 0.078747
0.058209 0.080096
0.05933 0.076292
0.050443 0.059084
0.066579 0.076545
0.074891 0.088991
0.075771 0.107564
0.089739 0.092372
0.101434 0.085441
0.098066 0.109056
0.096734 0.135436
0.093207 0.174253
0.098845 0.140396
0.100938 0.117407
0.102727 0.108056
0.105459 0.124724
0.103816 0.168512
0.107787 0.171604
0.10995 0.196948
0.116303 0.198818
0.12553 0.195654
0.116919 0.163031
0.114718 0.152018
0.120565 0.137755
0.12514 0.159168
0.125277 0.101215
0.127432 0.120382
0.127539 0.15957
0.149931 0.130622
0.140178 0.15769
0.137739 0.16413
0.131279 0.179516
0.141032 0.174338
0.167653 0.148691
0.152059 0.166843
0.12671 0.197125
0.139224 0.211382
0.168799 0.217229
0.137316 0.193555
0.153044 0.201068
0.139929 0.190374
0.164961 0.183682
0.183442 0.196643
0.176159 0.209115
0.174736 0.215026
0.221095 0.19826
0.227235 0.19744
0.148309 0.175294
0.19341 0.186711
0.157247 0.172524
0.1618 0.166735
0.188635 0.156327
0.204358 0.173881
0.20931 0.191394
0.212009 0.179807
0.208875 0.175734
0.232446 0.194919
0.217736 0.180783
0.189793 0.147618
0.118197 0.091258
0.103207 0.080504
0.07521 0.0577
0.103658 0.071045
0.101212 0.068665
0.157529 0.112327
0.129646 0.084159
0.093308 0.062238
0.089662 0.056518
0.108472 0.06559
0.128223 0.079664
0.136937 0.088721
0.140854 0.092582
0.124671 0.071417
0.172287 0.117809
0.171903 0.115583
0.175186 0.096291
0.169434 0.100164
0.16098 0.094616
0.163476 0.089985
0.157497 0.087807
0.152793 0.086182
0.142239 0.07831
0.147263 0.071443
0.12481 0.059386
0.147514 0.05935
0.177734 0.064778
0.18299 0.073122
0.190881 0.086291
0.202351 0.074223
0.192417 0.066315
0.223861 0.069104
0.173405 0.057966
0.125018 0.053509
0.162738 0.055956
0.23444 0.061016
0.207471 0.087392
0.208958 0.090201
0.201806 0.099889
0.21294 0.095944
0.222733 0.082574
0.228915 0.078798
0.233836 0.07644
0.23477 0.088787
0.248527 0.067886
0.256372 0.054348
0.264037 0.051756
0.247865 0.077708
0.258384 0.070772
0.288256 0.052414
0.30513 0.052184
0.327581 0.052013
0.212457 0.101497
0.265048 0.081617
0.22799 0.097843
0.227427 0.098419
0.200978 0.119065
0.190776 0.133108
0.230713 0.107632
0.221327 0.122528
0.268766 0.091967
0.273331 0.087422
0.287028 0.077603
0.301681 0.070169
0.278336 0.086724
0.273933 0.089789
0.234657 0.117274
0.213629 0.141432
0.240996 0.117908
0.252897 0.105808
0.280622 0.09082
0.331857 0.052402
0.311087 0.06842
0.333044 0.059644
0.31231 0.071426
0.304233 0.076639
0.363832 0.094382
0.363479 0.089757
0.348949 0.085641
0.348062 0.078475
0.356419 0.076966
0.386505 0.073371
0.347868 0.072837
0.38407 0.053765
0.383779 0.050879
0.391673 0.061245
0.39284 0.101819
0.403832 0.064535
0.409023 0.052527
0.412572 0.05465
0.408917 0.070133
0.417028 0.070202
0.42161 0.075854
0.406972 0.094065
0.411911 0.094594
0.409818 0.097121
0.423002 0.112826
0.420106 0.105261
0.424358 0.089438
0.425129 0.088473
0.432543 0.096915
0.435212 0.102431
0.430393 0.115959
0.396796 0.107352
0.395434 0.111787
0.35321 0.12566
0.378454 0.114314
0.36985 0.117018
0.353437 0.124508
0.341173 0.125651
0.315211 0.135419
0.308738 0.135866
0.295448 0.139842
0.317027 0.132903
0.296039 0.137269
0.362295 0.109074
0.354502 0.110419
0.358964 0.105824
0.301281 0.112842
0.369976 0.1004
0.363879 0.099445
0.348682 0.09522
0.304034 0.091705
0.324815 0.100495
0.27808 0.11324
0.301866 0.119734
0.307572 0.124994
0.272257 0.128869
0.279317 0.131001
0.258952 0.143467
0.236522 0.154666
0.265934 0.128274
0.234652 0.144203
0.268273 0.112105
0.260504 0.114902
0.280859 0.100159
0.302393 0.079101
0.223709 0.137912
0.21479 0.154968
0.225453 0.162219
0.265356 0.15293
0.287204 0.150357
0.319492 0.143439
0.360593 0.133137
0.418484 0.118762
0.415196 0.120919
0.390179 0.130072
0.381659 0.13465
0.409936 0.135838
0.372343 0.142803
0.400321 0.138513
0.380577 0.144732
0.358499 0.148233
0.251023 0.167238
0.29991 0.159454
0.36328 0.149925
0.253975 0.168295
0.264246 0.168736
0.370067 0.149535
0.402321 0.14294
0.372584 0.150372
0.426953 0.142724
0.387465 0.154233
0.374895 0.15779
0.377907 0.155273
0.34327 0.159109
0.343307 0.163198
0.341599 0.164162
0.307095 0.171093
0.304056 0.170606
0.307325 0.167593
0.254256 0.174421
0.247077 0.192142
0.265808 0.189497
0.311849 0.176329
0.319508 0.175142
0.268131 0.194474
0.322073 0.175731
0.314351 0.181271
0.299497 0.18988
0.344804 0.174066
0.367456 0.162944
0.433391 0.141806
0.378401 0.16425
0.402271 0.155881
0.42673 0.151278
0.450247 0.151
0.443922 0.152733
0.430684 0.161962
0.45065 0.161413
0.402405 0.16564
0.368295 0.171035
0.453831 0.161706
0.427501 0.165776
0.443508 0.171683
0.465156 0.182053
0.462723 0.187278
0.437627 0.174849
0.425825 0.171512
0.431492 0.182001
0.399185 0.171251
0.38334 0.177702
0.437083 0.185152
0.447504 0.189287
0.439142 0.190127
0.379518 0.181087
0.428998 0.194116
0.454055 0.199723
0.454455 0.204743
0.471451 0.224334
0.489373 0.252469
0.455784 0.208096
0.447192 0.199312
0.457843 0.213983
0.497749 0.267432
0.46081 0.221455
0.500911 0.277788
0.445315 0.203174
0.452446 0.218841
0.446094 0.210633
0.435875 0.204477
0.432182 0.204737
0.391913 0.192129
0.38609 0.191614
0.425064 0.20748
0.44543 0.220378
0.427268 0.210651
0.42194 0.21065
0.457355 0.240797
0.481103 0.260078
0.474039 0.258844
0.483222 0.263678
0.495293 0.275042
0.493184 0.277097
0.480867 0.266725
0.466577 0.256031
0.453692 0.24629
0.403176 0.211528
0.349245 0.175341
0.390725 0.205468
0.451871 0.250096
0.348336 0.17724
0.370767 0.199702
0.440926 0.251973
0.459522 0.264416
0.432302 0.249128
0.43203 0.250118
0.42916 0.250238
0.401862 0.235682
0.371667 0.212386
0.379382 0.218747
0.338676 0.191663
0.374642 0.220724
0.363175 0.214481
0.366534 0.219229
0.406031 0.242182
0.313727 0.199926
0.345251 0.216889
0.374245 0.232445
0.392001 0.240273
0.410667 0.247877
0.427725 0.25526
0.431181 0.256905
0.41703 0.256514
0.454755 0.270571
0.468614 0.275292
0.505593 0.288885
0.483736 0.286063
0.475201 0.28326
0.437876 0.268199
0.332049 0.222897
0.355007 0.232366
0.2798 0.200055
0.301274 0.209817
0.346317 0.229385
0.363729 0.246389
0.348713 0.241599
0.316598 0.226463
0.283318 0.212289
0.30308 0.224615
0.363178 0.260362
0.323068 0.238448
0.330062 0.243272
0.310959 0.233486
0.383665 0.280053
0.37517 0.277592
0.383114 0.287593
0.402044 0.294445
0.40496 0.289625
0.392896 0.272399
0.391488 0.269693
0.393077 0.267101
0.402603 0.280624
0.383991 0.249629
0.403985 0.257589
0.426542 0.266419
0.452108 0.286612
0.468528 0.283168
0.47254 0.286804
0.480773 0.312756
0.480611 0.313906
0.479558 0.313293
0.463777 0.304076
0.456557 0.297204
0.452478 0.296831
0.40532 0.269079
0.463437 0.315249
0.466261 0.317973
0.46519 0.327321
0.438022 0.30278
0.432423 0.316378
0.429857 0.302926
0.42795 0.301752
0.408019 0.290879
0.416121 0.310228
0.314417 0.268964
0.349068 0.285815
0.367385 0.298313
0.369718 0.299871
0.348078 0.289811
0.307278 0.273386
0.293584 0.26529
0.281635 0.260771
0.271832 0.258837
0.268531 0.246403
0.27896 0.249194
0.3493 0.279164
0.372091 0.289189
0.385664 0.294031
0.350645 0.277067
0.344995 0.273965
0.360178 0.279307
0.32792 0.261546
0.336246 0.265266
0.306839 0.243163
0.298393 0.23427
0.26834 0.227587
0.274925 0.235676
0.318781 0.262446
0.30382 0.253991
0.289539 0.24987
0.26718 0.237187
0.266646 0.229348
0.261718 0.196959
0.259501 0.199675
0.259229 0.230357
0.25926 0.234657
0.257671 0.241864
0.254403 0.247201
0.251591 0.245922
0.249998 0.229451
0.246529 0.250312
0.246834 0.200238
0.204592 0.211792
0.197522 0.214621
0.221568 0.21998
0.207316 0.229703
0.211467 0.231754
0.223102 0.241304
0.18469 0.226045
0.195454 0.233341
0.214541 0.246132
0.190478 0.236738
0.16716 0.225661
0.157664 0.223172
0.193496 0.245045
0.153465 0.230862
0.190344 0.245188
0.196533 0.248174
0.194613 0.255214
0.246926 0.268368
0.241988 0.264641
0.273322 0.277759
0.27161 0.273842
0.253386 0.265598
0.240111 0.257814
0.273454 0.273982
0.280767 0.276845
0.293027 0.283496
0.222833 0.243184
0.303027 0.274191
0.25193 0.253822
0.243753 0.24998
0.339911 0.288712
0.338344 0.288897
0.371993 0.301536
0.282789 0.268485
0.268485 0.267973
0.29858 0.280178
0.323339 0.292426
0.352502 0.301
0.46209 0.330463
0.46182 0.33233
0.48492 0.338987
0.352424 0.307009
0.442558 0.32987
0.415105 0.324059
0.487859 0.342585
0.466182 0.340382
0.464241 0.346294
0.442738 0.346064
0.449904 0.335459
0.396579 0.320482
0.422465 0.34394
0.387152 0.324848
0.318191 0.305124
0.285568 0.302387
0.286482 0.293967
0.271519 0.298085
0.277603 0.303568
0.295983 0.305028
0.321039 0.306681
0.325509 0.310361
0.34072 0.323109
0.313581 0.322206
0.363696 0.334137
0.383551 0.337345
0.370549 0.339505
0.368829 0.340362
0.35383 0.340839
0.335363 0.338191
0.32821 0.335629
0.344617 0.34535
0.382577 0.347455
0.375539 0.348946
0.366468 0.353948
0.365169 0.355989
0.371131 0.362288
0.37878 0.365185
0.384356 0.363869
0.387188 0.361729
0.391582 0.368351
0.393694 0.376824
0.406837 0.367133
0.395377 0.362157
0.409483 0.364994
0.426578 0.36807
0.417419 0.374693
0.421163 0.377633
0.424648 0.378787
0.445647 0.399388
0.43788 0.385647
0.435507 0.372625
0.442357 0.379607
0.445038 0.377901
0.443671 0.375413
0.433645 0.367166
0.434444 0.364096
0.440459 0.353483
0.442607 0.359257
0.443232 0.358724
0.482262 0.375924
0.466996 0.375239
0.462635 0.38543
0.468494 0.401009
0.471381 0.421595
0.486821 0.380036
0.482825 0.415399
0.496046 0.403728
0.480425 0.427184
0.497971 0.423929
0.502462 0.414215
0.507144 0.413577
0.504525 0.409681
0.530491 0.425127
0.516348 0.400402
0.55454 0.437471
0.524999 0.427586
0.525217 0.44007
0.515221 0.441816
0.569491 0.453419
0.568209 0.449312
0.555125 0.41829
0.533597 0.400908
0.530259 0.397119
0.511572 0.386636
0.51732 0.379958
0.546164 0.40295
0.530467 0.347625
0.512499 0.363405
0.508808 0.368663
0.503307 0.403138
0.503072 0.384267
0.491095 0.347998
0.480747 0.291114
0.507522 0.341593
0.520635 0.321903
0.536628 0.362679
0.449485 0.136206
0.418726 0.055466
0.546126 0.383712
0.533087 0.345789
0.561857 0.410778
0.545883 0.371638
0.529835 0.332039
0.570597 0.420723
0.497607 0.252527
0.506566 0.270124
0.566895 0.407771
0.479864 0.20782
0.476111 0.201307
0.430937 0.084175
0.463387 0.169091
0.471581 0.19055
0.422181 0.063428
0.44187 0.103281
0.4546 0.136862
0.45702 0.143496
0.477918 0.193673
0.560285 0.385189
0.576789 0.421995
0.590845 0.452727
0.586363 0.439197
0.573542 0.400648
0.498091 0.233195
0.56188 0.373725
0.554273 0.354926
0.583782 0.419758
0.492219 0.213704
0.58981 0.432815
0.590091 0.432901
0.595228 0.440687
0.595491 0.440591
0.512992 0.25838
0.510372 0.251137
0.450693 0.119414
0.444749 0.106365
0.430858 0.079592
0.426778 0.066242
0.429195 0.071237
0.452246 0.121973
0.432454 0.07523
0.458699 0.133596
0.471424 0.161685
0.482984 0.188004
0.512658 0.254329
0.538814 0.312184
0.520669 0.270651
0.521435 0.267814
0.486863 0.191822
0.455154 0.118901
0.487957 0.19789
0.445284 0.096516
0.447836 0.101781
0.457518 0.120093
0.450782 0.102326
0.501816 0.215007
0.519413 0.254654
0.462009 0.111727
0.530367 0.274621
0.528681 0.28334
0.547079 0.328071
0.532565 0.279764
0.553825 0.329851
0.550008 0.330203
0.552817 0.339775
0.563377 0.363784
0.565814 0.356517
0.586703 0.403377
0.569226 0.361438
0.599271 0.425549
0.588693 0.3972
0.566563 0.341185
0.565274 0.340743
0.566337 0.353352
0.558769 0.326336
0.556993 0.311147
0.558132 0.313027
0.553106 0.292601
0.551572 0.31473
0.541872 0.266753
0.505901 0.17039
0.517332 0.205072
0.506879 0.182432
0.520289 0.228116
0.523761 0.2542
0.512024 0.228222
0.50595 0.20973
0.492452 0.172025
0.477442 0.141088
0.475827 0.115238
0.47948 0.120511
0.485414 0.137389
0.477948 0.115607
0.498813 0.152091
0.550128 0.278226
0.562452 0.308792
0.505825 0.159947
0.488301 0.124734
0.482679 0.108849
0.503697 0.145955
0.514432 0.170854
0.519426 0.178475
0.526686 0.191754
0.574862 0.282492
0.578813 0.300519
0.559213 0.255006
0.578912 0.305718
0.534315 0.213739
0.561711 0.271231
0.583652 0.317988
0.573875 0.300427
0.594976 0.346761
0.589117 0.342457
0.592253 0.351644
0.553547 0.261732
0.560281 0.282072
0.569537 0.304971
0.600086 0.379938
0.565189 0.304662
0.587991 0.380865
0.58942 0.383885
0.578192 0.340288
0.586079 0.36238
0.592744 0.394674
0.594068 0.395433
0.608265 0.405012
0.601664 0.417349
0.610163 0.441531
0.619894 0.4677
0.620925 0.446882
0.616558 0.425208
0.6168 0.423267
0.580782 0.291955
0.594728 0.336555
0.601492 0.358262
0.593322 0.314948
0.613805 0.404568
0.63076 0.470138
0.600563 0.329392
0.635432 0.474484
0.634727 0.468296
0.638419 0.462236
0.634403 0.451091
0.6167 0.390107
0.612856 0.372878
0.616727 0.374015
0.621896 0.383223
0.622349 0.396422
0.628569 0.408503
0.633652 0.406045
0.637165 0.430148
0.640914 0.437009
0.650893 0.472587
0.650395 0.465488
0.652979 0.469012
0.647723 0.455016
0.64967 0.454922
0.661749 0.474296
0.665806 0.472212
0.668031 0.47236
0.646441 0.421614
0.664976 0.447961
0.623144 0.374452
0.665144 0.443951
0.682317 0.471325
0.646462 0.405532
0.548425 0.225953
0.58031 0.282728
0.656137 0.419226
0.57746 0.274791
0.693044 0.486078
0.601768 0.314482
0.593556 0.299286
0.648768 0.39937
0.619944 0.345434
0.700805 0.494005
0.693957 0.47004
0.647308 0.382129
0.695647 0.458736
0.689783 0.442447
0.636418 0.353416
0.654476 0.387309
0.650128 0.380648
0.63606 0.355872
0.609509 0.311262
0.612597 0.320153
0.615181 0.325006
0.617293 0.330754
0.608545 0.316275
0.607312 0.317684
0.636938 0.368678
0.662193 0.415578
0.590409 0.292008
0.597777 0.301993
0.575452 0.268071
0.546464 0.217671
0.515461 0.161523
0.535181 0.193073
0.555897 0.228659
0.560328 0.236753
0.552894 0.21754
0.585625 0.279164
0.581441 0.26364
0.60189 0.287742
0.609188 0.29872
0.633823 0.332263
0.630335 0.331474
0.632509 0.338543
0.671188 0.404497
0.647481 0.356668
0.688127 0.4322
0.646162 0.347025
0.659639 0.361019
0.625466 0.309813
0.591362 0.266422
0.653646 0.340708
0.655269 0.342658
0.607407 0.284204
0.666569 0.352086
0.598239 0.269596
0.560604 0.224185
0.566265 0.233388
0.548759 0.209259
0.545502 0.203702
0.549661 0.205333
0.581852 0.244802
0.623944 0.297831
0.579426 0.241438
0.656379 0.335902
0.540113 0.19127
0.555744 0.208063
0.566378 0.216611
0.516342 0.150792
0.569707 0.214917
0.549105 0.185952
0.601574 0.25343
0.615846 0.271525
0.587326 0.233908
0.648574 0.314028
0.668046 0.335084
0.667003 0.331967
0.652663 0.305593
0.637478 0.287474
0.61284 0.261561
0.592235 0.238435
0.584846 0.227489
0.637436 0.285708
0.641581 0.287107
0.654104 0.300009
0.557651 0.193152
0.641588 0.285924
0.625309 0.261501
0.656773 0.302214
0.637411 0.271845
0.620748 0.245807
0.642864 0.273838
0.626886 0.249133
0.623181 0.2438
0.604582 0.22805
0.596357 0.217466
0.529929 0.154414
0.451549 0.063257
0.530022 0.15399
0.517463 0.133117
0.507272 0.119503
0.487421 0.094439
0.522529 0.130855
0.48963 0.093579
0.528978 0.137174
0.517541 0.12383
0.630764 0.244544
0.608204 0.206727
0.576467 0.179832
0.592696 0.182359
0.591446 0.17342
0.584704 0.170942
0.562715 0.130814
0.561483 0.147125
0.546358 0.130885
0.553 0.118385
0.544269 0.12809
0.546616 0.115389
0.540039 0.132215
0.508772 0.109061
0.503894 0.108616
0.492639 0.093378
0.487408 0.073011
0.459432 0.056466
0.473084 0.058791
0.476062 0.057331
0.484042 0.054076
0.510317 0.066271
0.549221 0.105916
0.545233 0.100771
0.5489 0.103908
0.54817 0.096446
0.527998 0.068199
0.524872 0.052779
0.53323 0.051247
0.54114 0.074919
0.545893 0.088085
0.553052 0.095541
0.571418 0.129033
0.548002 0.081898
0.552817 0.076083
0.574827 0.121993
0.603543 0.184694
0.603472 0.180423
0.590727 0.152202
0.598382 0.164407
0.581675 0.117413
0.57721 0.104614
0.590485 0.139527
0.585367 0.124551
0.607358 0.187503
0.595695 0.148716
0.570553 0.059439
0.569927 0.052235
0.581581 0.084812
0.618185 0.179982
0.592234 0.126315
0.597896 0.140994
0.613602 0.18714
0.615664 0.203658
0.631904 0.225957
0.635888 0.227121
0.655019 0.208146
0.652839 0.208239
0.632765 0.217354
0.65869 0.197149
0.657721 0.196316
0.667965 0.188302
0.644392 0.194859
0.638876 0.194438
0.636101 0.190481
0.689319 0.166558
0.695883 0.170916
0.662731 0.204975
0.724561 0.150899
0.71355 0.166523
0.693473 0.182763
0.696811 0.179762
0.666405 0.204258
0.647628 0.218628
0.670226 0.210327
0.715337 0.167887
0.690255 0.197945
0.736937 0.162939
0.700299 0.206632
0.686598 0.227916
0.68725 0.222343
0.675729 0.246143
0.686267 0.20564
0.663249 0.223248
0.649263 0.232734
0.658579 0.25162
0.66781 0.243526
0.661129 0.271218
0.678019 0.256008
0.665653 0.296303
0.672567 0.286355
0.704566 0.240978
0.701646 0.249625
0.683659 0.292563
0.706871 0.246834
0.68736 0.289778
0.721105 0.216672
0.729353 0.210739
0.726661 0.223192
0.725313 0.242831
0.721788 0.249358
0.708433 0.285388
0.731341 0.25991
0.740886 0.251365
0.749839 0.233999
0.763941 0.204441
0.75235 0.223538
0.738651 0.237003
0.768467 0.19371
0.778473 0.189221
0.759415 0.195533
0.726971 0.206795
0.746718 0.190126
0.753503 0.171266
0.785228 0.17989
0.760029 0.164237
0.756607 0.160785
0.78399 0.178331
0.758118 0.15977
0.78379 0.157129
0.787419 0.1437
0.755618 0.154745
0.798079 0.130917
0.841628 0.101659
0.813446 0.11307
0.798589 0.123023
0.772447 0.140009
0.757399 0.152186
0.768567 0.136302
0.766395 0.137104
0.749659 0.152741
0.757088 0.140793
0.765539 0.133004
0.71066 0.149345
0.651827 0.173323
0.676384 0.162071
0.683269 0.15745
0.682533 0.155762
0.617536 0.175363
0.621363 0.167599
0.643047 0.162161
0.655652 0.159117
0.649918 0.15903
0.625437 0.165042
0.632785 0.154699
0.628476 0.149489
0.680417 0.147773
0.700152 0.146362
0.642769 0.140421
0.704035 0.14193
0.713117 0.142431
0.724908 0.140985
0.688203 0.133999
0.697501 0.131349
0.68061 0.131944
0.631459 0.136686
0.629457 0.137278
0.61004 0.137831
0.601599 0.1354
0.601203 0.134185
0.775625 0.124188
0.654037 0.12951
0.638789 0.128569
0.641133 0.127677
0.694061 0.12504
0.680655 0.124215
0.672657 0.122894
0.7267 0.123178
0.796763 0.119019
0.75592 0.119825
0.732194 0.119884
0.716439 0.119634
0.663371 0.119796
0.685998 0.1187
0.741383 0.118075
0.803111 0.112785
0.80674 0.107041
0.656072 0.117937
0.617378 0.119671
0.599629 0.098689
0.58462 0.086138
0.580571 0.077106
0.60159 0.082494
0.604433 0.065727
0.601683 0.070482
0.596166 0.064786
0.605796 0.053484
0.617368 0.116185
0.612176 0.085368
0.616633 0.101943
0.611465 0.058876
0.624097 0.092069
0.621435 0.062975
0.632436 0.052204
0.641049 0.075728
0.630523 0.090962
0.63666 0.094437
0.639762 0.102039
0.654962 0.070237
0.658551 0.070705
0.658613 0.074837
0.665592 0.070611
0.653677 0.08627
0.656598 0.087811
0.646291 0.09606
0.653181 0.092891
0.658628 0.089637
0.660924 0.090137
0.662503 0.092261
0.659445 0.096924
0.669152 0.087969
0.675589 0.08957
0.682592 0.085191
0.686569 0.088175
0.679453 0.094293
0.65247 0.111044
0.700735 0.08246
0.691042 0.075703
0.673492 0.074288
0.689095 0.066219
0.697529 0.072535
0.751407 0.051421
0.724263 0.063679
0.733943 0.070873
0.779605 0.051369
0.778777 0.052205
0.756625 0.063798
0.769889 0.059611
0.801235 0.051866
0.741601 0.071343
0.724276 0.081011
0.744653 0.078434
0.680658 0.099984
0.759938 0.075255
0.705469 0.096114
0.684845 0.103032
0.694516 0.102788
0.72145 0.093182
0.737444 0.091704
0.743846 0.090519
0.765728 0.083868
0.780394 0.077734
0.800054 0.070467
0.788342 0.07061
0.784952 0.070813
0.85295 0.050643
0.842557 0.054935
0.823589 0.064781
0.859946 0.056495
0.819175 0.070121
0.696115 0.111785
0.763725 0.091987
0.820006 0.071414
0.874688 0.058569
0.753455 0.09585
0.732562 0.104017
0.733792 0.10361
0.751532 0.099263
0.771129 0.095355
0.752295 0.107227
0.808501 0.091502
0.80178 0.100157
0.822804 0.093067
0.849125 0.086821
0.796443 0.103516
0.853504 0.092031
0.862856 0.091253
0.883945 0.077456
0.866281 0.085214
0.919935 0.05501
0.892376 0.073361
0.90938 0.067642
0.915977 0.065642
0.869851 0.087146
0.873615 0.085681
0.88175 0.084073
0.848348 0.101192
0.89632 0.081919
0.885714 0.090347
0.833857 0.136789
0.804118 0.166091
0.808491 0.165024
0.810168 0.165609
0.788448 0.188822
0.836245 0.139791
0.892721 0.086932
0.865962 0.11463
0.883949 0.098404
0.806692 0.174117
0.768719 0.21389
0.81559 0.176556
0.748634 0.242669
0.813098 0.183278
0.851592 0.145632
0.847324 0.147763
0.817224 0.168282
0.883383 0.108952
0.949518 0.057558
0.769985 0.227035
0.79269 0.206829
0.861335 0.149097
0.831185 0.171305
0.884183 0.125595
0.893617 0.114893
0.899531 0.107832
0.923549 0.085572
0.916807 0.098209
0.931884 0.08784
0.925708 0.095197
0.979248 0.050887
0.890887 0.126537
0.860155 0.153849
0.810023 0.196667
0.81576 0.194463
0.776701 0.227822
0.792044 0.215149
0.95522 0.078413
0.907044 0.121731
0.903264 0.122543
0.867279 0.156125
0.854758 0.165585
0.87036 0.152556
0.89981 0.125349
0.842919 0.174605
0.746384 0.25365
0.839461 0.177617
0.734625 0.264634
0.814439 0.200681
0.747679 0.258865
0.767731 0.243181
0.728936 0.282159
0.684902 0.340496
0.700809 0.32726
0.701775 0.329139
0.68563 0.358189
0.690703 0.355608
0.771266 0.24105
0.756165 0.266887
0.756721 0.266151
0.755196 0.26864
0.692109 0.356392
0.703439 0.341933
0.698731 0.350426
0.728849 0.314393
0.701211 0.365551
0.714203 0.348255
0.702317 0.374301
0.727428 0.355827
0.727493 0.347397
0.729795 0.337562
0.727685 0.326877
0.735695 0.346294
0.736435 0.327264
0.728837 0.322405
0.73306 0.308107
0.745181 0.322452
0.736958 0.306785
0.766335 0.314299
0.756848 0.274586
0.763882 0.285148
0.774642 0.259054
0.779444 0.244586
0.767581 0.256528
0.770393 0.248036
0.783291 0.236889
0.772416 0.247279
0.783073 0.238357
0.770005 0.285678
0.771514 0.289809
0.779862 0.262379
0.786132 0.255777
0.76893 0.312903
0.799294 0.278417
0.785549 0.286059
0.777831 0.293228
0.780606 0.286612
0.78808 0.265541
0.791158 0.249104
0.798478 0.255788
0.788343 0.24196
0.788834 0.239376
0.796342 0.220331
0.795067 0.225365
0.804687 0.24144
0.810166 0.253295
0.81351 0.230758
0.814061 0.258548
0.819082 0.219771
0.827244 0.233235
0.81799 0.208752
0.816523 0.203048
0.840141 0.190916
0.851398 0.182263
0.855257 0.172528
0.865674 0.164818
0.850082 0.209364
0.862323 0.191406
0.916139 0.116389
0.862906 0.196573
0.879482 0.178062
0.902149 0.141008
0.908935 0.131165
0.914255 0.12443
0.9455 0.091089
0.917755 0.122133
0.897979 0.157134
0.898531 0.156512
0.924477 0.122282
0.953035 0.086839
0.894157 0.167299
0.886982 0.180622
0.966668 0.081286
0.969734 0.082463
0.96739 0.085643
0.909081 0.156065
0.866611 0.205665
0.962149 0.100941
0.967706 0.095347
0.927878 0.143521
0.949766 0.119261
0.914283 0.160029
0.909167 0.173388
0.911725 0.170779
0.926456 0.156497
0.957909 0.11704
0.994454 0.07454
0.973728 0.105155
0.987726 0.090695
1.01545 0.064631
0.963029 0.133867
0.976475 0.113243
0.958307 0.129629
0.945559 0.144647
0.933035 0.16214
0.915091 0.177298
0.892317 0.195138
0.850331 0.226213
0.794872 0.285092
0.832544 0.247969
0.82023 0.264439
0.851245 0.235133
0.899923 0.192152
0.798535 0.291947
0.861468 0.235221
0.78252 0.310222
0.773556 0.316106
0.763133 0.3302
0.756598 0.333697
0.739478 0.348065
0.732665 0.360034
0.939681 0.16078
0.816911 0.279919
0.929424 0.172337
0.893722 0.207687
0.877094 0.223671
0.799028 0.298505
0.704867 0.389158
0.760393 0.336376
0.821515 0.278748
0.736171 0.360223
0.713726 0.38588
0.731684 0.370557
0.726729 0.373794
0.773207 0.337961
0.702532 0.396894
0.705144 0.410948
0.70749 0.405401
0.705955 0.398979
0.71513 0.420695
0.718831 0.412987
0.730774 0.392078
0.726831 0.40832
0.723119 0.413723
0.804699 0.317266
0.790819 0.338766
0.750234 0.392352
0.739578 0.400668
0.718459 0.427384
0.73786 0.414956
0.786578 0.346252
0.792047 0.338869
0.740534 0.412715
0.773415 0.367689
0.757121 0.39296
0.781038 0.358832
0.811719 0.314036
0.812084 0.315014
0.803972 0.333789
0.80164 0.336576
0.770885 0.377853
0.742194 0.418766
0.798562 0.347893
0.806659 0.335748
0.827346 0.308485
0.813606 0.312493
0.833916 0.301396
0.799866 0.315706
0.812131 0.305235
0.816135 0.302302
0.851929 0.281477
0.868423 0.256569
0.833878 0.281028
0.849808 0.267395
0.881931 0.237843
0.893416 0.222882
0.915914 0.199876
0.915911 0.196777
0.892634 0.219811
0.8465 0.266852
0.767228 0.331374
0.86613 0.244796
0.879741 0.231746
0.794397 0.306054
0.866579 0.241712
0.887807 0.22106
0.887374 0.220486
0.925478 0.184962
0.950914 0.158655
0.941531 0.175594
1.03659 0.054991
0.902793 0.225444
0.917719 0.21319
0.924168 0.210268
0.887764 0.261549
0.89636 0.250073
0.975117 0.142793
0.995681 0.113169
1.01602 0.093227
0.941915 0.191339
1.03595 0.069319
0.902377 0.24555
0.878577 0.274901
0.890388 0.241986
0.894226 0.230121
0.882965 0.243954
0.853572 0.283067
0.850057 0.291808
0.854614 0.2896
0.839482 0.306968
0.873337 0.277697
0.877789 0.275632
0.840306 0.308212
0.841471 0.310902
0.824084 0.323082
0.818492 0.328973
0.841842 0.31765
0.830663 0.338198
0.807162 0.351256
0.795682 0.361694
0.815679 0.356387
0.780569 0.373245
0.734843 0.430412
0.783562 0.374268
0.765361 0.397166
0.767133 0.397396
0.76281 0.402302
0.743737 0.425912
0.727827 0.44513
0.735221 0.439366
0.749953 0.427127
0.74297 0.44529
0.756705 0.422851
0.772618 0.411037
0.777275 0.398112
0.776586 0.402394
0.778443 0.401299
0.786296 0.389147
0.778479 0.395877
0.790982 0.381549
0.800008 0.369882
0.796273 0.386825
0.815377 0.362433
0.819412 0.357917
0.813797 0.365108
0.876272 0.29123
0.845127 0.326203
0.881843 0.283115
0.925852 0.232278
0.981218 0.165184
0.995732 0.137512
0.973143 0.169784
0.941488 0.211922
0.926612 0.223402
0.878577 0.285652
0.907978 0.244605
0.868899 0.292687
0.864168 0.29787
0.899301 0.251886
0.900868 0.249988
0.899686 0.250808
0.920808 0.223724
1.02201 0.096769
0.996009 0.130546
1.02123 0.098914
1.02087 0.099564
1.01805 0.108866
1.02666 0.092018
1.02133 0.110681
1.04051 0.067879
1.03397 0.095935
1.03373 0.101427
1.03699 0.098847
0.941595 0.214421
0.974547 0.176335
0.964491 0.190086
1.03421 0.10299
1.01871 0.133897
0.990072 0.17422
0.966819 0.191993
0.934527 0.227916
0.834181 0.344948
0.921439 0.246827
0.951505 0.215004
0.963223 0.205422
0.940755 0.273101
0.970076 0.213941
0.94513 0.270948
0.958901 0.258884
0.961727 0.250218
0.960856 0.241364
0.96849 0.237153
0.968545 0.243256
0.978896 0.189721
0.976275 0.215925
0.974945 0.225159
0.990898 0.187946
1.00754 0.1597
0.999523 0.178121
0.983039 0.222054
0.996297 0.243144
0.994536 0.225752
0.98698 0.219914
0.989549 0.219996
1.00769 0.203593
1.02808 0.171576
1.01169 0.176059
1.00297 0.179336
1.01171 0.166066
1.02478 0.158052
1.01939 0.155318
1.02249 0.144262
1.03546 0.13822
1.02528 0.190655
1.02935 0.182157
1.03262 0.175267
1.03713 0.15701
1.04791 0.127283
1.04877 0.154393
1.04811 0.185929
1.04647 0.194297
1.02133 0.232784
1.01447 0.252101
1.01772 0.248213
1.0432 0.207281
1.04492 0.207453
1.01055 0.267588
1.01723 0.260305
1.0089 0.272282
1.02547 0.257883
1.0223 0.277806
1.01966 0.279496
1.01329 0.284681
1.02551 0.286272
1.0285 0.238397
1.03424 0.234156
1.04269 0.2171
1.04453 0.2963
1.04387 0.214497
1.04898 0.217791
1.04857 0.256626
1.04845 0.275125
1.04953 0.30132
1.01392 0.285978
1.03433 0.299722
1.04402 0.313893
1.04918 0.323399
1.04662 0.343317
1.0296 0.304171
1.01565 0.293903
1.00357 0.286072
1.0016 0.269119
0.983995 0.242921
0.98573 0.256992
0.992545 0.271252
0.980889 0.262386
0.981538 0.256552
0.977429 0.251008
0.973021 0.274979
0.971732 0.275755
0.971533 0.279828
0.986688 0.298745
0.987294 0.297041
1.02453 0.317315
1.03297 0.333993
1.01517 0.337256
0.983172 0.326805
0.988815 0.342537
1.03989 0.352578
0.986619 0.343144
0.995883 0.352593
0.999905 0.38782
1.01493 0.409337
1.02086 0.396988
1.02015 0.381658
1.01225 0.375273
1.00468 0.362045
1.03379 0.370992
1.03102 0.384686
1.02033 0.408854
1.02326 0.409659
1.03607 0.412798
1.01554 0.419878
1.00833 0.438655
1.0474 0.414258
1.02621 0.436598
1.01995 0.441659
1.02631 0.461861
1.01442 0.472543
1.00823 0.456274
0.990463 0.371132
0.99527 0.397623
0.999387 0.420399
0.993587 0.399915
1.0127 0.482342
0.98837 0.3997
0.996655 0.456146
0.9972 0.458357
0.985902 0.429909
0.976169 0.395566
0.975802 0.371642
0.974937 0.377316
0.965932 0.357301
0.972985 0.355646
0.97739 0.363856
0.978923 0.343336
0.973762 0.332617
0.972203 0.315592
0.967459 0.322009
0.967129 0.291713
0.960081 0.287764
0.956142 0.288004
0.958481 0.308266
0.957669 0.306358
0.955828 0.297401
0.953405 0.312843
0.952189 0.324337
0.972033 0.400883
0.951012 0.335559
0.938132 0.271177
0.935551 0.285211
0.932479 0.281979
0.919641 0.261543
0.927454 0.291086
0.931342 0.304583
0.944825 0.335923
0.948671 0.349952
0.973746 0.41266
0.940772 0.336328
0.922592 0.290279
0.933131 0.32975
0.949724 0.366799
0.93507 0.340946
0.936655 0.344894
0.943813 0.357668
0.970356 0.41087
0.900243 0.277706
0.910387 0.310067
0.913109 0.316478
0.897689 0.328678
0.895039 0.292762
0.893077 0.296715
0.8881 0.326509
0.875373 0.337554
0.87246 0.344148
0.877517 0.320528
0.875338 0.319324
0.868509 0.328327
0.858198 0.324744
0.806322 0.377341
0.823151 0.364137
0.853518 0.356785
0.855755 0.35777
0.867036 0.352776
0.865787 0.358127
0.913499 0.331497
0.921755 0.332511
0.933202 0.34517
0.939781 0.360904
0.925521 0.366745
0.895708 0.358334
0.896503 0.359449
0.900376 0.363087
0.890263 0.366984
0.942132 0.376481
0.8942 0.370104
0.861078 0.363467
0.853643 0.367636
0.846275 0.362388
0.856434 0.373734
0.883472 0.378276
0.876718 0.38501
0.8924 0.385367
0.944132 0.388098
0.906583 0.393809
0.951446 0.389213
0.955358 0.396671
0.927403 0.397914
0.937022 0.398882
0.961527 0.402316
0.968898 0.411959
0.971684 0.431725
0.963223 0.427707
0.941894 0.408954
0.91785 0.399877
0.931396 0.420161
0.945821 0.428622
0.975261 0.448162
0.919946 0.420158
0.961116 0.442317
0.984177 0.455329
0.981598 0.464175
0.934304 0.431735
0.894808 0.410398
0.912674 0.423733
0.836447 0.374106
0.819473 0.385098
0.83358 0.390823
0.859477 0.396848
0.883857 0.415849
0.827115 0.390359
0.897367 0.423361
0.912414 0.434573
0.973774 0.464826
0.959322 0.462842
0.982968 0.47281
0.993178 0.483174
0.956841 0.463074
0.91512 0.442732
0.954549 0.465617
0.918807 0.450593
0.899666 0.443769
0.889812 0.441052
0.885971 0.440398
0.872023 0.432302
0.848859 0.424548
0.863731 0.413148
0.843197 0.406087
0.825297 0.396548
0.819007 0.395594
0.815696 0.39502
0.797727 0.395494
0.841751 0.421966
0.844313 0.425132
0.832803 0.422834
0.812011 0.420069
0.925037 0.461715
0.959987 0.474112
0.950367 0.471492
0.787467 0.41865
0.793347 0.424142
0.820904 0.432776
0.811948 0.433755
0.896086 0.456441
0.936021 0.467815
0.924345 0.465148
0.802025 0.432264
0.866613 0.451397
0.811842 0.436983
0.857569 0.457617
0.817271 0.444902
0.790573 0.436717
0.787731 0.4352
0.784009 0.429221
0.763091 0.428369
0.807991 0.443989
0.816802 0.447572
0.806214 0.444426
0.839591 0.45709
0.811311 0.449421
0.809556 0.448396
0.807816 0.448882
0.754393 0.438345
0.84365 0.460353
0.794418 0.45259
0.756838 0.450207
0.931562 0.472588
0.740164 0.449671
0.957629 0.47859
0.934234 0.477386
0.97045 0.482881
0.974095 0.485923
0.933671 0.478254
0.931642 0.48695
0.855004 0.469198
0.850242 0.469128
0.811794 0.461713
0.866964 0.475224
0.941677 0.491319
0.887429 0.48304
0.987664 0.505593
0.968923 0.501579
0.950657 0.497616
0.896196 0.488217
1.00583 0.521851
1.00354 0.522754
1.00421 0.526761
0.783771 0.457448
0.764719 0.455679
0.846494 0.481206
0.760037 0.458296
0.90188 0.497972
0.921423 0.50405
0.98623 0.523188
0.999027 0.527755
0.888019 0.496047
0.833749 0.481128
0.757802 0.459513
0.771431 0.465413
0.950896 0.516818
0.913611 0.511422
0.918897 0.514037
0.936447 0.516334
0.954344 0.527407
0.993501 0.532884
0.997552 0.538844
0.980897 0.545802
0.932059 0.532356
0.982578 0.556777
0.987565 0.560127
0.911007 0.524693
0.840421 0.495018
0.863233 0.498922
0.843239 0.488789
0.80223 0.475445
0.734134 0.457654
0.775326 0.595466
0.775464 0.593855
0.787586 0.632197
0.746603 0.495928
0.759526 0.534203
0.797275 0.647278
0.753036 0.507513
0.808561 0.67896
0.762016 0.534746
0.74259 0.474891
0.813126 0.68957
0.810575 0.670226
0.800504 0.632376
0.779486 0.553475
0.787694 0.60399
0.766443 0.531909
0.768898 0.515124
0.808196 0.653329
0.808368 0.64679
0.756913 0.46769
0.794654 0.594065
0.782258 0.543974
0.780909 0.522505
0.776291 0.477091
0.782218 0.49228
0.781673 0.50662
0.796131 0.566334
0.801341 0.576153
0.806876 0.590066
0.809611 0.597662
0.812507 0.610942
0.80845 0.567891
0.815598 0.606863
0.810011 0.550803
0.823828 0.661088
0.808405 0.618305
0.818923 0.68309
0.825343 0.706861
0.823929 0.664074
0.830827 0.693503
0.833759 0.676343
0.836237 0.663266
0.825445 0.62534
0.826322 0.647101
0.819613 0.582994
0.841198 0.565083
0.833127 0.563643
0.829736 0.568224
0.834337 0.547593
0.818669 0.564243
0.827769 0.550269
0.830356 0.545813
0.841995 0.522011
0.834257 0.52786
0.835019 0.525031
0.817896 0.558941
0.80646 0.529488
0.823874 0.525694
0.818123 0.524307
0.831559 0.518671
0.828549 0.516935
0.812083 0.521457
0.805668 0.516791
0.821891 0.508206
0.823182 0.506767
0.82989 0.505173
0.841639 0.506363
0.851942 0.560404
0.85552 0.548791
0.862576 0.517514
0.871592 0.526505
0.862174 0.532024
0.871258 0.538733
0.879202 0.534089
0.886964 0.52266
0.894992 0.534892
0.921665 0.546114
0.937954 0.558448
0.897533 0.543078
0.928728 0.559625
0.926349 0.560455
0.890263 0.589863
0.885551 0.566736
0.874671 0.564073
0.870464 0.562175
0.860817 0.576382
0.864435 0.56416
0.862861 0.568611
0.848827 0.592292
0.836511 0.59976
0.828964 0.608454
0.839802 0.608212
0.852471 0.595463
0.859292 0.593193
0.870391 0.584772
0.86372 0.606108
0.882233 0.600937
0.90951 0.587592
0.923878 0.577866
0.929813 0.571419
0.919954 0.574271
0.933467 0.569253
0.928588 0.570718
0.948059 0.563982
0.956744 0.559279
0.92243 0.59095
0.935769 0.592045
0.958407 0.570566
0.958372 0.562142
0.965706 0.565132
0.963493 0.572201
0.975741 0.563097
0.951307 0.591025
0.89873 0.602485
0.859664 0.613937
0.843962 0.628748
0.86312 0.614064
0.855165 0.621254
0.929901 0.603994
0.887611 0.622026
0.846506 0.63961
0.852571 0.637431
0.880181 0.62791
0.895035 0.625788
0.89479 0.630996
0.894145 0.639667
0.841256 0.652071
0.84069 0.663915
0.849165 0.662571
0.853544 0.64947
0.869505 0.648414
0.893317 0.641544
0.85383 0.672282
0.871158 0.666401
0.895719 0.644218
0.824035 0.712548
0.880813 0.6623
0.847062 0.695474
0.847207 0.699274
0.878699 0.675204
0.848601 0.709143
0.84401 0.70953
0.841456 0.718479
0.844665 0.716987
0.885493 0.6775
0.833963 0.755066
0.86196 0.713995
0.875198 0.693714
0.870451 0.705682
0.839268 0.766493
0.850634 0.773367
0.848922 0.754048
0.860561 0.737328
0.857142 0.748716
0.888268 0.684113
0.885411 0.690629
0.861353 0.751267
0.904879 0.649238
0.846076 0.78914
0.873232 0.729914
0.915463 0.628616
0.891549 0.693912
0.924368 0.620758
0.926582 0.618103
0.928502 0.617822
0.934073 0.624694
0.930202 0.635935
0.929342 0.638419
0.927373 0.631836
0.915901 0.657168
0.90307 0.696007
0.925265 0.65067
0.895323 0.715518
0.921131 0.634025
0.9103 0.667312
0.884634 0.74607
0.899007 0.700375
0.91177 0.659915
0.913279 0.652757
0.899281 0.694814
0.8951 0.697224
0.882974 0.725311
0.885709 0.726153
0.866295 0.762866
0.863282 0.797567
0.870143 0.787036
0.878783 0.76934
0.889098 0.743929
0.894204 0.73177
0.900318 0.723709
0.894793 0.742816
0.907695 0.710005
0.928099 0.648391
0.93166 0.647038
0.959254 0.588568
0.956004 0.604751
0.969651 0.579689
0.962182 0.607277
0.958157 0.620764
0.948018 0.635853
0.95203 0.630847
0.922264 0.681912
0.942453 0.652308
0.915902 0.706981
0.912211 0.714929
0.953392 0.632718
0.897494 0.753556
0.975358 0.585717
0.977151 0.586162
0.903675 0.740982
0.90431 0.743237
0.970469 0.604567
0.980269 0.595107
0.981014 0.597941
0.976087 0.609119
0.973145 0.620991
0.9452 0.684692
0.949953 0.663251
0.930908 0.707754
0.911204 0.747009
0.914525 0.739408
0.925691 0.714122
0.917396 0.719781
0.899777 0.764786
0.901538 0.755851
0.892652 0.773952
0.878168 0.797197
0.87327 0.808458
0.877643 0.792
0.863227 0.832145
0.893243 0.786507
0.899672 0.78064
0.907562 0.768653
0.881765 0.810673
0.880141 0.838999
0.878498 0.855016
0.884371 0.83648
0.885474 0.830403
0.884308 0.820228
0.889194 0.819282
0.904483 0.789208
0.891546 0.816402
0.907936 0.785022
0.903661 0.802945
0.895881 0.821993
0.89228 0.841964
0.902031 0.813026
0.902287 0.810576
0.914766 0.783533
0.933297 0.738566
0.923042 0.752487
0.897982 0.797098
0.923456 0.745166
0.937769 0.724807
0.928542 0.734367
0.927285 0.735728
0.905758 0.763791
0.916419 0.740753
0.930702 0.716193
0.950735 0.690436
0.922668 0.768699
0.898676 0.837505
0.935671 0.734702
1.04662 0.424708
1.03563 0.459474
1.04474 0.435818
0.94748 0.703913
1.04767 0.429092
0.934684 0.740202
0.976963 0.628653
1.00985 0.541999
1.02052 0.514051
1.04065 0.460572
1.03505 0.478328
0.955471 0.692446
1.00365 0.567358
0.885396 0.876786
0.945064 0.724076
0.972684 0.652823
0.913912 0.805527
1.00314 0.577188
0.984934 0.628971
1.01892 0.543737
0.946487 0.728401
0.914651 0.810795
0.95915 0.701253
0.907702 0.828898
0.917538 0.80668
0.959754 0.700185
0.947043 0.739389
0.923904 0.795095
0.940994 0.757067
0.935731 0.771516
0.925197 0.809208
0.917698 0.809697
0.907753 0.838934
0.902554 0.868611
0.915685 0.852697
0.924637 0.844563
0.937988 0.833915
0.969608 0.829799
0.981016 0.827362
0.984792 0.822119
0.972027 0.8128
0.967198 0.806103
0.976978 0.805015
0.989858 0.812159
0.988598 0.807843
0.99315 0.793501
0.988687 0.800126
0.99229 0.790937
0.994909 0.781045
0.969696 0.801013
0.926536 0.837957
0.993507 0.779191
0.926894 0.832963
0.924014 0.833368
0.934611 0.801608
0.985254 0.648758
1.01628 0.556202
0.931944 0.814091
0.963137 0.731005
0.952229 0.770055
0.957654 0.760462
0.974338 0.705844
0.980916 0.678562
0.997696 0.62903
1.01552 0.569492
1.03295 0.513662
0.99415 0.642698
0.997812 0.63548
1.00993 0.593137
1.01278 0.586906
0.9961 0.642842
1.01223 0.597662
1.04198 0.493084
1.01596 0.585976
1.02761 0.550612
1.00311 0.630571
0.970616 0.731362
1.00106 0.645373
0.997506 0.656112
0.985399 0.699625
0.984878 0.70849
1.00384 0.64493
1.0033 0.650438
1.01056 0.617682
1.00731 0.649032
1.00549 0.650304
1.00596 0.659336
1.00879 0.647095
1.01833 0.596564
1.02149 0.600136
1.02718 0.566425
1.02755 0.573318
1.02585 0.593849
1.03475 0.533386
1.03133 0.566098
1.03553 0.562136
1.03511 0.563608
1.03313 0.574147
1.03015 0.593399
1.04334 0.552074
1.04719 0.536884
1.03518 0.60389
1.01653 0.647611
1.01516 0.643376
1.01099 0.64818
1.00171 0.68358
0.988792 0.716472
0.989324 0.717868
0.985281 0.731725
0.979523 0.737433
0.974919 0.75088
0.969756 0.778608
0.995754 0.719151
0.996936 0.701708
1.01628 0.656045
1.00537 0.684627
1.01321 0.669422
1.01738 0.668546
0.977668 0.76193
1.02071 0.661368
0.984215 0.746829
0.966959 0.787175
0.967133 0.789419
0.974014 0.787885
0.984749 0.768378
0.988354 0.765421
1.00501 0.710443
1.01296 0.692915
1.0076 0.720947
1.00325 0.74741
1.02582 0.644354
1.02294 0.664005
1.01857 0.683485
1.03017 0.637724
1.03462 0.62597
1.03118 0.639812
1.00718 0.743684
1.01717 0.695723
1.00461 0.754357
1.0035 0.760617
1.04575 0.590237
1.04228 0.606344
1.04659 0.594655
1.04289 0.61111
1.04104 0.620458
1.02572 0.692445
1.03997 0.645443
1.0447 0.642433
1.02848 0.702067
1.02464 0.716068
1.00048 0.803687
1.0474 0.668561
1.04515 0.682943
1.01741 0.770855
1.04822 0.710405
1.02578 0.762231
1.03352 0.767546
1.03745 0.771309
1.04925 0.709979
1.04672 0.788427
1.04493 0.794573
1.02745 0.802352
1.0226 0.805663
1.02699 0.789832
1.01074 0.807838
1.00678 0.815953
1.02176 0.811802
0.912806 0.865257
1.00801 0.820362
0.88339 0.889967
0.881082 0.892325
0.955208 0.853271
0.882796 0.891955
0.94115 0.86722
1.02035 0.817164
1.03406 0.810235
1.02129 0.821918
1.00743 0.832723
1.04078 0.818738
0.986349 0.847124
1.03748 0.822
1.01626 0.835543
0.964269 0.861693
0.879006 0.898784
0.881554 0.902741
0.936162 0.880695
0.877865 0.911438
0.866171 0.929325
0.87832 0.923118
0.892301 0.914006
0.951001 0.881464
0.899494 0.913301
0.895961 0.922297
0.864072 0.95712
0.901967 0.922104
0.915539 0.913618
0.962802 0.882254
0.940733 0.895338
0.990489 0.860418
0.956379 0.890846
0.885509 0.942444
1.01314 0.851287
1.02778 0.841082
1.00707 0.858092
0.993633 0.867096
0.987408 0.872188
0.958409 0.894284
0.955744 0.899641
1.00017 0.866838
1.01692 0.857929
1.04547 0.841289
1.01629 0.868464
0.935647 0.921364
0.972596 0.896173
0.970544 0.892451
0.922271 0.930133
0.918337 0.92738
0.925697 0.919711
0.847931 0.976683
0.898882 0.942306
0.880882 0.956483
0.881734 0.957848
0.886045 0.95552
0.907626 0.944398
0.99387 0.887988
0.875118 0.969459
0.896812 0.954825
0.934351 0.932285
0.990881 0.894885
1.04807 0.853215
1.00101 0.888158
0.960241 0.915701
1.02327 0.875735
0.948367 0.92708
0.951058 0.929627
0.990345 0.945929
0.968038 0.931657
1.00418 0.939955
1.00759 0.935371
1.00521 0.93241
1.00151 0.931482
1.00017 0.918203
1.00648 0.915689
0.999752 0.898313
1.00917 0.921948
1.01645 0.928388
1.01926 0.898686
1.01296 0.903216
1.02867 0.87934
1.03494 0.870437
1.03388 0.882027
1.04156 0.867388
1.0237 0.916622
1.01849 0.931504
1.02087 0.937148
1.02513 0.922153
1.04833 0.865983
1.04742 0.910046
1.0487 0.918626
1.04948 0.939706
1.01652 0.96299
1.01896 0.965264
1.04067 0.961524
1.04167 0.962407
1.03993 0.975601
1.03406 0.983069
1.03692 0.993
1.04856 1.00909
0.999367 0.964831
0.981612 0.951361
0.974631 0.945732
0.982609 0.959341
0.98394 0.962056
1.03924 1.02696
1.0394 1.02914
0.95531 0.939988
0.948089 0.932462
1.00401 1.00095
0.960938 0.966642
0.946909 0.948142
0.940303 0.944902
0.952935 0.961608
0.957836 0.967884
1.04079 1.04341
1.02109 1.02656
1.00951 1.02366
1.00912 1.03211
1.02147 1.03165
1.01097 1.03768
1.021 1.04607
0.998105 1.04281
0.988428 1.04142
0.991261 1.03561
0.988056 1.03544
0.980446 1.02917
0.976058 1.01684
0.995671 1.00574
0.97398 1.00881
0.978542 1.00563
0.969712 1.01005
0.96726 1.01074
0.967252 1.00752
0.958285 0.997866
0.968249 1.00162
0.970096 0.999435
0.974771 0.995401
0.97158 0.986258
0.956198 0.975776
0.948596 0.983589
0.937044 0.967647
0.937463 0.982726
0.944282 0.99857
0.937849 0.989678
0.941776 0.999385
0.964918 1.01749
0.971419 1.02141
0.963745 1.02523
0.992016 1.0497
0.953702 1.04042
0.944241 1.04655
0.918728 1.04968
0.928569 1.00425
0.930728 1.00607
0.934566 1.01195
0.936717 1.01449
0.940058 1.01258
0.930431 0.98308
0.926353 0.982731
0.919596 1.01478
0.914713 1.03898
0.90242 1.02957
0.901125 1.0392
0.893569 1.03971
0.895441 1.02946
0.914817 1.0224
0.919262 1.01034
0.923926 0.969215
0.918859 0.957699
0.897936 0.99087
0.880739 1.02894
0.895077 0.99171
0.880028 1.0123
0.871576 1.04485
0.872992 1.01336
0.869392 1.04377
0.851656 1.03571
0.857375 1.0437
0.844699 1.03675
0.887395 0.993928
0.90092 0.971603
0.84257 1.01743
0.880406 0.982022
0.893204 0.969907
0.926364 0.944755
0.868512 0.983397
0.835668 1.01014
0.831739 0.938631
0.831034 0.968079
0.826424 0.959135
0.823966 0.910933
0.820415 0.928861
0.800994 0.835602
0.798454 0.822496
0.810795 0.896246
0.817778 0.938707
0.788379 0.811007
0.784882 0.770441
0.787097 0.773639
0.771088 0.714952
0.798908 0.811387
0.758288 0.663143
0.800352 0.811453
0.809749 0.84965
0.823508 0.899177
0.81519 0.864713
0.79392 0.780041
0.828903 0.913444
0.801383 0.806984
0.811194 0.827948
0.80629 0.824369
0.816315 0.859801
0.819154 0.870469
0.82631 0.890354
0.833371 0.926136
0.844026 0.929883
0.834933 0.891749
0.836703 0.89957
0.828192 0.869732
0.808798 0.808435
0.750163 0.625451
0.812878 0.817005
0.759717 0.651735
0.797789 0.764031
0.815974 0.821993
0.793759 0.749389
0.781358 0.698013
0.826603 0.832171
0.831835 0.822039
0.83915 0.848839
0.822956 0.831545
0.823839 0.834539
0.83841 0.864101
0.83878 0.870545
0.831627 0.873778
0.833702 0.876524
0.833021 0.877439
0.844886 0.905004
0.850329 0.918418
0.851038 0.881923
0.863872 0.900067
0.742632 0.595158
0.760125 0.637931
0.791187 0.715886
0.753521 0.620602
0.743465 0.592843
0.78404 0.693783
0.833786 0.806996
0.859962 0.866725
0.859088 0.864634
0.870072 0.8888
0.82236 0.776305
0.788028 0.695239
0.806922 0.733425
0.789629 0.6903
0.776712 0.669743
0.774906 0.663907
0.776168 0.662651
0.741577 0.577988
0.736469 0.558992
0.729046 0.536033
0.742181 0.566412
0.75275 0.59224
0.773107 0.640969
0.864782 0.865972
0.863466 0.859656
0.737089 0.54679
0.779238 0.649653
0.776297 0.641741
0.837508 0.789087
0.797374 0.692134
0.785518 0.663293
0.782575 0.65605
0.809056 0.71878
0.817023 0.736862
0.802995 0.703232
0.772874 0.62974
0.743918 0.561518
0.767127 0.615237
0.76491 0.608507
0.758467 0.588082
0.760204 0.580477
0.770069 0.605417
0.785482 0.658811
0.790502 0.6571
0.809109 0.70436
0.777179 0.617536
0.756972 0.558037
0.813565 0.71061
0.736159 0.496273
0.739309 0.517711
0.740107 0.520989
0.738974 0.525604
0.723278 0.469353
0.725973 0.47962
0.726617 0.511215
0.717568 0.470945
0.709103 0.437404
0.697199 0.405845
0.686904 0.365389
0.682941 0.366303
0.695136 0.408075
0.700488 0.440813
0.683247 0.379144
0.687396 0.397809
0.715359 0.510761
0.716892 0.51196
0.73227 0.588086
0.73187 0.586965
0.722279 0.558737
0.769005 0.756531
0.7325 0.576272
0.718518 0.502551
0.727086 0.541087
0.745985 0.629119
0.755643 0.673321
0.750346 0.647252
0.73426 0.573126
0.769067 0.731982
0.803563 0.882109
0.808771 0.909594
0.820775 0.957208
0.80048 0.87948
0.817749 0.960687
0.829277 1.02114
0.795943 0.879325
0.806687 0.930399
0.816349 0.978833
0.804673 0.929677
0.815533 0.996591
0.819574 1.02273
0.807885 0.954321
0.804663 0.934061
0.805481 0.945936
0.807352 0.987694
0.802067 0.924956
0.797564 0.963423
0.801354 0.923826
0.793835 0.898199
0.791552 0.912053
0.792858 0.895891
0.780595 0.881004
0.780805 0.888498
0.773092 0.885349
0.771419 0.895647
0.793586 0.954478
0.802779 0.979675
0.81108 1.00838
0.797215 0.97624
0.782462 0.942688
0.769174 0.905326
0.766522 0.900101
0.775752 0.929665
0.759322 0.896712
0.756475 0.896419
0.774069 0.951584
0.817089 1.03203
0.820903 1.04088
0.770749 0.960609
0.74169 0.912469
0.776662 0.972562
0.775441 0.976698
0.789076 0.999781
0.794646 1.00835
0.812265 1.04338
0.795557 1.02078
0.805357 1.04507
0.800128 1.04122
0.791737 1.02759
0.771495 0.989254
0.790999 1.04154
0.780049 1.0238
0.771594 1.0061
0.761454 0.976845
0.747709 0.946032
0.77205 1.0165
0.767053 1.03397
0.754447 1.04872
0.751529 1.03621
0.750742 1.03185
0.745752 0.989241
0.74432 0.965406
0.74534 1.00536
0.746056 1.0393
0.743824 1.04569
0.737057 0.92926
0.732951 0.951563
0.734729 0.967245
0.738277 0.967278
0.732461 1.02974
0.730738 1.02188
0.71581 1.04349
0.699863 1.04807
0.704005 1.04328
0.681163 1.04531
0.655417 1.04434
0.631281 1.04314
0.610458 1.04577
0.606968 1.04015
0.658599 1.03897
0.659542 1.03793
0.701837 1.03235
0.695384 1.02998
0.618237 1.03454
0.636138 1.02062
0.654066 1.00698
0.642751 1.00279
0.673142 0.998582
0.673515 1.00524
0.698827 0.979956
0.691136 0.992703
0.671029 1.00969
0.676194 1.0183
0.684683 1.02467
0.691305 1.0257
0.715614 1.02314
0.697875 1.01534
0.701767 1.01365
0.712098 1.00976
0.705551 0.987118
0.710295 0.979969
0.705391 0.980667
0.701981 0.983565
0.71878 0.959085
0.720845 0.940831
0.720145 0.942495
0.712486 0.947695
0.718724 0.940564
0.72376 0.931668
0.661962 0.984552
0.688776 0.961031
0.69405 0.954517
0.681355 0.966179
0.660398 0.983232
0.657892 0.982692
0.755202 0.895566
0.71748 0.928773
0.766765 0.884701
0.698026 0.936404
0.763738 0.881543
0.764088 0.879482
0.750721 0.888711
0.754928 0.881768
0.776086 0.865401
0.778124 0.859442
0.772252 0.859561
0.722151 0.91034
0.704694 0.926157
0.732872 0.893966
0.781164 0.842461
0.701515 0.924125
0.743628 0.879686
0.777443 0.843379
0.783132 0.826523
0.78098 0.824911
0.759336 0.856521
0.71421 0.90792
0.710788 0.912013
0.710902 0.910753
0.758449 0.849966
0.752338 0.850441
0.744899 0.857307
0.710504 0.905156
0.703584 0.913264
0.744138 0.855995
0.699906 0.886475
0.629277 0.937026
0.626635 0.939688
0.580756 0.972622
0.547338 0.997415
0.60614 0.955663
0.719185 0.877593
0.676913 0.907908
0.595097 0.96759
0.619915 0.950558
0.620876 0.949868
0.629428 0.94361
0.644821 0.932993
0.648669 0.936067
0.630966 0.948228
0.634881 0.974012
0.64379 0.941827
0.642361 0.949804
0.642299 0.962581
0.651981 0.940428
0.653582 0.935925
0.659463 0.94451
0.696036 0.910939
0.705446 0.907989
0.702785 0.911802
0.677642 0.941735
0.648251 0.989923
0.634081 0.991944
0.622534 1.0047
0.618585 1.00907
0.614006 1.01383
0.603113 1.02607
0.619988 1.0061
0.584012 1.04417
0.572305 1.04218
0.572253 1.02972
0.580064 1.02195
0.586194 1.0333
0.586871 1.02726
0.590321 1.02271
0.594143 1.0207
0.621206 0.99773
0.605871 1.00882
0.601052 1.00531
0.599578 1.00517
0.590563 1.01876
0.60525 0.990137
0.612013 0.979156
0.616531 0.970718
0.623706 0.952983
0.605668 0.985147
0.597064 0.986368
0.57044 1.02005
0.565239 1.02566
0.563872 1.02826
0.539572 1.04886
0.567272 1.00574
0.582206 0.981768
0.571513 0.994814
0.538564 1.02501
0.576268 0.985178
0.545916 1.0146
0.54218 1.01618
0.534312 1.01376
0.518713 1.04194
0.528993 1.02603
0.535224 1.02545
0.516881 1.04552
0.51714 1.02508
0.513692 1.03983
0.4988 1.04229
0.510119 1.02507
0.523294 1.01318
0.509151 1.02214
0.549436 0.989859
0.673919 0.903776
0.686654 0.89476
0.708432 0.879048
0.73865 0.856543
0.625295 0.936953
0.702727 0.879561
0.698649 0.881359
0.690578 0.880677
0.685134 0.886645
0.668678 0.894815
0.637236 0.920562
0.658827 0.907814
0.644162 0.916884
0.610057 0.940781
0.665131 0.905504
0.523218 1.00644
0.572231 0.966341
0.540313 0.984629
0.5424 0.98286
0.553785 0.975141
0.567154 0.967118
0.513565 0.996526
0.508954 1.00931
0.510124 1.01483
0.47706 1.02566
0.469959 1.03136
0.469494 1.02869
0.46126 1.0345
0.498835 1.0245
0.487502 1.03199
0.455764 1.0421
0.429476 1.04818
0.628985 0.922524
0.630608 0.920488
0.599837 0.939044
0.583819 0.949188
0.5299 0.977886
0.638766 0.913182
0.68174 0.88299
0.69232 0.876287
0.642342 0.903486
0.695355 0.868559
0.652772 0.895514
0.617892 0.917437
0.634785 0.906366
0.587416 0.935275
0.491085 0.99985
0.464484 1.01323
0.44119 1.02809
0.42837 1.03768
0.425206 1.0367
0.407587 1.04359
0.4193 1.03791
0.393529 1.04928
0.385158 1.04819
0.424915 1.02773
0.439053 1.02088
0.435607 1.02766
0.488201 0.984349
0.475502 0.996227
0.459124 1.01397
0.510234 0.978277
0.543378 0.962827
0.547069 0.956807
0.554798 0.954462
0.6247 0.908332
0.60722 0.913779
0.501589 0.975477
0.435406 1.01534
0.446422 1.0081
0.452156 1.00331
0.517206 0.965892
0.435776 1.01022
0.408718 1.02673
0.433425 1.00971
0.413555 1.02042
0.379664 1.03855
0.364568 1.04497
0.363616 1.04492
0.361669 1.04309
0.380622 1.02577
0.430324 1.00268
0.523849 0.958609
0.579333 0.926848
0.496227 0.970664
0.498367 0.968622
0.439575 0.99561
0.451773 0.988429
0.563338 0.932491
0.624377 0.902342
0.721565 0.854977
0.715041 0.854952
0.727696 0.847261
0.585957 0.918467
0.508902 0.957161
0.381446 1.02124
0.420465 1.00107
0.572375 0.924044
0.387809 1.01357
0.624061 0.897449
0.599281 0.907989
0.632729 0.891577
0.698057 0.860714
0.686348 0.86471
0.719428 0.848354
0.723983 0.844185
0.687903 0.863181
0.513639 0.949858
0.489747 0.960341
0.449562 0.980428
0.473049 0.968234
0.661461 0.87164
0.647516 0.876458
0.620022 0.889869
0.680991 0.857232
0.564354 0.917956
0.493766 0.953655
0.402213 1.00014
0.370269 1.01473
0.400987 0.998876
0.622811 0.885842
0.328442 1.03497
0.396916 1.00018
0.499777 0.947937
0.663025 0.865205
0.314113 1.04185
0.346301 1.02391
0.306848 1.04184
0.299621 1.04409
0.293823 1.03631
0.307582 1.02804
0.304348 1.00573
0.305877 1.01331
0.314458 1.03641
0.309264 1.01577
0.320385 1.01968
0.332586 1.01255
0.335427 1.00364
0.324909 0.959612
0.319166 0.965901
0.297783 1.00822
0.282584 0.973575
0.285181 1.00198
0.280133 0.967838
0.282678 1.01163
0.279297 1.00121
0.286183 1.04861
0.282015 1.04904
0.272049 1.00464
0.272966 0.979482
0.270762 0.967541
0.264783 0.959844
0.24725 0.952263
0.243626 0.949361
0.240345 0.946953
0.269194 0.952396
0.29319 0.955736
0.272063 0.946176
0.284929 0.941869
0.298295 0.955332
0.308229 0.947527
0.322134 0.952408
0.32328 0.944202
0.314551 0.935458
0.306745 0.936304
0.304157 0.931637
0.285797 0.939341
0.293101 0.927706
0.263668 0.93638
0.250246 0.93124
0.294756 0.923215
0.286401 0.922065
0.273742 0.915833
0.27412 0.911095
0.26167 0.911842
0.262946 0.908665
0.255887 0.902481
0.245761 0.896687
0.241942 0.89642
0.234883 0.897238
0.234313 0.888424
0.230735 0.889148
0.227745 0.890149
0.226285 0.900949
0.227177 0.914724
0.22974 0.932734
0.233485 0.981638
0.233747 0.94068
0.234192 0.955401
0.238582 0.964203
0.243661 0.963534
0.258493 1.00398
0.248336 0.987755
0.245932 0.992202
0.241346 1.00159
0.254818 1.00317
0.245919 1.01059
0.267087 1.0368
0.266633 1.03807
0.272512 1.04935
0.249019 1.04257
0.250614 1.03775
0.245621 1.02047
0.237551 1.0219
0.234855 1.04725
0.225773 0.92941
0.223951 0.907409
0.222226 0.925341
0.222241 0.940554
0.220982 0.949869
0.225819 1.0176
0.218327 0.966146
0.216958 0.932363
0.218054 0.967523
0.205055 0.970412
0.20332 0.961914
0.203867 0.957173
0.200164 0.954831
0.215607 0.92712
0.208672 0.924441
0.196762 0.952604
0.214222 0.889999
0.204171 0.877666
0.202687 0.88644
0.176796 0.858039
0.172675 0.859693
0.169334 0.887244
0.173438 0.895279
0.178731 0.903888
0.189182 0.904256
0.180927 0.913612
0.197314 0.940667
0.191353 0.943994
0.193602 0.940194
0.180911 0.92077
0.207637 0.989281
0.226537 1.03936
0.211326 1.03648
0.187076 1.04063
0.204569 1.04454
0.208491 1.04566
0.193395 1.04241
0.196664 1.04516
0.15057 1.03869
0.157471 1.03842
0.091733 1.03286
0.094769 1.03717
0.137251 1.04943
0.115601 1.04814
0.108323 1.04937
0.074183 1.04734
0.071042 1.04873
0.05328 1.04243
0.067063 1.04035
0.073802 1.03397
0.080389 1.0367
0.067448 1.0264
0.218832 1.0351
0.13463 1.02776
0.124098 0.973146
0.121598 0.943771
0.116447 0.965311
0.114766 1.01
0.113861 1.005
0.107084 1.00932
0.112766 0.967908
0.116345 0.915657
0.109581 0.968015
0.110236 0.945807
0.105841 0.892453
0.105245 0.910053
0.100201 1.01807
0.103559 0.911277
0.099549 0.907626
0.095802 0.911585
0.079592 0.950051
0.073832 0.963645
0.098175 0.93066
0.086104 0.95602
0.0807 0.965592
0.096072 0.97047
0.091885 0.986669
0.0864 0.988726
0.077623 0.971856
0.078948 0.992795
0.088655 1.00893
0.072152 0.993648
0.076274 1.01013
0.089079 1.0262
