1
500 1
0.350443 0.359084
0.37521 0.3577
0.393308 0.362238
0.427432 0.420382
0.440178 0.45769
0.476159 0.509115
0.496533 0.548174
0.418197 0.391258
0.556372 0.354348
0.60513 0.352184
0.578336 0.386724
0.523709 0.437912
0.601281 0.412842
0.660593 0.433137
0.66985 0.417018
0.726953 0.442724
0.72673 0.451278
0.687465 0.454233
0.753831 0.461706
0.677907 0.455273
0.615211 0.435419
0.596039 0.437269
0.678401 0.46425
0.536522 0.454666
0.607325 0.467593
0.613727 0.499926
0.754055 0.499723
0.745315 0.503174
0.725064 0.50748
0.727268 0.510651
0.610959 0.533486
0.571832 0.558837
0.648713 0.541599
0.76081 0.521455
0.752478 0.596831
0.663178 0.560362
0.683114 0.587593
0.614417 0.568964
0.607278 0.573386
0.580767 0.576845
0.722465 0.64394
0.666468 0.653948
0.623006 0.672386
0.687949 0.743236
0.633213 0.853504
0.77254 0.586804
0.728821 0.698814
0.793184 0.577097
0.745038 0.677901
0.820635 0.621903
0.782262 0.675924
0.73215 0.769389
0.737621 0.739514
0.737378 0.723383
0.707925 0.777875
0.671949 0.837093
0.651849 0.880599
0.532266 1.05374
0.638714 0.906255
0.62224 0.933644
0.516387 1.09411
0.540007 1.09539
0.568397 1.0729
0.532585 1.085
0.594042 1.05592
0.637414 0.970822
0.628834 0.956362
0.611338 0.954152
0.650041 0.899468
0.687308 0.906455
0.658671 0.989866
0.696902 0.909297
0.711982 0.92063
0.678226 0.988871
0.735288 0.94887
0.771595 0.911829
0.786331 0.909574
0.779255 0.886859
0.75416 0.876951
0.781813 0.875985
0.782217 0.850903
0.801233 0.799123
0.769433 0.780925
0.768522 0.767425
0.767113 0.750251
0.833597 0.700908
0.816348 0.700402
0.850008 0.630203
0.765815 0.727854
0.858132 0.613027
0.826423 0.747254
0.846126 0.683712
0.846164 0.70295
0.822108 0.774838
0.826742 0.779905
0.803559 0.85269
0.833029 0.803134
0.860833 0.773169
0.849966 0.818265
0.910163 0.741531
0.952979 0.769012
0.946462 0.705532
0.9168 0.723267
0.913805 0.704568
0.873875 0.600427
0.874862 0.582492
0.949263 0.532734
0.986267 0.50564
0.970226 0.510327
1.07245 0.440009
1.03694 0.462939
1.01355 0.466523
1.01312 0.442431
0.949918 0.45903
0.921363 0.467599
0.903543 0.484694
0.876467 0.479832
0.829929 0.454414
0.815461 0.461523
0.75702 0.443496
0.828978 0.437174
0.861483 0.447125
0.874827 0.421993
0.822529 0.430855
0.709818 0.397121
0.732543 0.396915
0.845233 0.400771
0.78963 0.393579
0.703832 0.364535
0.691673 0.361245
0.84114 0.374919
0.930523 0.390962
0.90159 0.382494
0.962503 0.392261
0.901683 0.370482
1.02428 0.381011
1.04465 0.378434
1.07563 0.424188
1.11345 0.41307
1.14835 0.401192
0.915846 0.571525
1.00165 0.549625
0.912597 0.620153
0.956379 0.635902
1.02894 0.582159
0.954104 0.600009
1.03463 0.564634
1.04768 0.558865
1.03865 0.537003
1.02935 0.510739
1.05235 0.523538
1.05941 0.495533
1.06394 0.504441
1.0767 0.527822
1.11017 0.465609
1.02697 0.506795
1.18571 0.390347
1.00081 0.62726
0.998731 0.650426
1.00121 0.665551
1.02885 0.614393
1.03168 0.670557
1.08061 0.586612
1.15526 0.472528
1.02683 0.70832
1.09987 0.615706
1.13254 0.547969
1.21681 0.398209
1.15125 0.535133
1.05671 0.722851
1.09856 0.647893
1.13388 0.581028
1.05439 0.738345
1.07262 0.711037
1.18698 0.480622
1.16147 0.535221
1.12735 0.608485
1.14981 0.567395
1.09098 0.681549
1.1138 0.665108
1.12315 0.664137
1.14513 0.626203
1.15193 0.581477
1.18297 0.543954
1.18781 0.52106
1.20238 0.54555
1.17752 0.620528
1.22259 0.590279
1.23555 0.585211
1.24513 0.570948
1.26855 0.543256
1.27008 0.513941
1.24977 0.419261
1.2455 0.391089
1.29454 0.525752
1.30297 0.479336
1.31171 0.466066
1.31805 0.408866
1.33373 0.401427
1.34791 0.427283
1.32249 0.444262
1.34269 0.5171
1.34845 0.575125
1.3223 0.577806
1.27617 0.695566
1.27739 0.663856
1.28669 0.598745
1.28729 0.597041
1.27376 0.632617
1.2722 0.615592
1.26746 0.622009
1.26008 0.587764
1.23134 0.604583
1.22175 0.632511
1.19571 0.658334
1.2343 0.731735
1.24189 0.708954
1.23702 0.698882
1.24413 0.688098
1.24972 0.666799
1.27526 0.748162
1.27045 0.782881
1.25999 0.774112
1.34659 0.894655
1.29755 0.838844
1.33015 0.893399
1.33518 0.90389
1.30365 0.867358
1.31223 0.897662
1.28757 0.860127
1.30731 0.949032
1.31321 0.969422
1.30596 0.959336
1.3033 0.950438
1.31296 0.992915
1.27268 0.952823
1.25841 0.870566
1.23577 0.892045
1.23602 0.767815
1.18802 0.796047
1.21881 0.750593
1.14324 0.788789
1.13358 0.690823
1.10782 0.748882
1.10567 0.816791
1.05847 0.888082
1.07546 0.893855
1.00573 0.985006
0.954255 0.983978
0.955007 1.04501
0.899104 1.06987
0.854309 1.11303
0.860835 1.18643
0.923353 1.11407
0.943424 1.08292
0.987602 1.02118
1.05035 0.947252
1.10961 0.897662
1.08759 0.932197
1.08552 0.963293
1.12974 0.868224
1.1082 0.953329
1.1412 0.865083
1.15247 0.895463
1.15929 0.893193
1.16372 0.906108
1.22113 0.934025
1.28488 1.00849
1.25073 0.990436
1.33745 1.07131
1.22226 0.981912
1.23777 1.02481
1.21221 1.01493
1.28635 1.14712
1.29491 1.08105
1.32778 1.14108
1.33494 1.17044
1.34067 1.26152
1.34079 1.34341
1.32147 1.33165
1.22267 1.0687
1.20756 1.06865
1.2112 1.04701
1.18571 1.02615
1.21465 1.11079
1.19967 1.08064
1.21569 1.1527
1.14126 0.952071
1.17878 1.06934
1.14706 0.995474
1.14467 1.01699
1.18176 1.11067
1.13379 1.107
1.05326 1.086
0.985762 1.09329
0.968558 1.10017
1.10099 1.1356
1.10048 1.17948
1.13163 1.17378
1.16347 1.15966
1.1337 1.17652
1.21554 1.21362
1.23435 1.23229
1.24691 1.24814
1.11079 1.19625
0.971993 1.14294
0.980991 1.15723
1.0552 1.19557
1.14403 1.22988
1.18551 1.24244
1.2562 1.27578
1.16407 1.25712
1.13103 1.26808
1.09756 1.26342
1.10735 1.28769
1.11553 1.29659
1.26375 1.32523
1.01561 1.32314
1.20242 1.32957
0.984683 1.32467
0.903113 1.32607
0.906968 1.34015
0.886871 1.32726
0.905871 1.30882
0.90525 1.29014
0.905668 1.28515
0.916531 1.27072
0.895097 1.26759
0.919915 1.25056
0.929428 1.24361
0.948669 1.23607
0.996036 1.21094
0.923121 1.15915
0.973919 1.20378
0.901328 1.19092
0.887416 1.23528
0.885413 1.19179
0.843378 1.26283
0.817206 1.26589
0.828993 1.32603
0.813692 1.33983
0.808954 1.30931
0.663616 1.34492
0.769737 1.23876
0.793766 1.25365
0.785651 1.1937
0.713876 1.26665
0.674703 1.27922
0.669557 1.2817
0.648948 1.27605
0.554818 1.30317
0.604348 1.30573
0.620385 1.31968
0.582678 1.31163
0.614113 1.34185
0.493395 1.34241
0.394769 1.33717
0.400201 1.31807
0.467896 1.28018
0.456442 1.29275
0.493595 1.29292
0.619166 1.2659
0.572966 1.27948
0.634268 1.26285
0.598295 1.25533
0.646744 1.22932
0.696279 1.2329
0.66733 1.22484
0.772796 1.17706
0.698128 1.19446
0.80753 1.09707
0.855326 1.03722
0.714889 1.16866
0.718695 1.1497
0.6366 1.21403
0.728914 1.12967
0.641319 1.18293
0.788775 1.07424
0.947218 0.967147
0.622113 1.1718
0.440699 1.28398
0.773138 1.06632
0.810972 0.986553
0.915129 0.951546
0.997403 0.915079
1.0004 0.88864
0.934245 0.912079
1.02228 0.858737
1.05953 0.834203
0.940691 0.891115
1.01852 0.802551
1.05691 0.76769
0.969585 0.840043
0.992398 0.824781
0.913731 0.89005
1.0008 0.794005
0.894977 0.878802
0.911365 0.861334
0.948794 0.803668
0.839796 0.932525
0.835348 0.930316
0.818078 0.947803
0.833926 0.940692
0.749529 1.07094
0.791423 0.966986
0.747154 1.02668
0.674169 1.07605
0.68409 1.05829
0.545761 1.19669
0.541942 1.19642
0.81271 0.922895
0.593033 1.1328
0.530735 1.18915
0.527745 1.19015
0.797556 0.909304
0.661624 1.04273
0.489182 1.20426
0.56368 1.12986
0.654208 1.04746
0.569625 1.12313
0.602928 1.09133
0.462468 1.2083
0.552642 1.11784
0.432966 1.22341
0.416345 1.21566
0.379411 1.22719
0.373632 1.20767
0.366613 1.1784
0.460992 1.17755
0.454091 1.10119
0.384234 1.15076
0.35797 1.12665
0.36721 1.11285
0.385012 1.11934
0.416115 1.08522
0.408408 1.0841
0.368226 1.05396
0.366319 1.03567
0.370897 1.02107
0.393121 1.00202
0.390288 0.983103
0.409963 1.02685
0.390688 0.868129
0.397115 0.743493
0.361463 0.849297
0.396256 0.715862
0.435582 1.02085
0.423775 0.867101
0.427919 0.784702
0.430279 0.790337
0.436035 0.949637
0.441807 1.04151
0.450063 1.08302
0.437486 0.894198
0.439416 0.900445
0.515559 1.07345
0.480267 0.961763
0.465994 0.924654
0.449516 0.81972
0.537818 1.00762
0.516384 0.879876
0.54266 0.893816
0.494281 0.84264
0.548494 0.869862
0.507576 0.830092
0.508229 0.827382
0.467688 0.798216
0.456761 0.762824
0.445898 0.749441
0.47004 0.739294
0.562084 0.838184
0.560508 0.834952
0.584912 0.808215
0.658339 0.780098
0.663085 0.769265
0.524832 0.708649
0.559465 0.742331
0.515439 0.7213
0.502899 0.731415
0.435725 0.670885
0.422678 0.634738
0.665274 0.75337
0.589931 0.694201
0.55459 0.668785
0.540747 0.643867
0.460964 0.633321
0.491698 0.618337
0.436304 0.61972
0.39847 0.571909
0.434566 0.585297
0.520827 0.611347
0.544855 0.607431
0.368075 0.554498
0.445234 0.531313
0.439224 0.511382
0.398066 0.409056
0.383065 0.456253
0.382266 0.427858
0.364437 0.457008
0.366579 0.376545
