1
500 1
-0.049556 0.496465
-0.048478 0.429404
-0.009556 0.546489
-0.024236 0.471339
-0.043981 0.391283
0.0074 0.568391
-0.009501 0.395241
0.038824 0.703026
0.080464 0.564297
0.081697 0.415839
0.044812 0.622056
0.042635 0.550295
0.055015 0.47034
0.027946 0.542745
0.016654 0.429335
-0.011931 0.31594
-0.0162 0.312644
-0.039584 0.224411
-0.029973 0.243497
-0.027702 0.144849
-0.008192 0.245564
-0.01208 0.113544
-0.019057 0.087947
-0.033883 0.072775
-0.040325 0.023884
-0.048181 -0.021253
-0.008609 0.000327
0.03333 0.146841
0.057247 0.072524
0.016052 0.279715
0.123861 -0.030896
0.134652 0.044203
0.030173 0.255702
0.011445 0.310657
0.074743 0.239823
0.047679 0.316249
0.121223 0.212656
0.10955 0.344994
0.14665 0.359438
0.143829 0.377844
0.112567 0.408777
0.176578 0.38137
0.177499 0.385845
0.13307 0.437084
0.225523 0.404836
0.298059 0.308314
0.225355 0.314368
0.214239 0.306829
0.174397 0.306339
0.157943 0.306842
0.183624 0.298695
0.21477 0.302887
0.268173 0.275107
0.21139 0.278918
0.156968 0.266223
0.149429 0.257653
0.228983 0.261427
0.232457 0.259431
0.229041 0.253152
0.283551 0.237345
0.30496 0.189625
0.267385 0.198313
0.33203 0.150118
0.293077 0.167101
0.248078 0.189811
0.244995 0.173965
0.266534 0.119229
0.236246 0.165266
0.279518 0.081087
0.214351 0.081271
0.174925 0.135676
0.17161 0.173842
0.164721 0.229231
0.131205 0.225077
0.138373 0.187893
0.135248 0.185849
0.147077 0.092142
0.207095 0.071093
0.164246 0.068736
0.158952 0.043467
0.19991 0.059454
0.179317 0.031001
0.17808 0.01324
0.28407 -0.046235
0.263479 -0.010243
0.263879 -0.000555
0.262295 0.009074
0.320106 0.005261
0.347836 0.001781
0.270067 0.049535
0.24327 0.059109
0.352246 0.021973
0.496166 -0.035214
0.511465 -0.041124
0.573492 -0.025712
0.591042 -0.024297
0.582592 -0.014809
0.600735 -0.01754
0.596115 0.011785
0.584845 0.003032
0.559445 -0.003076
0.529457 0.037278
0.490485 0.039527
0.497896 0.040994
0.490727 0.052202
0.498382 0.064407
0.363387 0.069091
0.371581 0.09055
0.347192 0.099312
0.371451 0.124334
0.448759 0.109259
0.412024 0.128222
0.412658 0.154329
0.395293 0.175042
0.342558 0.22987
0.366261 0.217973
0.340459 0.253483
0.342607 0.259257
0.364241 0.246294
0.36209 0.230463
0.391095 0.247998
0.544392 0.094859
0.659938 -0.024745
0.633792 0.00361
0.665728 -0.016132
0.663725 -0.008013
0.75295 -0.049357
0.525309 0.161501
0.552839 0.108239
0.469537 0.204971
0.490409 0.192008
0.58725 0.122343
0.493556 0.199286
0.430467 0.247625
0.412499 0.263405
0.792721 -0.013068
0.621105 0.116672
0.241697 0.404996
0.215256 0.424785
0.096338 0.516139
0.113449 0.514371
0.359421 0.324016
0.236516 0.421412
0.262396 0.401437
0.541588 0.185924
0.625313 0.142831
0.668719 0.11389
0.604566 0.140978
0.668467 0.09371
0.704118 0.066091
0.69269 0.106829
0.648634 0.142669
0.548574 0.214028
0.380425 0.327184
0.430259 0.297119
0.530335 0.231474
0.322252 0.381586
0.199443 0.460321
0.155836 0.491404
0.163805 0.491888
0.109168 0.54049
0.15494 0.512268
0.24886 0.453988
0.28832 0.422299
0.183041 0.519701
0.106136 0.603291
0.202466 0.5146
0.363443 0.38393
0.337189 0.416405
0.175671 0.570435
0.129003 0.644049
0.215752 0.588862
0.375414 0.387435
0.473542 0.300648
0.403134 0.401517
0.374486 0.42383
0.288047 0.536482
0.397669 0.455457
0.391888 0.449313
0.48573 0.379096
0.440616 0.384273
0.499766 0.368428
0.500086 0.279938
0.5167 0.290107
0.550128 0.280648
0.536418 0.253416
0.547481 0.256668
0.546162 0.247025
0.58563 0.258189
0.656165 0.166887
0.783383 0.008952
0.537165 0.330148
0.686132 0.155777
0.670005 0.185678
0.604867 0.289158
0.562193 0.315578
0.387605 0.519488
0.353966 0.578604
0.418438 0.548644
0.511772 0.426112
0.496334 0.463806
0.597199 0.305845
0.499574 0.485053
0.470908 0.537856
0.536974 0.426702
0.568031 0.37236
0.560402 0.390516
0.588127 0.3322
0.613726 0.28588
0.589783 0.342447
0.533013 0.459177
0.582317 0.371325
0.66893 0.212903
0.663133 0.2302
0.527458 0.48326
0.526306 0.490607
0.754758 0.065585
0.699294 0.178417
0.790887 0.026537
0.823549 -0.014428
0.853035 -0.013161
0.869734 -0.017537
0.915453 -0.035369
0.936589 -0.045009
0.809167 0.073388
0.792634 0.119811
0.790388 0.141986
0.781931 0.137843
0.768423 0.156569
0.754614 0.1896
0.750057 0.191808
0.711719 0.214036
0.712131 0.205235
0.686578 0.246252
0.564642 0.446757
0.598881 0.402905
0.546673 0.475352
0.550786 0.473094
0.579297 0.459756
0.606074 0.492243
0.609653 0.510341
0.556581 0.511811
0.493899 0.547837
0.549843 0.613817
0.563248 0.607281
0.568198 0.60024
0.584613 0.620312
0.588496 0.614611
0.609419 0.647188
0.612436 0.621395
0.639309 0.417711
0.641577 0.477988
0.656838 0.350207
0.62793 0.640218
0.63814 0.643036
0.680909 0.422505
0.678443 0.301299
0.682218 0.39228
0.687467 0.31865
0.687731 0.3352
0.690573 0.336717
0.679238 0.549653
0.687694 0.50399
0.688028 0.595239
0.715598 0.506863
0.706876 0.490066
0.718123 0.424307
0.741751 0.321966
0.717271 0.344902
0.741842 0.21765
0.758198 0.224744
0.768899 0.192687
0.7881 0.226509
0.797689 0.228678
0.875117 0.042793
0.851505 0.115004
0.832479 0.181979
0.766964 0.375224
0.785971 0.340398
0.833131 0.22975
0.921331 0.010681
0.933969 -0.004065
0.935464 0.03822
0.896297 0.143144
0.890898 0.087946
0.858481 0.208266
0.739802 0.508212
0.812414 0.334573
0.724035 0.612548
0.825037 0.361715
0.797533 0.443078
0.831642 0.38695
0.870356 0.31087
0.790263 0.489863
0.854549 0.365617
0.780181 0.52791
0.79873 0.502485
0.80951 0.487592
0.859322 0.362842
0.760561 0.637328
0.750634 0.673367
0.825265 0.55067
0.859254 0.488568
0.869651 0.479689
0.887664 0.405593
0.904682 0.262045
0.915654 0.193903
0.928504 0.138397
0.948766 0.054393
0.948976 0.117791
0.932971 0.233993
0.944697 0.542433
0.920713 0.561368
0.915959 0.485976
0.915523 0.469492
0.914935 0.309337
0.893501 0.432884
0.903541 0.422754
0.897812 0.53548
0.905493 0.550304
0.874338 0.605844
0.884215 0.646829
0.846487 0.628401
0.874919 0.65088
0.925782 0.662231
0.944935 0.694573
0.940779 0.718738
0.900477 0.703687
0.835731 0.671516
0.94156 0.767388
0.834611 0.701608
0.817538 0.70668
0.791546 0.716402
0.817698 0.709697
0.826894 0.732963
0.784308 0.720228
0.700352 0.711453
0.726603 0.732171
0.677443 0.743379
0.723839 0.734539
0.709749 0.74965
0.759088 0.764634
0.764782 0.765972
0.751038 0.781923
0.734933 0.791749
0.782796 0.791955
0.864269 0.761693
0.858409 0.794284
0.906475 0.815689
0.777865 0.811438
0.792301 0.814006
0.825697 0.819711
0.901514 0.831482
0.880446 0.929175
0.853702 0.940418
0.814713 0.938983
0.819262 0.91034
0.823926 0.869215
0.801125 0.939203
0.780028 0.912297
0.818337 0.82738
0.720775 0.857208
0.702779 0.879675
0.647709 0.846032
0.663738 0.781543
0.659336 0.756521
0.652338 0.750441
0.644899 0.757307
0.634729 0.867245
0.605551 0.887118
0.559542 0.93793
0.671594 0.906097
0.667053 0.933967
0.599863 0.94807
0.558599 0.938966
0.518237 0.93454
0.490321 0.922713
0.571029 0.90969
0.573142 0.898582
0.490563 0.918758
0.44218 0.916177
0.398835 0.924505
0.37706 0.925657
0.32837 0.937684
0.418713 0.941939
0.285158 0.948187
0.3193 0.937907
0.335607 0.927661
0.246301 0.923908
0.209264 0.915768
0.107955 0.914512
0.197783 0.908215
0.413565 0.896526
0.4299 0.877886
0.388201 0.884349
0.408902 0.857161
0.510057 0.840781
0.29226 0.868586
0.290471 0.865696
0.338999 0.854234
0.224909 0.859612
0.287806 0.859718
0.138582 0.864203
0.344072 0.841312
0.19319 0.855736
0.367827 0.835805
0.517892 0.817437
0.603584 0.813264
0.608432 0.779048
0.58174 0.78299
0.365581 0.818473
0.454706 0.791956
0.561461 0.77164
0.505852 0.774462
0.627696 0.747261
0.476288 0.777522
0.233612 0.825208
0.281182 0.812267
0.305151 0.796114
0.508098 0.762456
0.598759 0.740922
0.442912 0.768406
0.52974 0.751975
0.427145 0.759505
0.633758 0.716187
0.648865 0.711181
0.355874 0.762878
0.549937 0.701159
0.567353 0.694508
0.52803 0.7019
0.375973 0.743318
0.455827 0.711154
0.446267 0.707854
0.320673 0.756099
0.294994 0.760584
0.190232 0.797722
0.204315 0.778883
0.302659 0.733057
0.309267 0.730582
0.342168 0.717102
0.336602 0.718091
0.539825 0.669141
0.400193 0.679999
0.554796 0.661486
0.520064 0.661337
0.370344 0.596345
0.465137 0.646199
0.361183 0.660991
0.270244 0.667974
0.247222 0.684206
0.247385 0.682298
0.340074 0.558456
0.289057 0.611299
0.358714 0.532213
0.432229 0.457235
0.30099 0.584531
0.282359 0.606585
0.238223 0.66106
0.188498 0.731006
0.174515 0.747502
0.123951 0.807409
0.126285 0.800949
0.049639 0.890531
0.166307 0.727143
0.052929 0.86718
0.128189 0.753943
0.071973 0.820847
-0.011345 0.908929
0.03899 0.85356
-0.023726 0.910127
-0.003928 0.87047
0.073438 0.795279
0.049201 0.816731
-0.013896 0.85602
0.005245 0.810053
-0.004198 0.811585
0.066879 0.729343
0.096843 0.697744
0.106099 0.706382
0.224155 0.606814
0.200687 0.631153
0.081479 0.739645
0.049664 0.787788
0.129457 0.734659
0.152675 0.703922
0.227352 0.6285
0.238989 0.60593
0.249433 0.58679
0.265062 0.572701
0.29776 0.533525
0.033837 0.729216
0.022649 0.736278
0.004993 0.693917
-0.031606 0.764411
-0.029081 0.6753
-0.021493 0.677143
-0.026021 0.596435
-0.027021 0.565225
-0.014814 0.58374
-0.006022 0.603633
