1
500 1
-0.247931 -0.021684
-0.230966 -0.053188
0.022073 -0.124269
0.100321 -0.161487
0.109936 -0.164162
0.177948 -0.184393
0.175827 -0.184762
-0.135039 -0.116318
0.130393 -0.184041
-0.239392 -0.122908
-0.196184 -0.131488
-0.172461 -0.14043
0.041173 -0.174349
-0.078673 -0.177472
-0.069287 -0.192368
-0.241791 -0.219904
-0.08706 -0.204056
-0.124814 -0.203709
0.048682 -0.20478
0.150782 -0.197674
0.253052 -0.204459
0.124358 -0.210562
0.125129 -0.211527
-0.152737 -0.228557
-0.051473 -0.232114
0.031857 -0.247598
0.173084 -0.241209
0.227998 -0.231801
0.365592 -0.229389
0.358613 -0.225163
0.360924 -0.209863
0.338789 -0.171431
0.341133 -0.172323
0.433943 -0.229127
0.354037 -0.17049
0.437444 -0.208296
0.469889 -0.240389
0.478777 -0.247795
0.501235 -0.248134
0.649518 -0.242442
0.679248 -0.249113
0.666668 -0.218714
0.658307 -0.170371
0.696009 -0.169454
0.716017 -0.206773
0.736987 -0.201153
0.744534 -0.0037
0.746618 0.043317
0.744743 0.135818
0.729603 0.004171
0.725467 -0.042117
0.714469 -0.047899
0.710549 -0.032412
0.708898 -0.027718
0.68698 -0.080086
0.676275 -0.084075
0.735632 0.159474
0.745749 0.290237
0.733129 0.274147
0.731181 0.339812
0.721493 0.300136
0.715159 0.343376
0.710992 0.34818
0.716281 0.356045
0.705015 0.410443
0.696936 0.401708
0.703136 0.277188
0.69415 0.342698
0.673774 0.164826
0.682968 0.17281
0.673746 0.11266
0.688815 0.042537
0.625708 -0.204803
0.651012 0.035559
0.634527 -0.072084
0.626612 -0.076598
0.621439 -0.053173
0.614283 -0.139971
0.598531 -0.143488
0.608935 -0.168835
0.59981 -0.174651
0.584183 -0.174405
0.636655 0.044894
0.639781 0.060904
0.668923 0.201579
0.657629 0.17859
0.600868 -0.050012
0.599686 -0.049192
0.587764 -0.038451
0.562323 -0.108594
0.595039 -0.007238
0.551398 -0.117737
0.578577 -0.025099
0.577789 -0.024368
0.498589 -0.176977
0.51576 -0.105537
0.441383 -0.181925
0.51351 -0.069242
0.496342 -0.079669
0.492044 -0.084851
0.504687 -0.05856
0.510166 -0.046705
0.397501 -0.168651
0.467731 -0.056819
0.474642 -0.040946
0.559477 0.096848
0.555755 0.05777
0.575373 0.037554
0.624345 0.165148
0.676087 0.309119
0.662182 0.307277
0.628728 0.259625
0.611007 0.224693
0.626349 0.260455
0.695754 0.419151
0.689324 0.417868
0.628502 0.317822
0.629901 0.303994
0.396811 -0.120238
0.376384 -0.137929
0.54365 0.160353
0.421788 -0.050642
0.512011 0.120069
0.456598 0.033697
0.386598 -0.072084
0.332785 -0.145301
0.38736 -0.010222
0.325437 -0.134958
0.336101 -0.109519
0.347628 -0.081372
0.439578 0.100668
0.46281 0.102302
0.521891 0.208206
0.551942 0.260404
0.507991 0.143989
0.541995 0.222011
0.570391 0.284772
0.564435 0.26416
0.59479 0.330996
0.61177 0.359915
0.693507 0.479191
0.593317 0.341544
0.384902 0.040496
0.423119 0.113723
0.533127 0.263643
0.517896 0.258941
0.56312 0.314064
0.518669 0.264243
0.440164 0.149671
0.402532 0.096894
0.418459 0.127384
0.405144 0.110948
0.387396 0.097809
0.371188 0.104497
0.354476 0.087309
0.366569 0.052086
0.301574 -0.04657
0.278813 0.000519
0.313602 -0.11286
0.281441 -0.03636
0.324097 -0.207931
0.261711 -0.028769
0.206879 -0.117568
0.241872 -0.033247
0.265189 0.004662
0.245806 0.308372
0.279101 0.181638
0.253475 0.294732
0.252117 0.351797
0.261234 0.405028
0.273923 0.343659
0.276297 0.438502
0.285868 0.317737
0.290845 0.152727
0.393957 0.17004
0.290793 0.327323
0.4325 0.276272
0.442181 0.266412
0.40329 0.335577
0.378221 0.383116
0.322497 0.466842
0.340701 0.453405
0.360953 0.429
0.435955 0.329735
0.438304 0.360287
0.320678 0.511168
0.364207 0.461868
0.375922 0.448317
0.349483 0.489933
0.346239 0.502442
0.444653 0.422177
0.460204 0.280477
0.459717 0.351735
0.472874 0.32974
0.490502 0.3571
0.476712 0.369743
0.454728 0.420481
0.469067 0.431982
0.525343 0.406861
0.536237 0.363266
0.570451 0.405682
0.5951 0.397224
0.599281 0.394814
0.553544 0.34947
0.615902 0.406981
0.625691 0.414122
0.647043 0.439389
0.720349 0.517164
0.748328 0.565983
0.667198 0.506103
0.747417 0.610046
0.741672 0.662407
0.739934 0.675601
0.699367 0.664831
0.710972 0.73768
0.692016 0.749699
0.676058 0.716841
0.660938 0.666642
0.690881 0.594885
0.624637 0.544563
0.625197 0.509208
0.597494 0.453556
0.570143 0.487036
0.59228 0.541964
0.602287 0.510576
0.636717 0.714494
0.644241 0.746551
0.60092 0.671603
0.587395 0.693928
0.595077 0.69171
0.619596 0.714776
0.572992 0.713363
0.586045 0.65552
0.517089 0.732034
0.480049 0.723801
0.443824 0.745688
0.47205 0.7165
0.526424 0.659135
0.381163 0.745307
0.354066 0.70698
0.322534 0.704702
0.470749 0.660609
0.570072 0.5888
0.502067 0.624956
0.559962 0.566725
0.531835 0.522039
0.454928 0.581768
0.404694 0.626157
0.450721 0.588711
0.388776 0.661031
0.321206 0.69773
0.272305 0.742178
0.342299 0.662581
0.539268 0.466493
0.43865 0.556543
0.52236 0.476305
0.497789 0.464031
0.423983 0.544185
0.399906 0.586475
0.39232 0.576287
0.398057 0.560714
0.417474 0.504015
0.32862 0.531793
0.318751 0.573958
0.344162 0.616884
0.329277 0.637026
0.320876 0.649868
0.278423 0.551091
0.28445 0.569672
0.30614 0.655663
0.312013 0.679156
0.280064 0.721952
0.272253 0.729719
0.274839 0.583136
0.271903 0.547822
0.267154 0.667118
0.267272 0.705743
0.265239 0.725656
0.240203 0.554627
0.225199 0.373067
0.221241 0.421887
0.239572 0.748857
0.223849 0.658609
0.21714 0.725081
0.1988 0.742287
0.197471 0.644471
0.211258 0.49818
0.177734 0.617494
0.170048 0.649925
0.139575 0.69561
0.150873 0.61522
0.191132 0.524276
0.179611 0.493768
0.193216 0.434573
0.23742 0.226726
0.209793 0.24054
0.224872 0.212217
0.225217 0.14007
0.22348 0.1471
0.220449 0.154686
0.199244 0.229808
0.165187 0.354438
0.179642 0.171152
0.176968 0.174284
0.186821 0.080036
0.187859 0.042585
0.179558 0.013293
0.11459 0.106563
0.171381 0.121595
0.113452 0.138735
0.134567 0.196239
0.151143 0.323147
0.124504 0.226988
0.140597 0.303585
0.149987 0.334057
0.143004 0.378326
0.123563 0.250834
0.13954 0.453019
0.153085 0.508368
0.111824 0.680837
0.097124 0.549473
0.080943 0.517519
0.051637 0.425145
0.071258 0.425276
0.051302 0.343806
0.101871 0.34593
0.083855 0.31301
0.09921 0.192521
0.090282 0.176799
0.073924 0.193941
0.060035 0.238335
0.081679 0.114043
0.018245 0.250987
0.045393 0.269523
0.023356 0.305344
0.019499 0.328091
0.041304 0.452033
0.060997 0.55345
0.036146 0.505361
0.036944 0.547298
0.04099 0.626345
0.016941 0.504112
0.021287 0.605792
0.000657 0.382285
-0.002401 0.342412
-0.000141 0.406646
-0.001541 0.397563
-0.016286 0.331981
-0.018687 0.342868
-0.011973 0.467834
-0.020857 0.511617
-0.048291 0.456893
-0.076447 0.479954
-0.058065 0.520682
-0.033743 0.54601
-0.022041 0.584522
0.042398 0.661933
0.073421 0.683813
0.049161 0.675335
0.054421 0.683233
-0.022989 0.596407
-0.013599 0.622065
-0.014203 0.639341
-0.032231 0.595508
-0.026258 0.615833
-0.03833 0.611842
-0.049754 0.63124
-0.132963 0.646989
-0.139714 0.658942
-0.152736 0.669036
-0.09668 0.661914
-0.092363 0.689281
-0.056339 0.663534
-0.056374 0.649361
-0.05275 0.652263
-0.035217 0.659844
0.005877 0.713314
-0.093064 0.70412
-0.062449 0.721903
0.007582 0.728044
0.006848 0.741842
-0.16537 0.727759
-0.184399 0.748135
-0.185234 0.709998
-0.128319 0.507298
-0.113174 0.452994
-0.08142 0.45033
-0.061906 0.417067
-0.031893 0.361249
0.019788 0.223353
0.084356 0.063869
-0.071327 0.362193
-0.097031 0.410466
0.07878 0.065185
0.047312 0.108527
-0.068763 0.334601
0.05144 0.088401
0.016188 0.149418
-0.047827 0.249377
-0.081604 0.341159
-0.110113 0.351253
-0.115389 0.406625
-0.133455 0.453773
-0.142215 0.429428
-0.136836 0.512157
-0.16037 0.59721
-0.178402 0.643771
-0.176471 0.619064
-0.220408 0.650051
-0.171174 0.503738
-0.173386 0.503811
-0.233277 0.620903
-0.217209 0.499443
-0.18994 0.45953
-0.16145 0.423333
-0.113803 0.305937
-0.102855 0.271123
-0.160348 0.333309
-0.15425 0.348056
-0.169685 0.362965
-0.183741 0.376971
-0.175294 0.324061
-0.172675 0.289132
-0.176989 0.294174
-0.184965 0.328893
-0.212071 0.366835
-0.227342 0.411496
-0.223798 0.328025
-0.21637 0.284056
-0.243895 0.30751
-0.215741 0.211662
-0.23539 0.130091
-0.228562 0.084251
-0.230186 0.042713
-0.222798 0.078828
-0.213055 0.092711
-0.192063 0.105277
-0.180303 0.096082
-0.07194 0.035669
-0.072202 0.070986
-0.093175 0.123049
-0.108498 0.097057
-0.0834 0.144704
-0.108812 0.113177
-0.09884 0.148912
-0.100246 0.152722
-0.116657 0.170544
-0.053479 0.209887
-0.04272 0.122486
-0.049281 0.032473
-0.032139 0.167418
-0.03368 0.017838
0.016159 0.033624
0.010937 0.03874
-0.02516 0.076078
-0.000432 0.062526
-0.00562 0.095188
0.0493 -0.020836
0.050645 -0.022933
0.092001 -0.059727
0.101862 -0.064318
0.033703 0.082012
0.05383 0.040839
0.071993 0.001536
0.048959 0.054942
0.075539 0.048946
0.126542 -0.033581
0.157355 -0.059203
0.154455 -0.095257
0.217463 -0.166883
0.162723 -0.112722
0.139142 -0.109873
0.103176 -0.088472
-0.006973 -0.016504
0.074642 -0.079276
-0.010461 -0.05013
-0.026546 -0.026018
-0.056247 -0.05002
-0.053074 -0.031632
-0.18863 -0.007916
-0.073134 -0.00087
-0.183831 0.078163
-0.197315 -0.01639
-0.215547 0.033695
-0.201207 -0.026042
-0.03166 -0.072413
-0.076898 -0.058696
-0.134599 -0.042318
-0.147229 -0.038499
0.00308 -0.075385
0.091913 -0.107871
0.090725 -0.094532
0.217541 -0.17617
0.185414 -0.162611
0.150247 -0.149
0.038676 -0.108337
0.048336 -0.12276
0.133391 -0.158194
-0.0202 -0.099945
-0.18073 -0.041323
