1
500 1
0.113911 0.59625
0.144696 0.702865
0.122187 0.582679
0.197925 0.633342
0.173596 0.574483
0.135312 0.568629
0.128731 0.527356
0.154617 0.543342
0.129276 0.482686
0.306845 0.644182
0.354229 0.686558
0.32361 0.63924
0.212442 0.529729
0.218446 0.53034
0.21885 0.525996
0.279226 0.589195
0.167004 0.459752
0.185488 0.466587
0.189514 0.465312
0.257169 0.538327
0.259826 0.540314
0.344513 0.634819
0.365191 0.633927
0.385438 0.637509
0.365607 0.615433
0.355601 0.604445
0.410933 0.648164
0.420763 0.651103
0.436162 0.634927
0.341389 0.563806
0.281708 0.539143
0.264237 0.521192
0.269541 0.517758
0.240262 0.517501
0.156999 0.411165
0.207822 0.445354
0.237477 0.474247
0.174866 0.400671
0.17422 0.382359
0.203311 0.389141
0.253611 0.472178
0.249714 0.45241
0.284475 0.507926
0.251964 0.44635
0.233048 0.328933
0.366992 0.529386
0.40113 0.577591
0.36271 0.51468
0.283724 0.397735
0.24323 0.327967
0.241927 0.305823
0.381927 0.540674
0.361377 0.495246
0.454728 0.64698
0.541146 0.78136
0.299819 0.394801
0.381354 0.511507
0.240344 0.295188
0.322821 0.415591
0.240478 0.286738
0.23469 0.276045
0.272833 0.293184
0.376747 0.480698
0.415434 0.55051
0.5164 0.726239
0.597247 0.867649
0.488784 0.653067
0.290111 0.307814
0.303386 0.315598
0.327603 0.353568
0.435321 0.552478
0.381111 0.441643
0.428575 0.486342
0.378835 0.434426
0.386538 0.43325
0.376412 0.420901
0.434871 0.477838
0.398505 0.409226
0.385363 0.388191
0.402424 0.357009
0.419718 0.349871
0.432577 0.397455
0.449099 0.442513
0.422091 0.339189
0.437152 0.374848
0.42517 0.327592
0.441488 0.319693
0.460667 0.297877
0.380062 0.293272
0.368781 0.312446
0.304403 0.297201
0.316646 0.279348
0.349497 0.23988
0.299998 0.279451
0.303975 0.218295
0.315356 0.20293
0.351866 0.169734
0.40321 0.17566
0.393307 0.213198
0.41328 0.199925
0.43609 0.241614
0.422584 0.200372
0.419976 0.1504
0.461911 0.144594
0.452271 0.205881
0.46703 0.306514
0.488022 0.35278
0.478998 0.244116
0.477501 0.215776
0.485875 0.254477
0.496094 0.260633
0.485212 0.152431
0.482454 0.12523
0.542639 0.143378
0.538301 0.174734
0.504755 0.320571
0.532984 0.238004
0.553894 0.158616
0.542452 0.222025
0.513437 0.365249
0.516182 0.390382
0.553697 0.195955
0.569426 0.228475
0.590039 0.182215
0.595502 0.253702
0.596464 0.267671
0.573761 0.3042
0.600128 0.328226
0.601572 0.36473
0.608769 0.376336
0.602817 0.389775
0.597079 0.378071
0.595883 0.421638
0.573145 0.530119
0.559262 0.549462
0.559503 0.543895
0.549034 0.548034
0.582565 0.329764
0.53492 0.388987
0.553307 0.453138
0.546466 0.488348
0.544076 0.526966
0.514497 0.511453
0.518494 0.451009
0.512275 0.516815
0.514478 0.523957
0.483222 0.546431
0.513658 0.584313
0.482807 0.562245
0.493918 0.581316
0.503898 0.623861
0.528718 0.643714
0.525652 0.706095
0.536888 0.711024
0.529178 0.724411
0.532841 0.731158
0.590113 0.517824
0.58188 0.588437
0.578326 0.792212
0.59089 0.686594
0.58368 0.812162
0.597823 0.657262
0.610285 0.435189
0.611857 0.460778
0.597651 0.792796
0.601923 0.854277
0.605673 0.78589
0.630637 0.902905
0.628021 0.848203
0.618209 0.499312
0.623117 0.591823
0.637064 0.851571
0.646487 0.939746
0.644454 0.867426
0.642314 0.781202
0.632688 0.644327
0.624152 0.538245
0.616563 0.391185
0.599105 0.235952
0.605897 0.278659
0.59817 0.146446
0.5989 0.153908
0.599221 0.155916
0.598002 0.131898
0.602817 0.126083
0.603 0.168385
0.610328 0.286753
0.62746 0.324791
0.631852 0.294802
0.637326 0.283908
0.650563 0.379392
0.658265 0.455012
0.662856 0.422878
0.685453 0.585667
0.685064 0.570876
0.657312 0.367684
0.678569 0.458503
0.684403 0.501091
0.704643 0.569145
0.711749 0.524296
0.700395 0.515488
0.743044 0.536078
0.745647 0.508736
0.697723 0.505016
0.696441 0.471614
0.705269 0.392658
0.703646 0.390708
0.691581 0.337107
0.692864 0.323838
0.681904 0.275957
0.667293 0.380754
0.659509 0.361262
0.646357 0.267466
0.620553 0.109439
0.63462 0.136138
0.619927 0.102235
0.689762 0.152039
0.713371 0.169796
0.68666 0.144437
0.671435 0.112975
0.706598 0.137811
0.774908 0.190985
0.774561 0.200899
0.76066 0.199345
0.732533 0.205762
0.739319 0.216558
0.717965 0.238302
0.70869 0.247149
0.713249 0.273248
0.66004 0.187831
0.708579 0.30162
0.688876 0.244438
0.725729 0.296143
0.753439 0.391933
0.790886 0.301365
0.756871 0.296834
0.845067 0.275365
0.813882 0.335148
0.821514 0.339809
0.777428 0.405827
0.810393 0.386376
0.823556 0.366106
0.827831 0.343228
0.848535 0.341947
0.87023 0.314439
0.844397 0.356054
0.916611 0.255665
0.867224 0.218282
0.881185 0.221305
0.793846 0.140519
0.942317 0.245138
0.927094 0.273671
0.854699 0.367266
0.85164 0.386576
0.845682 0.411694
0.815361 0.447166
0.799953 0.477127
0.79297 0.49529
0.846273 0.436825
0.856659 0.385748
0.856322 0.427341
0.884181 0.394948
0.943416 0.272882
0.886447 0.424106
0.928577 0.335652
0.918509 0.378327
0.925338 0.369324
0.943077 0.346715
0.92246 0.394148
0.906434 0.423734
0.861842 0.486983
0.900242 0.519128
0.894313 0.475132
0.940263 0.416984
0.944808 0.460398
0.947367 0.473361
0.981396 0.470161
0.995821 0.478622
0.983202 0.39517
0.975521 0.416745
0.969641 0.311543
0.977454 0.341086
0.970808 0.273724
0.975852 0.282278
0.990755 0.323101
1.00341 0.362843
1.01713 0.341713
1.00536 0.446671
1.02494 0.427316
1.02203 0.450883
0.983671 0.528254
1.00037 0.521492
1.00684 0.513074
1.03418 0.505329
1.03837 0.4497
1.06225 0.425273
1.06995 0.491659
1.05823 0.506274
0.991677 0.541319
1.07631 0.511861
1.08505 0.528328
1.09065 0.510572
1.08475 0.583386
0.912576 0.567514
0.873874 0.575694
0.884257 0.57786
1.06892 0.593737
0.860011 0.600803
0.983467 0.619253
0.973878 0.627866
0.974368 0.670758
1.00816 0.670764
1.09104 0.670458
0.98166 0.697038
0.869613 0.632994
0.944145 0.689667
0.773584 0.623829
0.945719 0.694218
0.893962 0.678748
0.858405 0.668305
0.792632 0.645158
0.793465 0.642843
0.748197 0.625325
0.675599 0.637427
0.66156 0.65671
0.678645 0.657678
0.701259 0.701852
0.679591 0.720567
0.687779 0.72538
0.713234 0.70848
0.763106 0.695097
0.795985 0.679119
0.827179 0.667536
0.873828 0.711088
0.873929 0.714074
0.805643 0.723321
0.713906 0.736591
0.860575 0.720226
0.90383 0.722282
0.731957 0.746319
0.863126 0.73957
0.938268 0.734113
0.706758 0.762447
0.852995 0.753232
0.673784 0.769181
0.68269 0.775241
0.95307 0.746007
0.863565 0.76061
1.06857 0.733485
1.0354 0.749625
0.658642 0.79546
0.688153 0.801427
0.681656 0.81258
0.752676 0.793047
0.772291 0.804241
0.813602 0.818795
0.796631 0.806451
0.843759 0.799389
0.973042 0.802487
1.02401 0.837885
0.947982 0.847098
0.887508 0.839087
0.779284 0.835807
0.92327 0.858458
0.801718 0.85815
0.757968 0.851577
0.831164 0.892461
0.808449 0.899966
0.794138 0.905995
0.745355 0.918559
0.735134 0.936645
0.681268 0.853702
0.67087 0.839791
0.668283 0.851602
0.672875 0.887893
0.684785 0.956366
1.0197 0.851013
0.93339 0.939967
0.825441 1.0267
0.894886 0.955004
0.878903 0.963444
0.854663 0.984061
0.886703 0.94957
0.928498 0.905016
0.957702 0.878898
0.883021 0.927439
0.878192 0.919732
0.811454 1.02685
0.824069 1.00158
0.79432 1.01541
0.751767 1.06365
0.747875 1.06534
0.751981 1.03357
0.770145 0.992495
0.782951 1.00156
0.816522 0.950101
0.79169 0.962469
0.816765 0.934701
0.866315 0.909801
0.88915 0.898839
0.782872 0.943966
0.708827 0.957814
0.676635 0.989688
0.467688 0.689929
0.46464 0.697241
0.538104 0.807346
0.525442 0.794809
0.536017 0.834476
0.596064 0.921464
0.590713 0.887314
0.62363 0.930832
0.673706 1.00298
0.681281 1.09314
0.649578 1.05517
0.56437 0.927699
0.552321 0.898223
0.564548 0.914907
0.586645 0.935773
0.511774 0.800508
0.485457 0.803454
0.456407 0.780652
0.459143 0.877205
0.464348 0.798628
0.482922 0.919307
0.478309 0.946445
0.554814 0.975298
0.626268 1.03518
0.559151 1.07214
0.537502 1.08199
0.502156 1.05331
0.480456 1.02827
0.489053 1.07088
0.480324 1.05268
0.455189 0.996502
0.474915 1.07773
0.450987 1.04888
0.437809 1.06357
0.448684 0.906389
0.439263 0.957452
0.445719 0.877676
0.433388 0.985906
0.449453 0.795945
0.391171 0.882561
0.383881 0.865257
0.429405 0.761469
0.30233 0.663956
0.24126 0.610949
0.315805 0.693639
0.348448 0.71509
0.333234 0.710919
0.358372 0.731273
0.424021 0.767416
0.368083 0.756045
0.405911 0.777654
0.385509 0.77095
0.319794 0.747005
0.254147 0.665602
0.217376 0.640535
0.236187 0.718263
0.263336 0.711476
0.381175 0.846367
0.37486 0.845918
0.373329 0.858756
0.298666 0.779919
0.242643 0.73347
0.224755 0.725247
0.245136 0.754429
0.350965 0.859601
0.348825 0.86278
0.348598 0.881311
0.388851 0.94362
0.410214 0.968719
0.331336 0.906842
0.304516 0.864107
0.326674 0.933574
0.325323 0.940078
0.334929 0.991869
0.319194 1.0024
0.285591 0.923706
0.283672 0.919736
0.272226 0.975341
0.286136 0.869369
0.283661 0.859734
0.280327 0.836675
0.253074 0.843976
0.227308 0.807672
0.208208 0.739116
0.209716 0.884432
0.207761 0.886798
0.176744 0.833697
0.193464 0.818529
0.183933 0.783658
0.196363 0.639051
0.155333 0.624762
0.165958 0.732314
0.158218 0.711298
0.154583 0.697757
0.165815 0.824097
0.114578 0.622183
0.131004 0.661985
